"PreSens Measurement Studio 2","2.1.0.383",""
"Date","Time","Channel","User","SensorID","Sensor_Name","delta_t","Time_Unit","Value","O2_Unit","Mode","Phase","Phase_Unit","Amplitude","Amplitude_Unit","Temp","Temp_Unit","Pressure","Pressure_Unit","Salinity","Salinity_Unit","Error","Cal0","Cal0_Unit","T0","T0_Unit","O2Cal2nd","O2_Unit","Cal2nd","Cal2nd_Unit","T2nd","T2nd_Unit","CalPressure","CalPressure_Unit","f1","dPhi1","dkSv1","dPhi2","dkSv2","m","Cal_Mode","SignalLEDCurrent","User_Signal_Intensity","ReferenceLEDCurrent","Reference_Amplitude","Device_Serial","FwVersion","SwVersion","Sensor_Type","BatchID","Calibration_Date","Sensor_Lot","PreSens_Calibr","Battery_Voltage","Battery_Voltage_Unit"
"08/23/2019","12:36:00","1","default","104940808","OXY1","0.000","min","173.651","μmol/L","Humid","21.146","deg","92535","µV","31.073","°C","1021.000","hPa","36.0","pmil","0","55.680","deg","20.000","°C","100.000","%a.s.","22.210","deg","20.000","°C","971.000","hPa","0.826","-0.01532","0.000401","-0.00012","0","11.08","Humid","26.60","0","20.10","232238.91","SABD0002000011","AAV2.0.0.13","2.1.0.383","PSt7-10","171027-000","6/27/2018 9:55:33 AM","0000-00","0","no battery","V"
"08/23/2019","12:36:01","1","default","104940808","OXY1","0.010","min","173.647","μmol/L","Humid","21.149","deg","92501","µV","31.067","°C","1022.000","hPa","36.0","pmil","0","55.680","deg","20.000","°C","100.000","%a.s.","22.210","deg","20.000","°C","971.000","hPa","0.826","-0.01532","0.000401","-0.00012","0","11.08","Humid","26.60","0","20.10","232163.87","SABD0002000011","AAV2.0.0.13","2.1.0.383","PSt7-10","171027-000","6/27/2018 9:55:33 AM","0000-00","0","no battery","V"
"08/23/2019","12:36:02","1","default","104940808","OXY1","0.027","min","173.605","μmol/L","Humid","21.149","deg","92493","µV","31.073","°C","1021.000","hPa","36.0","pmil","0","55.680","deg","20.000","°C","100.000","%a.s.","22.210","deg","20.000","°C","971.000","hPa","0.826","-0.01532","0.000401","-0.00012","0","11.08","Humid","26.60","0","20.10","232128.21","SABD0002000011","AAV2.0.0.13","2.1.0.383","PSt7-10","171027-000","6/27/2018 9:55:33 AM","0000-00","0","no battery","V"
"08/23/2019","12:36:03","1","default","104940808","OXY1","0.044","min","173.574","μmol/L","Humid","21.151","deg","92494","µV","31.073","°C","1021.000","hPa","36.0","pmil","0","55.680","deg","20.000","°C","100.000","%a.s.","22.210","deg","20.000","°C","971.000","hPa","0.826","-0.01532","0.000401","-0.00012","0","11.08","Humid","26.60","0","20.10","232097.96","SABD0002000011","AAV2.0.0.13","2.1.0.383","PSt7-10","171027-000","6/27/2018 9:55:33 AM","0000-00","0","no battery","V"
"08/23/2019","12:36:04","1","default","104940808","OXY1","0.061","min","173.528","μmol/L","Humid","21.154","deg","92480","µV","31.073","°C","1021.000","hPa","36.0","pmil","0","55.680","deg","20.000","°C","100.000","%a.s.","22.210","deg","20.000","°C","971.000","hPa","0.826","-0.01532","0.000401","-0.00012","0","11.08","Humid","26.60","0","20.10","232080.37","SABD0002000011","AAV2.0.0.13","2.1.0.383","PSt7-10","171027-000","6/27/2018 9:55:33 AM","0000-00","0","no battery","V"
"08/23/2019","12:36:05","1","default","104940808","OXY1","0.077","min","173.624","μmol/L","Humid","21.150","deg","92470","µV","31.067","°C","1021.000","hPa","36.0","pmil","0","55.680","deg","20.000","°C","100.000","%a.s.","22.210","deg","20.000","°C","971.000","hPa","0.826","-0.01532","0.000401","-0.00012","0","11.08","Humid","26.60","0","20.10","232062.41","SABD0002000011","AAV2.0.0.13","2.1.0.383","PSt7-10","171027-000","6/27/2018 9:55:33 AM","0000-00","0","no battery","V"
"08/23/2019","12:36:06","1","default","104940808","OXY1","0.094","min","173.665","μmol/L","Humid","21.150","deg","92477","µV","31.061","°C","1022.000","hPa","36.0","pmil","0","55.680","deg","20.000","°C","100.000","%a.s.","22.210","deg","20.000","°C","971.000","hPa","0.826","-0.01532","0.000401","-0.00012","0","11.08","Humid","26.60","0","20.10","232041.35","SABD0002000011","AAV2.0.0.13","2.1.0.383","PSt7-10","171027-000","6/27/2018 9:55:33 AM","0000-00","0","no battery","V"
"08/23/2019","12:36:07","1","default","104940808","OXY1","0.110","min","173.570","μmol/L","Humid","21.154","deg","92461","µV","31.067","°C","1022.000","hPa","36.0","pmil","0","55.680","deg","20.000","°C","100.000","%a.s.","22.210","deg","20.000","°C","971.000","hPa","0.826","-0.01532","0.000401","-0.00012","0","11.08","Humid","26.60","0","20.10","232031.44","SABD0002000011","AAV2.0.0.13","2.1.0.383","PSt7-10","171027-000","6/27/2018 9:55:33 AM","0000-00","0","no battery","V"
"08/23/2019","12:36:08","1","default","104940808","OXY1","0.127","min","173.624","μmol/L","Humid","21.150","deg","92459","µV","31.067","°C","1021.000","hPa","36.0","pmil","0","55.680","deg","20.000","°C","100.000","%a.s.","22.210","deg","20.000","°C","971.000","hPa","0.826","-0.01532","0.000401","-0.00012","0","11.08","Humid","26.60","0","20.10","232008.69","SABD0002000011","AAV2.0.0.13","2.1.0.383","PSt7-10","171027-000","6/27/2018 9:55:33 AM","0000-00","0","no battery","V"
"08/23/2019","12:36:09","1","default","104940808","OXY1","0.143","min","173.577","μmol/L","Humid","21.153","deg","92459","µV","31.067","°C","1021.000","hPa","36.0","pmil","0","55.680","deg","20.000","°C","100.000","%a.s.","22.210","deg","20.000","°C","971.000","hPa","0.826","-0.01532","0.000401","-0.00012","0","11.08","Humid","26.60","0","20.10","232005.16","SABD0002000011","AAV2.0.0.13","2.1.0.383","PSt7-10","171027-000","6/27/2018 9:55:33 AM","0000-00","0","no battery","V"
"08/23/2019","12:36:10","1","default","104940808","OXY1","0.160","min","173.509","μmol/L","Humid","21.153","deg","92449","µV","31.079","°C","1021.000","hPa","36.0","pmil","0","55.680","deg","20.000","°C","100.000","%a.s.","22.210","deg","20.000","°C","971.000","hPa","0.826","-0.01532","0.000401","-0.00012","0","11.08","Humid","26.60","0","20.10","231984.31","SABD0002000011","AAV2.0.0.13","2.1.0.383","PSt7-10","171027-000","6/27/2018 9:55:33 AM","0000-00","0","no battery","V"
"08/23/2019","12:36:11","1","default","104940808","OXY1","0.177","min","173.536","μmol/L","Humid","21.154","deg","92449","µV","31.073","°C","1022.000","hPa","36.0","pmil","0","55.680","deg","20.000","°C","100.000","%a.s.","22.210","deg","20.000","°C","971.000","hPa","0.826","-0.01532","0.000401","-0.00012","0","11.08","Humid","26.60","0","20.10","231982.92","SABD0002000011","AAV2.0.0.13","2.1.0.383","PSt7-10","171027-000","6/27/2018 9:55:33 AM","0000-00","0","no battery","V"
"08/23/2019","12:36:12","1","default","104940808","OXY1","0.194","min","173.608","μmol/L","Humid","21.151","deg","92451","µV","31.067","°C","1021.000","hPa","36.0","pmil","0","55.680","deg","20.000","°C","100.000","%a.s.","22.210","deg","20.000","°C","971.000","hPa","0.826","-0.01532","0.000401","-0.00012","0","11.08","Humid","26.60","0","20.10","231976.32","SABD0002000011","AAV2.0.0.13","2.1.0.383","PSt7-10","171027-000","6/27/2018 9:55:33 AM","0000-00","0","no battery","V"
"08/23/2019","12:36:13","1","default","104940808","OXY1","0.210","min","173.608","μmol/L","Humid","21.151","deg","92445","µV","31.067","°C","1021.000","hPa","36.0","pmil","0","55.680","deg","20.000","°C","100.000","%a.s.","22.210","deg","20.000","°C","971.000","hPa","0.826","-0.01532","0.000401","-0.00012","0","11.08","Humid","26.60","0","20.10","231959.93","SABD0002000011","AAV2.0.0.13","2.1.0.383","PSt7-10","171027-000","6/27/2018 9:55:33 AM","0000-00","0","no battery","V"
"08/23/2019","12:36:14","1","default","104940808","OXY1","0.227","min","173.627","μmol/L","Humid","21.152","deg","92448","µV","31.061","°C","1021.000","hPa","36.0","pmil","0","55.680","deg","20.000","°C","100.000","%a.s.","22.210","deg","20.000","°C","971.000","hPa","0.826","-0.01532","0.000401","-0.00012","0","11.08","Humid","26.60","0","20.10","231956.49","SABD0002000011","AAV2.0.0.13","2.1.0.383","PSt7-10","171027-000","6/27/2018 9:55:33 AM","0000-00","0","no battery","V"
"08/23/2019","12:36:15","1","default","104940808","OXY1","0.244","min","173.611","μmol/L","Humid","21.153","deg","92445","µV","31.061","°C","1021.000","hPa","36.0","pmil","0","55.680","deg","20.000","°C","100.000","%a.s.","22.210","deg","20.000","°C","971.000","hPa","0.826","-0.01532","0.000401","-0.00012","0","11.08","Humid","26.60","0","20.10","231939.54","SABD0002000011","AAV2.0.0.13","2.1.0.383","PSt7-10","171027-000","6/27/2018 9:55:33 AM","0000-00","0","no battery","V"
"08/23/2019","12:36:16","1","default","104940808","OXY1","0.261","min","173.630","μmol/L","Humid","21.154","deg","92443","µV","31.055","°C","1021.000","hPa","36.0","pmil","0","55.680","deg","20.000","°C","100.000","%a.s.","22.210","deg","20.000","°C","971.000","hPa","0.826","-0.01532","0.000401","-0.00012","0","11.08","Humid","26.60","0","20.10","231950.77","SABD0002000011","AAV2.0.0.13","2.1.0.383","PSt7-10","171027-000","6/27/2018 9:55:33 AM","0000-00","0","no battery","V"
"08/23/2019","12:36:17","1","default","104940808","OXY1","0.277","min","173.531","μmol/L","Humid","21.156","deg","92450","µV","31.067","°C","1021.000","hPa","36.0","pmil","0","55.680","deg","20.000","°C","100.000","%a.s.","22.210","deg","20.000","°C","971.000","hPa","0.826","-0.01532","0.000401","-0.00012","0","11.08","Humid","26.60","0","20.10","231934.57","SABD0002000011","AAV2.0.0.13","2.1.0.383","PSt7-10","171027-000","6/27/2018 9:55:33 AM","0000-00","0","no battery","V"
"08/23/2019","12:36:18","1","default","104940808","OXY1","0.293","min","173.599","μmol/L","Humid","21.156","deg","92449","µV","31.055","°C","1021.000","hPa","36.0","pmil","0","55.680","deg","20.000","°C","100.000","%a.s.","22.210","deg","20.000","°C","971.000","hPa","0.826","-0.01532","0.000401","-0.00012","0","11.08","Humid","26.60","0","20.10","231922.46","SABD0002000011","AAV2.0.0.13","2.1.0.383","PSt7-10","171027-000","6/27/2018 9:55:33 AM","0000-00","0","no battery","V"
"08/23/2019","12:36:19","1","default","104940808","OXY1","0.310","min","173.543","μmol/L","Humid","21.153","deg","92440","µV","31.073","°C","1021.000","hPa","36.0","pmil","0","55.680","deg","20.000","°C","100.000","%a.s.","22.210","deg","20.000","°C","971.000","hPa","0.826","-0.01532","0.000401","-0.00012","0","11.08","Humid","26.60","0","20.10","231913.12","SABD0002000011","AAV2.0.0.13","2.1.0.383","PSt7-10","171027-000","6/27/2018 9:55:33 AM","0000-00","0","no battery","V"
"08/23/2019","12:36:20","1","default","104940808","OXY1","0.327","min","173.590","μmol/L","Humid","21.150","deg","92442","µV","31.073","°C","1021.000","hPa","36.0","pmil","0","55.680","deg","20.000","°C","100.000","%a.s.","22.210","deg","20.000","°C","971.000","hPa","0.826","-0.01532","0.000401","-0.00012","0","11.08","Humid","26.60","0","20.10","231905.31","SABD0002000011","AAV2.0.0.13","2.1.0.383","PSt7-10","171027-000","6/27/2018 9:55:33 AM","0000-00","0","no battery","V"
"08/23/2019","12:36:21","1","default","104940808","OXY1","0.344","min","173.562","μmol/L","Humid","21.154","deg","92439","µV","31.067","°C","1021.000","hPa","36.0","pmil","0","55.680","deg","20.000","°C","100.000","%a.s.","22.210","deg","20.000","°C","971.000","hPa","0.826","-0.01532","0.000401","-0.00012","0","11.08","Humid","26.60","0","20.10","231891.46","SABD0002000011","AAV2.0.0.13","2.1.0.383","PSt7-10","171027-000","6/27/2018 9:55:33 AM","0000-00","0","no battery","V"
"08/23/2019","12:36:22","1","default","104940808","OXY1","0.360","min","173.573","μmol/L","Humid","21.156","deg","92434","µV","31.061","°C","1022.000","hPa","36.0","pmil","0","55.680","deg","20.000","°C","100.000","%a.s.","22.210","deg","20.000","°C","971.000","hPa","0.826","-0.01532","0.000401","-0.00012","0","11.08","Humid","26.60","0","20.10","231881.83","SABD0002000011","AAV2.0.0.13","2.1.0.383","PSt7-10","171027-000","6/27/2018 9:55:33 AM","0000-00","0","no battery","V"
"08/23/2019","12:36:23","1","default","104940808","OXY1","0.377","min","173.543","μmol/L","Humid","21.153","deg","92441","µV","31.073","°C","1021.000","hPa","36.0","pmil","0","55.680","deg","20.000","°C","100.000","%a.s.","22.210","deg","20.000","°C","971.000","hPa","0.826","-0.01532","0.000401","-0.00012","0","11.08","Humid","26.60","0","20.10","231885.32","SABD0002000011","AAV2.0.0.13","2.1.0.383","PSt7-10","171027-000","6/27/2018 9:55:33 AM","0000-00","0","no battery","V"
"08/23/2019","12:36:24","1","default","104940808","OXY1","0.394","min","173.528","μmol/L","Humid","21.154","deg","92431","µV","31.073","°C","1021.000","hPa","36.0","pmil","0","55.680","deg","20.000","°C","100.000","%a.s.","22.210","deg","20.000","°C","971.000","hPa","0.826","-0.01532","0.000401","-0.00012","0","11.08","Humid","26.60","0","20.10","231870.87","SABD0002000011","AAV2.0.0.13","2.1.0.383","PSt7-10","171027-000","6/27/2018 9:55:33 AM","0000-00","0","no battery","V"
"08/23/2019","12:36:25","1","default","104940808","OXY1","0.411","min","173.577","μmol/L","Humid","21.153","deg","92428","µV","31.067","°C","1021.000","hPa","36.0","pmil","0","55.680","deg","20.000","°C","100.000","%a.s.","22.210","deg","20.000","°C","971.000","hPa","0.826","-0.01532","0.000401","-0.00012","0","11.08","Humid","26.60","0","20.10","231877.27","SABD0002000011","AAV2.0.0.13","2.1.0.383","PSt7-10","171027-000","6/27/2018 9:55:33 AM","0000-00","0","no battery","V"
"08/23/2019","12:36:26","1","default","104940808","OXY1","0.427","min","173.611","μmol/L","Humid","21.153","deg","92426","µV","31.061","°C","1021.000","hPa","36.0","pmil","0","55.680","deg","20.000","°C","100.000","%a.s.","22.210","deg","20.000","°C","971.000","hPa","0.826","-0.01532","0.000401","-0.00012","0","11.08","Humid","26.60","0","20.10","231869.89","SABD0002000011","AAV2.0.0.13","2.1.0.383","PSt7-10","171027-000","6/27/2018 9:55:33 AM","0000-00","0","no battery","V"
"08/23/2019","12:36:27","1","default","104940808","OXY1","0.443","min","173.577","μmol/L","Humid","21.153","deg","92421","µV","31.067","°C","1021.000","hPa","36.0","pmil","0","55.680","deg","20.000","°C","100.000","%a.s.","22.210","deg","20.000","°C","971.000","hPa","0.826","-0.01532","0.000401","-0.00012","0","11.08","Humid","26.60","0","20.10","231851.89","SABD0002000011","AAV2.0.0.13","2.1.0.383","PSt7-10","171027-000","6/27/2018 9:55:33 AM","0000-00","0","no battery","V"
"08/23/2019","12:36:28","1","default","104940808","OXY1","0.460","min","173.546","μmol/L","Humid","21.155","deg","92423","µV","31.067","°C","1021.000","hPa","36.0","pmil","0","55.680","deg","20.000","°C","100.000","%a.s.","22.210","deg","20.000","°C","971.000","hPa","0.826","-0.01532","0.000401","-0.00012","0","11.08","Humid","26.60","0","20.10","231851.42","SABD0002000011","AAV2.0.0.13","2.1.0.383","PSt7-10","171027-000","6/27/2018 9:55:33 AM","0000-00","0","no battery","V"
"08/23/2019","12:36:29","1","default","104940808","OXY1","0.477","min","173.554","μmol/L","Humid","21.155","deg","92416","µV","31.067","°C","1022.000","hPa","36.0","pmil","0","55.680","deg","20.000","°C","100.000","%a.s.","22.210","deg","20.000","°C","971.000","hPa","0.826","-0.01532","0.000401","-0.00012","0","11.08","Humid","26.60","0","20.10","231849.21","SABD0002000011","AAV2.0.0.13","2.1.0.383","PSt7-10","171027-000","6/27/2018 9:55:33 AM","0000-00","0","no battery","V"
"08/23/2019","12:36:30","1","default","104940808","OXY1","0.494","min","173.524","μmol/L","Humid","21.157","deg","92424","µV","31.067","°C","1022.000","hPa","36.0","pmil","0","55.680","deg","20.000","°C","100.000","%a.s.","22.210","deg","20.000","°C","971.000","hPa","0.826","-0.01532","0.000401","-0.00012","0","11.08","Humid","26.60","0","20.10","231838.75","SABD0002000011","AAV2.0.0.13","2.1.0.383","PSt7-10","171027-000","6/27/2018 9:55:33 AM","0000-00","0","no battery","V"
"08/23/2019","12:36:31","1","default","104940808","OXY1","0.510","min","173.478","μmol/L","Humid","21.155","deg","92419","µV","31.079","°C","1021.000","hPa","36.0","pmil","0","55.680","deg","20.000","°C","100.000","%a.s.","22.210","deg","20.000","°C","971.000","hPa","0.826","-0.01532","0.000401","-0.00012","0","11.08","Humid","26.60","0","20.10","231829.92","SABD0002000011","AAV2.0.0.13","2.1.0.383","PSt7-10","171027-000","6/27/2018 9:55:33 AM","0000-00","0","no battery","V"
"08/23/2019","12:36:32","1","default","104940808","OXY1","0.527","min","173.554","μmol/L","Humid","21.155","deg","92408","µV","31.067","°C","1022.000","hPa","36.0","pmil","0","55.680","deg","20.000","°C","100.000","%a.s.","22.210","deg","20.000","°C","971.000","hPa","0.826","-0.01532","0.000401","-0.00012","0","11.08","Humid","26.60","0","20.10","231829.25","SABD0002000011","AAV2.0.0.13","2.1.0.383","PSt7-10","171027-000","6/27/2018 9:55:33 AM","0000-00","0","no battery","V"
"08/23/2019","12:36:33","1","default","104940808","OXY1","0.544","min","173.497","μmol/L","Humid","21.156","deg","92418","µV","31.073","°C","1021.000","hPa","36.0","pmil","0","55.680","deg","20.000","°C","100.000","%a.s.","22.210","deg","20.000","°C","971.000","hPa","0.826","-0.01532","0.000401","-0.00012","0","11.08","Humid","26.60","0","20.10","231817.58","SABD0002000011","AAV2.0.0.13","2.1.0.383","PSt7-10","171027-000","6/27/2018 9:55:33 AM","0000-00","0","no battery","V"
"08/23/2019","12:36:34","1","default","104940808","OXY1","0.560","min","173.528","μmol/L","Humid","21.154","deg","92410","µV","31.073","°C","1021.000","hPa","36.0","pmil","0","55.680","deg","20.000","°C","100.000","%a.s.","22.210","deg","20.000","°C","971.000","hPa","0.826","-0.01532","0.000401","-0.00012","0","11.08","Humid","26.60","0","20.10","231815.19","SABD0002000011","AAV2.0.0.13","2.1.0.383","PSt7-10","171027-000","6/27/2018 9:55:33 AM","0000-00","0","no battery","V"
"08/23/2019","12:36:35","1","default","104940808","OXY1","0.577","min","173.417","μmol/L","Humid","21.159","deg","92408","µV","31.079","°C","1021.000","hPa","36.0","pmil","0","55.680","deg","20.000","°C","100.000","%a.s.","22.210","deg","20.000","°C","971.000","hPa","0.826","-0.01532","0.000401","-0.00012","0","11.08","Humid","26.60","0","20.10","231818.09","SABD0002000011","AAV2.0.0.13","2.1.0.383","PSt7-10","171027-000","6/27/2018 9:55:33 AM","0000-00","0","no battery","V"
"08/23/2019","12:36:36","1","default","104940808","OXY1","0.593","min","173.466","μmol/L","Humid","21.158","deg","92394","µV","31.073","°C","1021.000","hPa","36.0","pmil","0","55.680","deg","20.000","°C","100.000","%a.s.","22.210","deg","20.000","°C","971.000","hPa","0.826","-0.01532","0.000401","-0.00012","0","11.08","Humid","26.60","0","20.10","231808.46","SABD0002000011","AAV2.0.0.13","2.1.0.383","PSt7-10","171027-000","6/27/2018 9:55:33 AM","0000-00","0","no battery","V"
"08/23/2019","12:36:37","1","default","104940808","OXY1","0.610","min","173.512","μmol/L","Humid","21.155","deg","92395","µV","31.073","°C","1021.000","hPa","36.0","pmil","0","55.680","deg","20.000","°C","100.000","%a.s.","22.210","deg","20.000","°C","971.000","hPa","0.826","-0.01532","0.000401","-0.00012","0","11.08","Humid","26.60","0","20.10","231798.02","SABD0002000011","AAV2.0.0.13","2.1.0.383","PSt7-10","171027-000","6/27/2018 9:55:33 AM","0000-00","0","no battery","V"
"08/23/2019","12:36:38","1","default","104940808","OXY1","0.627","min","173.505","μmol/L","Humid","21.156","deg","92398","µV","31.073","°C","1022.000","hPa","36.0","pmil","0","55.680","deg","20.000","°C","100.000","%a.s.","22.210","deg","20.000","°C","971.000","hPa","0.826","-0.01532","0.000401","-0.00012","0","11.08","Humid","26.60","0","20.10","231800.59","SABD0002000011","AAV2.0.0.13","2.1.0.383","PSt7-10","171027-000","6/27/2018 9:55:33 AM","0000-00","0","no battery","V"
"08/23/2019","12:36:39","1","default","104940808","OXY1","0.644","min","173.577","μmol/L","Humid","21.153","deg","92391","µV","31.067","°C","1021.000","hPa","36.0","pmil","0","55.680","deg","20.000","°C","100.000","%a.s.","22.210","deg","20.000","°C","971.000","hPa","0.826","-0.01532","0.000401","-0.00012","0","11.08","Humid","26.60","0","20.10","231787.86","SABD0002000011","AAV2.0.0.13","2.1.0.383","PSt7-10","171027-000","6/27/2018 9:55:33 AM","0000-00","0","no battery","V"
"08/23/2019","12:36:40","1","default","104940808","OXY1","0.660","min","173.565","μmol/L","Humid","21.156","deg","92392","µV","31.061","°C","1021.000","hPa","36.0","pmil","0","55.680","deg","20.000","°C","100.000","%a.s.","22.210","deg","20.000","°C","971.000","hPa","0.826","-0.01532","0.000401","-0.00012","0","11.08","Humid","26.60","0","20.10","231778.61","SABD0002000011","AAV2.0.0.13","2.1.0.383","PSt7-10","171027-000","6/27/2018 9:55:33 AM","0000-00","0","no battery","V"
"08/23/2019","12:36:41","1","default","104940808","OXY1","0.677","min","173.528","μmol/L","Humid","21.154","deg","92390","µV","31.073","°C","1021.000","hPa","36.0","pmil","0","55.680","deg","20.000","°C","100.000","%a.s.","22.210","deg","20.000","°C","971.000","hPa","0.826","-0.01532","0.000401","-0.00012","0","11.08","Humid","26.60","0","20.10","231787.09","SABD0002000011","AAV2.0.0.13","2.1.0.383","PSt7-10","171027-000","6/27/2018 9:55:33 AM","0000-00","0","no battery","V"
"08/23/2019","12:36:42","1","default","104940808","OXY1","0.694","min","173.466","μmol/L","Humid","21.158","deg","92391","µV","31.073","°C","1021.000","hPa","36.0","pmil","0","55.680","deg","20.000","°C","100.000","%a.s.","22.210","deg","20.000","°C","971.000","hPa","0.826","-0.01532","0.000401","-0.00012","0","11.08","Humid","26.60","0","20.10","231778.46","SABD0002000011","AAV2.0.0.13","2.1.0.383","PSt7-10","171027-000","6/27/2018 9:55:33 AM","0000-00","0","no battery","V"
"08/23/2019","12:36:43","1","default","104940808","OXY1","0.711","min","173.505","μmol/L","Humid","21.156","deg","92386","µV","31.073","°C","1022.000","hPa","36.0","pmil","0","55.680","deg","20.000","°C","100.000","%a.s.","22.210","deg","20.000","°C","971.000","hPa","0.826","-0.01532","0.000401","-0.00012","0","11.08","Humid","26.60","0","20.10","231763.23","SABD0002000011","AAV2.0.0.13","2.1.0.383","PSt7-10","171027-000","6/27/2018 9:55:33 AM","0000-00","0","no battery","V"
"08/23/2019","12:36:44","1","default","104940808","OXY1","0.727","min","173.505","μmol/L","Humid","21.156","deg","92379","µV","31.073","°C","1022.000","hPa","36.0","pmil","0","55.680","deg","20.000","°C","100.000","%a.s.","22.210","deg","20.000","°C","971.000","hPa","0.826","-0.01532","0.000401","-0.00012","0","11.08","Humid","26.60","0","20.10","231757.70","SABD0002000011","AAV2.0.0.13","2.1.0.383","PSt7-10","171027-000","6/27/2018 9:55:33 AM","0000-00","0","no battery","V"
"08/23/2019","12:36:45","1","default","104940808","OXY1","0.743","min","173.516","μmol/L","Humid","21.157","deg","92381","µV","31.067","°C","1021.000","hPa","36.0","pmil","0","55.680","deg","20.000","°C","100.000","%a.s.","22.210","deg","20.000","°C","971.000","hPa","0.826","-0.01532","0.000401","-0.00012","0","11.08","Humid","26.60","0","20.10","231751.20","SABD0002000011","AAV2.0.0.13","2.1.0.383","PSt7-10","171027-000","6/27/2018 9:55:33 AM","0000-00","0","no battery","V"
"08/23/2019","12:36:46","1","default","104940808","OXY1","0.760","min","173.570","μmol/L","Humid","21.154","deg","92373","µV","31.067","°C","1022.000","hPa","36.0","pmil","0","55.680","deg","20.000","°C","100.000","%a.s.","22.210","deg","20.000","°C","971.000","hPa","0.826","-0.01532","0.000401","-0.00012","0","11.08","Humid","26.60","0","20.10","231752.25","SABD0002000011","AAV2.0.0.13","2.1.0.383","PSt7-10","171027-000","6/27/2018 9:55:33 AM","0000-00","0","no battery","V"
"08/23/2019","12:36:47","1","default","104940808","OXY1","0.777","min","173.539","μmol/L","Humid","21.156","deg","92373","µV","31.067","°C","1022.000","hPa","36.0","pmil","0","55.680","deg","20.000","°C","100.000","%a.s.","22.210","deg","20.000","°C","971.000","hPa","0.826","-0.01532","0.000401","-0.00012","0","11.08","Humid","26.60","0","20.10","231746.39","SABD0002000011","AAV2.0.0.13","2.1.0.383","PSt7-10","171027-000","6/27/2018 9:55:33 AM","0000-00","0","no battery","V"
"08/23/2019","12:36:48","1","default","104940808","OXY1","0.794","min","173.451","μmol/L","Humid","21.159","deg","92375","µV","31.073","°C","1021.000","hPa","36.0","pmil","0","55.680","deg","20.000","°C","100.000","%a.s.","22.210","deg","20.000","°C","971.000","hPa","0.826","-0.01532","0.000401","-0.00012","0","11.08","Humid","26.60","0","20.10","231739.65","SABD0002000011","AAV2.0.0.13","2.1.0.383","PSt7-10","171027-000","6/27/2018 9:55:33 AM","0000-00","0","no battery","V"
"08/23/2019","12:36:49","1","default","104940808","OXY1","0.810","min","173.505","μmol/L","Humid","21.156","deg","92367","µV","31.073","°C","1022.000","hPa","36.0","pmil","0","55.680","deg","20.000","°C","100.000","%a.s.","22.210","deg","20.000","°C","971.000","hPa","0.826","-0.01532","0.000401","-0.00012","0","11.08","Humid","26.60","0","20.10","231731.24","SABD0002000011","AAV2.0.0.13","2.1.0.383","PSt7-10","171027-000","6/27/2018 9:55:33 AM","0000-00","0","no battery","V"
"08/23/2019","12:36:50","1","default","104940808","OXY1","0.827","min","173.493","μmol/L","Humid","21.159","deg","92369","µV","31.067","°C","1022.000","hPa","36.0","pmil","0","55.680","deg","20.000","°C","100.000","%a.s.","22.210","deg","20.000","°C","971.000","hPa","0.826","-0.01532","0.000401","-0.00012","0","11.08","Humid","26.60","0","20.10","231728.79","SABD0002000011","AAV2.0.0.13","2.1.0.383","PSt7-10","171027-000","6/27/2018 9:55:33 AM","0000-00","0","no battery","V"
"08/23/2019","12:36:51","1","default","104940808","OXY1","0.844","min","173.500","μmol/L","Humid","21.158","deg","92366","µV","31.067","°C","1021.000","hPa","36.0","pmil","0","55.680","deg","20.000","°C","100.000","%a.s.","22.210","deg","20.000","°C","971.000","hPa","0.826","-0.01532","0.000401","-0.00012","0","11.08","Humid","26.60","0","20.10","231728.17","SABD0002000011","AAV2.0.0.13","2.1.0.383","PSt7-10","171027-000","6/27/2018 9:55:33 AM","0000-00","0","no battery","V"
"08/23/2019","12:36:52","1","default","104940808","OXY1","0.861","min","173.539","μmol/L","Humid","21.156","deg","92358","µV","31.067","°C","1022.000","hPa","36.0","pmil","0","55.680","deg","20.000","°C","100.000","%a.s.","22.210","deg","20.000","°C","971.000","hPa","0.826","-0.01532","0.000401","-0.00012","0","11.08","Humid","26.60","0","20.10","231718.02","SABD0002000011","AAV2.0.0.13","2.1.0.383","PSt7-10","171027-000","6/27/2018 9:55:33 AM","0000-00","0","no battery","V"
"08/23/2019","12:36:53","1","default","104940808","OXY1","0.877","min","173.490","μmol/L","Humid","21.157","deg","92355","µV","31.073","°C","1022.000","hPa","36.0","pmil","0","55.680","deg","20.000","°C","100.000","%a.s.","22.210","deg","20.000","°C","971.000","hPa","0.826","-0.01532","0.000401","-0.00012","0","11.08","Humid","26.60","0","20.10","231714.34","SABD0002000011","AAV2.0.0.13","2.1.0.383","PSt7-10","171027-000","6/27/2018 9:55:33 AM","0000-00","0","no battery","V"
"08/23/2019","12:36:54","1","default","104940808","OXY1","0.893","min","173.474","μmol/L","Humid","21.158","deg","92351","µV","31.073","°C","1022.000","hPa","36.0","pmil","0","55.680","deg","20.000","°C","100.000","%a.s.","22.210","deg","20.000","°C","971.000","hPa","0.826","-0.01532","0.000401","-0.00012","0","11.08","Humid","26.60","0","20.10","231716.69","SABD0002000011","AAV2.0.0.13","2.1.0.383","PSt7-10","171027-000","6/27/2018 9:55:33 AM","0000-00","0","no battery","V"
"08/23/2019","12:36:55","1","default","104940808","OXY1","0.910","min","173.432","μmol/L","Humid","21.158","deg","92355","µV","31.079","°C","1021.000","hPa","36.0","pmil","0","55.680","deg","20.000","°C","100.000","%a.s.","22.210","deg","20.000","°C","971.000","hPa","0.826","-0.01532","0.000401","-0.00012","0","11.08","Humid","26.60","0","20.10","231712.54","SABD0002000011","AAV2.0.0.13","2.1.0.383","PSt7-10","171027-000","6/27/2018 9:55:33 AM","0000-00","0","no battery","V"
"08/23/2019","12:36:56","1","default","104940808","OXY1","0.927","min","173.539","μmol/L","Humid","21.156","deg","92359","µV","31.067","°C","1022.000","hPa","36.0","pmil","0","55.680","deg","20.000","°C","100.000","%a.s.","22.210","deg","20.000","°C","971.000","hPa","0.826","-0.01532","0.000401","-0.00012","0","11.08","Humid","26.60","0","20.10","231713.17","SABD0002000011","AAV2.0.0.13","2.1.0.383","PSt7-10","171027-000","6/27/2018 9:55:33 AM","0000-00","0","no battery","V"
"08/23/2019","12:36:57","1","default","104940808","OXY1","0.944","min","173.454","μmol/L","Humid","21.161","deg","92357","µV","31.067","°C","1021.000","hPa","36.0","pmil","0","55.680","deg","20.000","°C","100.000","%a.s.","22.210","deg","20.000","°C","971.000","hPa","0.826","-0.01532","0.000401","-0.00012","0","11.08","Humid","26.60","0","20.10","231702.18","SABD0002000011","AAV2.0.0.13","2.1.0.383","PSt7-10","171027-000","6/27/2018 9:55:33 AM","0000-00","0","no battery","V"
"08/23/2019","12:36:58","1","default","104940808","OXY1","0.960","min","173.570","μmol/L","Humid","21.154","deg","92351","µV","31.067","°C","1022.000","hPa","36.0","pmil","0","55.680","deg","20.000","°C","100.000","%a.s.","22.210","deg","20.000","°C","971.000","hPa","0.826","-0.01532","0.000401","-0.00012","0","11.08","Humid","26.60","0","20.10","231690.86","SABD0002000011","AAV2.0.0.13","2.1.0.383","PSt7-10","171027-000","6/27/2018 9:55:33 AM","0000-00","0","no battery","V"
"08/23/2019","12:36:59","1","default","104940808","OXY1","0.977","min","173.570","μmol/L","Humid","21.154","deg","92351","µV","31.067","°C","1022.000","hPa","36.0","pmil","0","55.680","deg","20.000","°C","100.000","%a.s.","22.210","deg","20.000","°C","971.000","hPa","0.826","-0.01532","0.000401","-0.00012","0","11.08","Humid","26.60","0","20.10","231688.10","SABD0002000011","AAV2.0.0.13","2.1.0.383","PSt7-10","171027-000","6/27/2018 9:55:33 AM","0000-00","0","no battery","V"
"08/23/2019","12:37:00","1","default","104940808","OXY1","0.994","min","173.409","μmol/L","Humid","21.160","deg","92348","µV","31.079","°C","1022.000","hPa","36.0","pmil","0","55.680","deg","20.000","°C","100.000","%a.s.","22.210","deg","20.000","°C","971.000","hPa","0.826","-0.01532","0.000401","-0.00012","0","11.08","Humid","26.60","0","20.10","231681.58","SABD0002000011","AAV2.0.0.13","2.1.0.383","PSt7-10","171027-000","6/27/2018 9:55:33 AM","0000-00","0","no battery","V"
"08/23/2019","12:37:01","1","default","104940808","OXY1","1.011","min","173.420","μmol/L","Humid","21.161","deg","92347","µV","31.073","°C","1021.000","hPa","36.0","pmil","0","55.680","deg","20.000","°C","100.000","%a.s.","22.210","deg","20.000","°C","971.000","hPa","0.826","-0.01532","0.000401","-0.00012","0","11.08","Humid","26.60","0","20.10","231685.90","SABD0002000011","AAV2.0.0.13","2.1.0.383","PSt7-10","171027-000","6/27/2018 9:55:33 AM","0000-00","0","no battery","V"
"08/23/2019","12:37:02","1","default","104940808","OXY1","1.027","min","173.561","μmol/L","Humid","21.159","deg","92337","µV","31.055","°C","1022.000","hPa","36.0","pmil","0","55.680","deg","20.000","°C","100.000","%a.s.","22.210","deg","20.000","°C","971.000","hPa","0.826","-0.01532","0.000401","-0.00012","0","11.08","Humid","26.60","0","20.10","231671.50","SABD0002000011","AAV2.0.0.13","2.1.0.383","PSt7-10","171027-000","6/27/2018 9:55:33 AM","0000-00","0","no battery","V"
"08/23/2019","12:37:03","1","default","104940808","OXY1","1.043","min","173.550","μmol/L","Humid","21.157","deg","92346","µV","31.061","°C","1021.000","hPa","36.0","pmil","0","55.680","deg","20.000","°C","100.000","%a.s.","22.210","deg","20.000","°C","971.000","hPa","0.826","-0.01532","0.000401","-0.00012","0","11.08","Humid","26.60","0","20.10","231670.37","SABD0002000011","AAV2.0.0.13","2.1.0.383","PSt7-10","171027-000","6/27/2018 9:55:33 AM","0000-00","0","no battery","V"
"08/23/2019","12:37:04","1","default","104940808","OXY1","1.060","min","173.469","μmol/L","Humid","21.160","deg","92350","µV","31.067","°C","1021.000","hPa","36.0","pmil","0","55.680","deg","20.000","°C","100.000","%a.s.","22.210","deg","20.000","°C","971.000","hPa","0.826","-0.01532","0.000401","-0.00012","0","11.08","Humid","26.60","0","20.10","231669.98","SABD0002000011","AAV2.0.0.13","2.1.0.383","PSt7-10","171027-000","6/27/2018 9:55:33 AM","0000-00","0","no battery","V"
"08/23/2019","12:37:05","1","default","104940808","OXY1","1.077","min","173.558","μmol/L","Humid","21.157","deg","92346","µV","31.061","°C","1022.000","hPa","36.0","pmil","0","55.680","deg","20.000","°C","100.000","%a.s.","22.210","deg","20.000","°C","971.000","hPa","0.826","-0.01532","0.000401","-0.00012","0","11.08","Humid","26.60","0","20.10","231670.18","SABD0002000011","AAV2.0.0.13","2.1.0.383","PSt7-10","171027-000","6/27/2018 9:55:33 AM","0000-00","0","no battery","V"
"08/23/2019","12:37:06","1","default","104940808","OXY1","1.094","min","173.474","μmol/L","Humid","21.158","deg","92349","µV","31.073","°C","1022.000","hPa","36.0","pmil","0","55.680","deg","20.000","°C","100.000","%a.s.","22.210","deg","20.000","°C","971.000","hPa","0.826","-0.01532","0.000401","-0.00012","0","11.08","Humid","26.60","0","20.10","231664.75","SABD0002000011","AAV2.0.0.13","2.1.0.383","PSt7-10","171027-000","6/27/2018 9:55:33 AM","0000-00","0","no battery","V"
"08/23/2019","12:37:07","1","default","104940808","OXY1","1.110","min","173.413","μmol/L","Humid","21.162","deg","92336","µV","31.073","°C","1022.000","hPa","36.0","pmil","0","55.680","deg","20.000","°C","100.000","%a.s.","22.210","deg","20.000","°C","971.000","hPa","0.826","-0.01532","0.000401","-0.00012","0","11.08","Humid","26.60","0","20.10","231641.99","SABD0002000011","AAV2.0.0.13","2.1.0.383","PSt7-10","171027-000","6/27/2018 9:55:33 AM","0000-00","0","no battery","V"
"08/23/2019","12:37:08","1","default","104940808","OXY1","1.127","min","173.500","μmol/L","Humid","21.158","deg","92344","µV","31.067","°C","1021.000","hPa","36.0","pmil","0","55.680","deg","20.000","°C","100.000","%a.s.","22.210","deg","20.000","°C","971.000","hPa","0.826","-0.01532","0.000401","-0.00012","0","11.08","Humid","26.60","0","20.10","231653.31","SABD0002000011","AAV2.0.0.13","2.1.0.383","PSt7-10","171027-000","6/27/2018 9:55:33 AM","0000-00","0","no battery","V"
"08/23/2019","12:37:09","1","default","104940808","OXY1","1.144","min","173.462","μmol/L","Humid","21.161","deg","92342","µV","31.067","°C","1022.000","hPa","36.0","pmil","0","55.680","deg","20.000","°C","100.000","%a.s.","22.210","deg","20.000","°C","971.000","hPa","0.826","-0.01532","0.000401","-0.00012","0","11.08","Humid","26.60","0","20.10","231648.90","SABD0002000011","AAV2.0.0.13","2.1.0.383","PSt7-10","171027-000","6/27/2018 9:55:33 AM","0000-00","0","no battery","V"
"08/23/2019","12:37:10","1","default","104940808","OXY1","1.161","min","173.413","μmol/L","Humid","21.162","deg","92337","µV","31.073","°C","1022.000","hPa","36.0","pmil","0","55.680","deg","20.000","°C","100.000","%a.s.","22.210","deg","20.000","°C","971.000","hPa","0.826","-0.01532","0.000401","-0.00012","0","11.08","Humid","26.60","0","20.10","231648.35","SABD0002000011","AAV2.0.0.13","2.1.0.383","PSt7-10","171027-000","6/27/2018 9:55:33 AM","0000-00","0","no battery","V"
"08/23/2019","12:37:11","1","default","104940808","OXY1","1.177","min","173.413","μmol/L","Humid","21.162","deg","92331","µV","31.073","°C","1022.000","hPa","36.0","pmil","0","55.680","deg","20.000","°C","100.000","%a.s.","22.210","deg","20.000","°C","971.000","hPa","0.826","-0.01532","0.000401","-0.00012","0","11.08","Humid","26.60","0","20.10","231633.62","SABD0002000011","AAV2.0.0.13","2.1.0.383","PSt7-10","171027-000","6/27/2018 9:55:33 AM","0000-00","0","no battery","V"
"08/23/2019","12:37:12","1","default","104940808","OXY1","1.193","min","173.462","μmol/L","Humid","21.161","deg","92335","µV","31.067","°C","1022.000","hPa","36.0","pmil","0","55.680","deg","20.000","°C","100.000","%a.s.","22.210","deg","20.000","°C","971.000","hPa","0.826","-0.01532","0.000401","-0.00012","0","11.08","Humid","26.60","0","20.10","231637.52","SABD0002000011","AAV2.0.0.13","2.1.0.383","PSt7-10","171027-000","6/27/2018 9:55:33 AM","0000-00","0","no battery","V"
"08/23/2019","12:37:13","1","default","104940808","OXY1","1.210","min","173.459","μmol/L","Humid","21.159","deg","92337","µV","31.073","°C","1022.000","hPa","36.0","pmil","0","55.680","deg","20.000","°C","100.000","%a.s.","22.210","deg","20.000","°C","971.000","hPa","0.826","-0.01532","0.000401","-0.00012","0","11.08","Humid","26.60","0","20.10","231634.44","SABD0002000011","AAV2.0.0.13","2.1.0.383","PSt7-10","171027-000","6/27/2018 9:55:33 AM","0000-00","0","no battery","V"
"08/23/2019","12:37:14","1","default","104940808","OXY1","1.227","min","173.405","μmol/L","Humid","21.162","deg","92335","µV","31.073","°C","1021.000","hPa","36.0","pmil","0","55.680","deg","20.000","°C","100.000","%a.s.","22.210","deg","20.000","°C","971.000","hPa","0.826","-0.01532","0.000401","-0.00012","0","11.08","Humid","26.60","0","20.10","231632.01","SABD0002000011","AAV2.0.0.13","2.1.0.383","PSt7-10","171027-000","6/27/2018 9:55:33 AM","0000-00","0","no battery","V"
"08/23/2019","12:37:15","1","default","104940808","OXY1","1.244","min","173.382","μmol/L","Humid","21.164","deg","92340","µV","31.073","°C","1022.000","hPa","36.0","pmil","0","55.680","deg","20.000","°C","100.000","%a.s.","22.210","deg","20.000","°C","971.000","hPa","0.826","-0.01532","0.000401","-0.00012","0","11.08","Humid","26.60","0","20.10","231630.79","SABD0002000011","AAV2.0.0.13","2.1.0.383","PSt7-10","171027-000","6/27/2018 9:55:33 AM","0000-00","0","no battery","V"
"08/23/2019","12:37:16","1","default","104940808","OXY1","1.261","min","173.454","μmol/L","Humid","21.161","deg","92334","µV","31.067","°C","1021.000","hPa","36.0","pmil","0","55.680","deg","20.000","°C","100.000","%a.s.","22.210","deg","20.000","°C","971.000","hPa","0.826","-0.01532","0.000401","-0.00012","0","11.08","Humid","26.60","0","20.10","231627.17","SABD0002000011","AAV2.0.0.13","2.1.0.383","PSt7-10","171027-000","6/27/2018 9:55:33 AM","0000-00","0","no battery","V"
"08/23/2019","12:37:17","1","default","104940808","OXY1","1.277","min","173.413","μmol/L","Humid","21.162","deg","92326","µV","31.073","°C","1022.000","hPa","36.0","pmil","0","55.680","deg","20.000","°C","100.000","%a.s.","22.210","deg","20.000","°C","971.000","hPa","0.826","-0.01532","0.000401","-0.00012","0","11.08","Humid","26.60","0","20.10","231604.94","SABD0002000011","AAV2.0.0.13","2.1.0.383","PSt7-10","171027-000","6/27/2018 9:55:33 AM","0000-00","0","no battery","V"
"08/23/2019","12:37:18","1","default","104940808","OXY1","1.294","min","173.397","μmol/L","Humid","21.163","deg","92334","µV","31.073","°C","1022.000","hPa","36.0","pmil","0","55.680","deg","20.000","°C","100.000","%a.s.","22.210","deg","20.000","°C","971.000","hPa","0.826","-0.01532","0.000401","-0.00012","0","11.08","Humid","26.60","0","20.10","231621.01","SABD0002000011","AAV2.0.0.13","2.1.0.383","PSt7-10","171027-000","6/27/2018 9:55:33 AM","0000-00","0","no battery","V"
"08/23/2019","12:37:19","1","default","104940808","OXY1","1.310","min","173.428","μmol/L","Humid","21.161","deg","92325","µV","31.073","°C","1022.000","hPa","36.0","pmil","0","55.680","deg","20.000","°C","100.000","%a.s.","22.210","deg","20.000","°C","971.000","hPa","0.826","-0.01532","0.000401","-0.00012","0","11.08","Humid","26.60","0","20.10","231609.89","SABD0002000011","AAV2.0.0.13","2.1.0.383","PSt7-10","171027-000","6/27/2018 9:55:33 AM","0000-00","0","no battery","V"
"08/23/2019","12:37:20","1","default","104940808","OXY1","1.327","min","173.493","μmol/L","Humid","21.159","deg","92327","µV","31.067","°C","1022.000","hPa","36.0","pmil","0","55.680","deg","20.000","°C","100.000","%a.s.","22.210","deg","20.000","°C","971.000","hPa","0.826","-0.01532","0.000401","-0.00012","0","11.08","Humid","26.60","0","20.10","231621.60","SABD0002000011","AAV2.0.0.13","2.1.0.383","PSt7-10","171027-000","6/27/2018 9:55:33 AM","0000-00","0","no battery","V"
"08/23/2019","12:37:21","1","default","104940808","OXY1","1.343","min","173.477","μmol/L","Humid","21.160","deg","92322","µV","31.067","°C","1022.000","hPa","36.0","pmil","0","55.680","deg","20.000","°C","100.000","%a.s.","22.210","deg","20.000","°C","971.000","hPa","0.826","-0.01532","0.000401","-0.00012","0","11.08","Humid","26.60","0","20.10","231608.70","SABD0002000011","AAV2.0.0.13","2.1.0.383","PSt7-10","171027-000","6/27/2018 9:55:33 AM","0000-00","0","no battery","V"
"08/23/2019","12:37:22","1","default","104940808","OXY1","1.360","min","173.397","μmol/L","Humid","21.163","deg","92319","µV","31.073","°C","1022.000","hPa","36.0","pmil","0","55.680","deg","20.000","°C","100.000","%a.s.","22.210","deg","20.000","°C","971.000","hPa","0.826","-0.01532","0.000401","-0.00012","0","11.08","Humid","26.60","0","20.10","231600.43","SABD0002000011","AAV2.0.0.13","2.1.0.383","PSt7-10","171027-000","6/27/2018 9:55:33 AM","0000-00","0","no battery","V"
"08/23/2019","12:37:23","1","default","104940808","OXY1","1.377","min","173.443","μmol/L","Humid","21.160","deg","92316","µV","31.073","°C","1022.000","hPa","36.0","pmil","0","55.680","deg","20.000","°C","100.000","%a.s.","22.210","deg","20.000","°C","971.000","hPa","0.826","-0.01532","0.000401","-0.00012","0","11.08","Humid","26.60","0","20.10","231610.21","SABD0002000011","AAV2.0.0.13","2.1.0.383","PSt7-10","171027-000","6/27/2018 9:55:33 AM","0000-00","0","no battery","V"
"08/23/2019","12:37:24","1","default","104940808","OXY1","1.394","min","173.485","μmol/L","Humid","21.159","deg","92313","µV","31.067","°C","1021.000","hPa","36.0","pmil","0","55.680","deg","20.000","°C","100.000","%a.s.","22.210","deg","20.000","°C","971.000","hPa","0.826","-0.01532","0.000401","-0.00012","0","11.08","Humid","26.60","0","20.10","231598.99","SABD0002000011","AAV2.0.0.13","2.1.0.383","PSt7-10","171027-000","6/27/2018 9:55:33 AM","0000-00","0","no battery","V"
"08/23/2019","12:37:25","1","default","104940808","OXY1","1.411","min","173.481","μmol/L","Humid","21.162","deg","92318","µV","31.061","°C","1022.000","hPa","36.0","pmil","0","55.680","deg","20.000","°C","100.000","%a.s.","22.210","deg","20.000","°C","971.000","hPa","0.826","-0.01532","0.000401","-0.00012","0","11.08","Humid","26.60","0","20.10","231597.66","SABD0002000011","AAV2.0.0.13","2.1.0.383","PSt7-10","171027-000","6/27/2018 9:55:33 AM","0000-00","0","no battery","V"
"08/23/2019","12:37:26","1","default","104940808","OXY1","1.427","min","173.443","μmol/L","Humid","21.160","deg","92320","µV","31.073","°C","1022.000","hPa","36.0","pmil","0","55.680","deg","20.000","°C","100.000","%a.s.","22.210","deg","20.000","°C","971.000","hPa","0.826","-0.01532","0.000401","-0.00012","0","11.08","Humid","26.60","0","20.10","231601.65","SABD0002000011","AAV2.0.0.13","2.1.0.383","PSt7-10","171027-000","6/27/2018 9:55:33 AM","0000-00","0","no battery","V"
"08/23/2019","12:37:27","1","default","104940808","OXY1","1.444","min","173.490","μmol/L","Humid","21.157","deg","92308","µV","31.073","°C","1022.000","hPa","36.0","pmil","0","55.680","deg","20.000","°C","100.000","%a.s.","22.210","deg","20.000","°C","971.000","hPa","0.826","-0.01532","0.000401","-0.00012","0","11.08","Humid","26.60","0","20.10","231587.71","SABD0002000011","AAV2.0.0.13","2.1.0.383","PSt7-10","171027-000","6/27/2018 9:55:33 AM","0000-00","0","no battery","V"
"08/23/2019","12:37:28","1","default","104940808","OXY1","1.460","min","173.425","μmol/L","Humid","21.159","deg","92304","µV","31.079","°C","1022.000","hPa","36.0","pmil","0","55.680","deg","20.000","°C","100.000","%a.s.","22.210","deg","20.000","°C","971.000","hPa","0.826","-0.01532","0.000401","-0.00012","0","11.08","Humid","26.60","0","20.10","231585.72","SABD0002000011","AAV2.0.0.13","2.1.0.383","PSt7-10","171027-000","6/27/2018 9:55:33 AM","0000-00","0","no battery","V"
"08/23/2019","12:37:29","1","default","104940808","OXY1","1.477","min","173.409","μmol/L","Humid","21.160","deg","92307","µV","31.079","°C","1022.000","hPa","36.0","pmil","0","55.680","deg","20.000","°C","100.000","%a.s.","22.210","deg","20.000","°C","971.000","hPa","0.826","-0.01532","0.000401","-0.00012","0","11.08","Humid","26.60","0","20.10","231589.76","SABD0002000011","AAV2.0.0.13","2.1.0.383","PSt7-10","171027-000","6/27/2018 9:55:33 AM","0000-00","0","no battery","V"
"08/23/2019","12:37:30","1","default","104940808","OXY1","1.494","min","173.413","μmol/L","Humid","21.162","deg","92318","µV","31.073","°C","1022.000","hPa","36.0","pmil","0","55.680","deg","20.000","°C","100.000","%a.s.","22.210","deg","20.000","°C","971.000","hPa","0.826","-0.01532","0.000401","-0.00012","0","11.08","Humid","26.60","0","20.10","231587.58","SABD0002000011","AAV2.0.0.13","2.1.0.383","PSt7-10","171027-000","6/27/2018 9:55:33 AM","0000-00","0","no battery","V"
"08/23/2019","12:37:31","1","default","104940808","OXY1","1.510","min","173.413","μmol/L","Humid","21.162","deg","92302","µV","31.073","°C","1022.000","hPa","36.0","pmil","0","55.680","deg","20.000","°C","100.000","%a.s.","22.210","deg","20.000","°C","971.000","hPa","0.826","-0.01532","0.000401","-0.00012","0","11.08","Humid","26.60","0","20.10","231586.33","SABD0002000011","AAV2.0.0.13","2.1.0.383","PSt7-10","171027-000","6/27/2018 9:55:33 AM","0000-00","0","no battery","V"
"08/23/2019","12:37:32","1","default","104940808","OXY1","1.527","min","173.382","μmol/L","Humid","21.164","deg","92308","µV","31.073","°C","1022.000","hPa","36.0","pmil","0","55.680","deg","20.000","°C","100.000","%a.s.","22.210","deg","20.000","°C","971.000","hPa","0.826","-0.01532","0.000401","-0.00012","0","11.08","Humid","26.60","0","20.10","231584.84","SABD0002000011","AAV2.0.0.13","2.1.0.383","PSt7-10","171027-000","6/27/2018 9:55:33 AM","0000-00","0","no battery","V"
"08/23/2019","12:37:33","1","default","104940808","OXY1","1.544","min","173.355","μmol/L","Humid","21.163","deg","92310","µV","31.079","°C","1021.000","hPa","36.0","pmil","0","55.680","deg","20.000","°C","100.000","%a.s.","22.210","deg","20.000","°C","971.000","hPa","0.826","-0.01532","0.000401","-0.00012","0","11.08","Humid","26.60","0","20.10","231580.26","SABD0002000011","AAV2.0.0.13","2.1.0.383","PSt7-10","171027-000","6/27/2018 9:55:33 AM","0000-00","0","no battery","V"
"08/23/2019","12:37:34","1","default","104940808","OXY1","1.561","min","173.379","μmol/L","Humid","21.162","deg","92300","µV","31.079","°C","1022.000","hPa","36.0","pmil","0","55.680","deg","20.000","°C","100.000","%a.s.","22.210","deg","20.000","°C","971.000","hPa","0.826","-0.01532","0.000401","-0.00012","0","11.08","Humid","26.60","0","20.10","231572.16","SABD0002000011","AAV2.0.0.13","2.1.0.383","PSt7-10","171027-000","6/27/2018 9:55:33 AM","0000-00","0","no battery","V"
"08/23/2019","12:37:35","1","default","104940808","OXY1","1.577","min","173.459","μmol/L","Humid","21.159","deg","92298","µV","31.073","°C","1022.000","hPa","36.0","pmil","0","55.680","deg","20.000","°C","100.000","%a.s.","22.210","deg","20.000","°C","971.000","hPa","0.826","-0.01532","0.000401","-0.00012","0","11.08","Humid","26.60","0","20.10","231571.93","SABD0002000011","AAV2.0.0.13","2.1.0.383","PSt7-10","171027-000","6/27/2018 9:55:33 AM","0000-00","0","no battery","V"
"08/23/2019","12:37:36","1","default","104940808","OXY1","1.594","min","173.394","μmol/L","Humid","21.161","deg","92294","µV","31.079","°C","1022.000","hPa","36.0","pmil","0","55.680","deg","20.000","°C","100.000","%a.s.","22.210","deg","20.000","°C","971.000","hPa","0.826","-0.01532","0.000401","-0.00012","0","11.08","Humid","26.60","0","20.10","231569.21","SABD0002000011","AAV2.0.0.13","2.1.0.383","PSt7-10","171027-000","6/27/2018 9:55:33 AM","0000-00","0","no battery","V"
"08/23/2019","12:37:37","1","default","104940808","OXY1","1.610","min","173.394","μmol/L","Humid","21.161","deg","92295","µV","31.079","°C","1022.000","hPa","36.0","pmil","0","55.680","deg","20.000","°C","100.000","%a.s.","22.210","deg","20.000","°C","971.000","hPa","0.826","-0.01532","0.000401","-0.00012","0","11.08","Humid","26.60","0","20.10","231567.10","SABD0002000011","AAV2.0.0.13","2.1.0.383","PSt7-10","171027-000","6/27/2018 9:55:33 AM","0000-00","0","no battery","V"
"08/23/2019","12:37:38","1","default","104940808","OXY1","1.627","min","173.401","μmol/L","Humid","21.160","deg","92294","µV","31.079","°C","1021.000","hPa","36.0","pmil","0","55.680","deg","20.000","°C","100.000","%a.s.","22.210","deg","20.000","°C","971.000","hPa","0.826","-0.01532","0.000401","-0.00012","0","11.08","Humid","26.60","0","20.10","231566.05","SABD0002000011","AAV2.0.0.13","2.1.0.383","PSt7-10","171027-000","6/27/2018 9:55:33 AM","0000-00","0","no battery","V"
"08/23/2019","12:37:39","1","default","104940808","OXY1","1.644","min","173.382","μmol/L","Humid","21.164","deg","92293","µV","31.073","°C","1022.000","hPa","36.0","pmil","0","55.680","deg","20.000","°C","100.000","%a.s.","22.210","deg","20.000","°C","971.000","hPa","0.826","-0.01532","0.000401","-0.00012","0","11.08","Humid","26.60","0","20.10","231558.97","SABD0002000011","AAV2.0.0.13","2.1.0.383","PSt7-10","171027-000","6/27/2018 9:55:33 AM","0000-00","0","no battery","V"
"08/23/2019","12:37:40","1","default","104940808","OXY1","1.660","min","173.371","μmol/L","Humid","21.162","deg","92295","µV","31.079","°C","1021.000","hPa","36.0","pmil","0","55.680","deg","20.000","°C","100.000","%a.s.","22.210","deg","20.000","°C","971.000","hPa","0.826","-0.01532","0.000401","-0.00012","0","11.08","Humid","26.60","0","20.10","231554.86","SABD0002000011","AAV2.0.0.13","2.1.0.383","PSt7-10","171027-000","6/27/2018 9:55:33 AM","0000-00","0","no battery","V"
"08/23/2019","12:37:41","1","default","104940808","OXY1","1.677","min","173.431","μmol/L","Humid","21.163","deg","92297","µV","31.067","°C","1022.000","hPa","36.0","pmil","0","55.680","deg","20.000","°C","100.000","%a.s.","22.210","deg","20.000","°C","971.000","hPa","0.826","-0.01532","0.000401","-0.00012","0","11.08","Humid","26.60","0","20.10","231554.52","SABD0002000011","AAV2.0.0.13","2.1.0.383","PSt7-10","171027-000","6/27/2018 9:55:33 AM","0000-00","0","no battery","V"
"08/23/2019","12:37:42","1","default","104940808","OXY1","1.694","min","173.462","μmol/L","Humid","21.161","deg","92295","µV","31.067","°C","1022.000","hPa","36.0","pmil","0","55.680","deg","20.000","°C","100.000","%a.s.","22.210","deg","20.000","°C","971.000","hPa","0.826","-0.01532","0.000401","-0.00012","0","11.08","Humid","26.60","0","20.10","231563.46","SABD0002000011","AAV2.0.0.13","2.1.0.383","PSt7-10","171027-000","6/27/2018 9:55:33 AM","0000-00","0","no battery","V"
"08/23/2019","12:37:43","1","default","104940808","OXY1","1.711","min","173.450","μmol/L","Humid","21.164","deg","92302","µV","31.061","°C","1022.000","hPa","36.0","pmil","0","55.680","deg","20.000","°C","100.000","%a.s.","22.210","deg","20.000","°C","971.000","hPa","0.826","-0.01532","0.000401","-0.00012","0","11.08","Humid","26.60","0","20.10","231557.25","SABD0002000011","AAV2.0.0.13","2.1.0.383","PSt7-10","171027-000","6/27/2018 9:55:33 AM","0000-00","0","no battery","V"
"08/23/2019","12:37:44","1","default","104940808","OXY1","1.727","min","173.385","μmol/L","Humid","21.166","deg","92301","µV","31.067","°C","1022.000","hPa","36.0","pmil","0","55.680","deg","20.000","°C","100.000","%a.s.","22.210","deg","20.000","°C","971.000","hPa","0.826","-0.01532","0.000401","-0.00012","0","11.08","Humid","26.60","0","20.10","231547.26","SABD0002000011","AAV2.0.0.13","2.1.0.383","PSt7-10","171027-000","6/27/2018 9:55:33 AM","0000-00","0","no battery","V"
"08/23/2019","12:37:45","1","default","104940808","OXY1","1.744","min","173.462","μmol/L","Humid","21.161","deg","92301","µV","31.067","°C","1022.000","hPa","36.0","pmil","0","55.680","deg","20.000","°C","100.000","%a.s.","22.210","deg","20.000","°C","971.000","hPa","0.826","-0.01532","0.000401","-0.00012","0","11.08","Humid","26.60","0","20.10","231555.03","SABD0002000011","AAV2.0.0.13","2.1.0.383","PSt7-10","171027-000","6/27/2018 9:55:33 AM","0000-00","0","no battery","V"
"08/23/2019","12:37:46","1","default","104940808","OXY1","1.760","min","173.416","μmol/L","Humid","21.164","deg","92304","µV","31.067","°C","1022.000","hPa","36.0","pmil","0","55.680","deg","20.000","°C","100.000","%a.s.","22.210","deg","20.000","°C","971.000","hPa","0.826","-0.01532","0.000401","-0.00012","0","11.08","Humid","26.60","0","20.10","231549.13","SABD0002000011","AAV2.0.0.13","2.1.0.383","PSt7-10","171027-000","6/27/2018 9:55:33 AM","0000-00","0","no battery","V"
"08/23/2019","12:37:47","1","default","104940808","OXY1","1.777","min","173.339","μmol/L","Humid","21.169","deg","92307","µV","31.067","°C","1022.000","hPa","36.0","pmil","0","55.680","deg","20.000","°C","100.000","%a.s.","22.210","deg","20.000","°C","971.000","hPa","0.826","-0.01532","0.000401","-0.00012","0","11.08","Humid","26.60","0","20.10","231537.52","SABD0002000011","AAV2.0.0.13","2.1.0.383","PSt7-10","171027-000","6/27/2018 9:55:33 AM","0000-00","0","no battery","V"
"08/23/2019","12:37:48","1","default","104940808","OXY1","1.793","min","173.388","μmol/L","Humid","21.168","deg","92311","µV","31.061","°C","1022.000","hPa","36.0","pmil","0","55.680","deg","20.000","°C","100.000","%a.s.","22.210","deg","20.000","°C","971.000","hPa","0.826","-0.01532","0.000401","-0.00012","0","11.08","Humid","26.60","0","20.10","231534.12","SABD0002000011","AAV2.0.0.13","2.1.0.383","PSt7-10","171027-000","6/27/2018 9:55:33 AM","0000-00","0","no battery","V"
"08/23/2019","12:37:49","1","default","104940808","OXY1","1.810","min","173.434","μmol/L","Humid","21.165","deg","92305","µV","31.061","°C","1022.000","hPa","36.0","pmil","0","55.680","deg","20.000","°C","100.000","%a.s.","22.210","deg","20.000","°C","971.000","hPa","0.826","-0.01532","0.000401","-0.00012","0","11.08","Humid","26.60","0","20.10","231540.49","SABD0002000011","AAV2.0.0.13","2.1.0.383","PSt7-10","171027-000","6/27/2018 9:55:33 AM","0000-00","0","no battery","V"
"08/23/2019","12:37:50","1","default","104940808","OXY1","1.827","min","173.400","μmol/L","Humid","21.165","deg","92301","µV","31.067","°C","1022.000","hPa","36.0","pmil","0","55.680","deg","20.000","°C","100.000","%a.s.","22.210","deg","20.000","°C","971.000","hPa","0.826","-0.01532","0.000401","-0.00012","0","11.08","Humid","26.60","0","20.10","231525.04","SABD0002000011","AAV2.0.0.13","2.1.0.383","PSt7-10","171027-000","6/27/2018 9:55:33 AM","0000-00","0","no battery","V"
"08/23/2019","12:37:51","1","default","104940808","OXY1","1.844","min","173.323","μmol/L","Humid","21.170","deg","92305","µV","31.067","°C","1022.000","hPa","36.0","pmil","0","55.680","deg","20.000","°C","100.000","%a.s.","22.210","deg","20.000","°C","971.000","hPa","0.826","-0.01532","0.000401","-0.00012","0","11.08","Humid","26.60","0","20.10","231532.71","SABD0002000011","AAV2.0.0.13","2.1.0.383","PSt7-10","171027-000","6/27/2018 9:55:33 AM","0000-00","0","no battery","V"
"08/23/2019","12:37:52","1","default","104940808","OXY1","1.861","min","173.416","μmol/L","Humid","21.164","deg","92305","µV","31.067","°C","1022.000","hPa","36.0","pmil","0","55.680","deg","20.000","°C","100.000","%a.s.","22.210","deg","20.000","°C","971.000","hPa","0.826","-0.01532","0.000401","-0.00012","0","11.08","Humid","26.60","0","20.10","231530.71","SABD0002000011","AAV2.0.0.13","2.1.0.383","PSt7-10","171027-000","6/27/2018 9:55:33 AM","0000-00","0","no battery","V"
"08/23/2019","12:37:53","1","default","104940808","OXY1","1.877","min","173.400","μmol/L","Humid","21.165","deg","92311","µV","31.067","°C","1022.000","hPa","36.0","pmil","0","55.680","deg","20.000","°C","100.000","%a.s.","22.210","deg","20.000","°C","971.000","hPa","0.826","-0.01532","0.000401","-0.00012","0","11.08","Humid","26.60","0","20.10","231520.11","SABD0002000011","AAV2.0.0.13","2.1.0.383","PSt7-10","171027-000","6/27/2018 9:55:33 AM","0000-00","0","no battery","V"
"08/23/2019","12:37:54","1","default","104940808","OXY1","1.894","min","173.477","μmol/L","Humid","21.160","deg","92302","µV","31.067","°C","1022.000","hPa","36.0","pmil","0","55.680","deg","20.000","°C","100.000","%a.s.","22.210","deg","20.000","°C","971.000","hPa","0.826","-0.01532","0.000401","-0.00012","0","11.08","Humid","26.60","0","20.10","231525.01","SABD0002000011","AAV2.0.0.13","2.1.0.383","PSt7-10","171027-000","6/27/2018 9:55:33 AM","0000-00","0","no battery","V"
"08/23/2019","12:37:55","1","default","104940808","OXY1","1.910","min","173.343","μmol/L","Humid","21.166","deg","92304","µV","31.073","°C","1021.000","hPa","36.0","pmil","0","55.680","deg","20.000","°C","100.000","%a.s.","22.210","deg","20.000","°C","971.000","hPa","0.826","-0.01532","0.000401","-0.00012","0","11.08","Humid","26.60","0","20.10","231523.62","SABD0002000011","AAV2.0.0.13","2.1.0.383","PSt7-10","171027-000","6/27/2018 9:55:33 AM","0000-00","0","no battery","V"
"08/23/2019","12:37:56","1","default","104940808","OXY1","1.927","min","173.336","μmol/L","Humid","21.167","deg","92299","µV","31.073","°C","1022.000","hPa","36.0","pmil","0","55.680","deg","20.000","°C","100.000","%a.s.","22.210","deg","20.000","°C","971.000","hPa","0.826","-0.01532","0.000401","-0.00012","0","11.08","Humid","26.60","0","20.10","231520.20","SABD0002000011","AAV2.0.0.13","2.1.0.383","PSt7-10","171027-000","6/27/2018 9:55:33 AM","0000-00","0","no battery","V"
"08/23/2019","12:37:57","1","default","104940808","OXY1","1.943","min","173.302","μmol/L","Humid","21.167","deg","92291","µV","31.079","°C","1022.000","hPa","36.0","pmil","0","55.680","deg","20.000","°C","100.000","%a.s.","22.210","deg","20.000","°C","971.000","hPa","0.826","-0.01532","0.000401","-0.00012","0","11.08","Humid","26.60","0","20.10","231512.85","SABD0002000011","AAV2.0.0.13","2.1.0.383","PSt7-10","171027-000","6/27/2018 9:55:33 AM","0000-00","0","no battery","V"
"08/23/2019","12:37:58","1","default","104940808","OXY1","1.960","min","173.394","μmol/L","Humid","21.161","deg","92294","µV","31.079","°C","1022.000","hPa","36.0","pmil","0","55.680","deg","20.000","°C","100.000","%a.s.","22.210","deg","20.000","°C","971.000","hPa","0.826","-0.01532","0.000401","-0.00012","0","11.08","Humid","26.60","0","20.10","231509.64","SABD0002000011","AAV2.0.0.13","2.1.0.383","PSt7-10","171027-000","6/27/2018 9:55:33 AM","0000-00","0","no battery","V"
"08/23/2019","12:37:59","1","default","104940808","OXY1","1.977","min","173.366","μmol/L","Humid","21.165","deg","92290","µV","31.073","°C","1022.000","hPa","36.0","pmil","0","55.680","deg","20.000","°C","100.000","%a.s.","22.210","deg","20.000","°C","971.000","hPa","0.826","-0.01532","0.000401","-0.00012","0","11.08","Humid","26.60","0","20.10","231503.83","SABD0002000011","AAV2.0.0.13","2.1.0.383","PSt7-10","171027-000","6/27/2018 9:55:33 AM","0000-00","0","no battery","V"
"08/23/2019","12:38:00","1","default","104940808","OXY1","1.994","min","173.366","μmol/L","Humid","21.165","deg","92293","µV","31.073","°C","1022.000","hPa","36.0","pmil","0","55.680","deg","20.000","°C","100.000","%a.s.","22.210","deg","20.000","°C","971.000","hPa","0.826","-0.01532","0.000401","-0.00012","0","11.08","Humid","26.60","0","20.10","231507.91","SABD0002000011","AAV2.0.0.13","2.1.0.383","PSt7-10","171027-000","6/27/2018 9:55:33 AM","0000-00","0","no battery","V"
"08/23/2019","12:38:01","1","default","104940808","OXY1","2.011","min","173.332","μmol/L","Humid","21.165","deg","92283","µV","31.079","°C","1022.000","hPa","36.0","pmil","0","55.680","deg","20.000","°C","100.000","%a.s.","22.210","deg","20.000","°C","971.000","hPa","0.826","-0.01532","0.000401","-0.00012","0","11.08","Humid","26.60","0","20.10","231496.23","SABD0002000011","AAV2.0.0.13","2.1.0.383","PSt7-10","171027-000","6/27/2018 9:55:33 AM","0000-00","0","no battery","V"
"08/23/2019","12:38:02","1","default","104940808","OXY1","2.027","min","173.366","μmol/L","Humid","21.165","deg","92284","µV","31.073","°C","1022.000","hPa","36.0","pmil","0","55.680","deg","20.000","°C","100.000","%a.s.","22.210","deg","20.000","°C","971.000","hPa","0.826","-0.01532","0.000401","-0.00012","0","11.08","Humid","26.60","0","20.10","231496.32","SABD0002000011","AAV2.0.0.13","2.1.0.383","PSt7-10","171027-000","6/27/2018 9:55:33 AM","0000-00","0","no battery","V"
"08/23/2019","12:38:03","1","default","104940808","OXY1","2.044","min","173.286","μmol/L","Humid","21.168","deg","92279","µV","31.079","°C","1022.000","hPa","36.0","pmil","0","55.680","deg","20.000","°C","100.000","%a.s.","22.210","deg","20.000","°C","971.000","hPa","0.826","-0.01532","0.000401","-0.00012","0","11.08","Humid","26.60","0","20.10","231492.48","SABD0002000011","AAV2.0.0.13","2.1.0.383","PSt7-10","171027-000","6/27/2018 9:55:33 AM","0000-00","0","no battery","V"
"08/23/2019","12:38:04","1","default","104940808","OXY1","2.060","min","173.282","μmol/L","Humid","21.170","deg","92277","µV","31.073","°C","1021.000","hPa","36.0","pmil","0","55.680","deg","20.000","°C","100.000","%a.s.","22.210","deg","20.000","°C","971.000","hPa","0.826","-0.01532","0.000401","-0.00012","0","11.08","Humid","26.60","0","20.10","231491.03","SABD0002000011","AAV2.0.0.13","2.1.0.383","PSt7-10","171027-000","6/27/2018 9:55:33 AM","0000-00","0","no battery","V"
"08/23/2019","12:38:05","1","default","104940808","OXY1","2.077","min","173.397","μmol/L","Humid","21.163","deg","92270","µV","31.073","°C","1022.000","hPa","36.0","pmil","0","55.680","deg","20.000","°C","100.000","%a.s.","22.210","deg","20.000","°C","971.000","hPa","0.826","-0.01532","0.000401","-0.00012","0","11.08","Humid","26.60","0","20.10","231503.36","SABD0002000011","AAV2.0.0.13","2.1.0.383","PSt7-10","171027-000","6/27/2018 9:55:33 AM","0000-00","0","no battery","V"
"08/23/2019","12:38:06","1","default","104940808","OXY1","2.093","min","173.363","μmol/L","Humid","21.163","deg","92270","µV","31.079","°C","1022.000","hPa","36.0","pmil","0","55.680","deg","20.000","°C","100.000","%a.s.","22.210","deg","20.000","°C","971.000","hPa","0.826","-0.01532","0.000401","-0.00012","0","11.08","Humid","26.60","0","20.10","231483.42","SABD0002000011","AAV2.0.0.13","2.1.0.383","PSt7-10","171027-000","6/27/2018 9:55:33 AM","0000-00","0","no battery","V"
"08/23/2019","12:38:07","1","default","104940808","OXY1","2.110","min","173.366","μmol/L","Humid","21.165","deg","92269","µV","31.073","°C","1022.000","hPa","36.0","pmil","0","55.680","deg","20.000","°C","100.000","%a.s.","22.210","deg","20.000","°C","971.000","hPa","0.826","-0.01532","0.000401","-0.00012","0","11.08","Humid","26.60","0","20.10","231491.48","SABD0002000011","AAV2.0.0.13","2.1.0.383","PSt7-10","171027-000","6/27/2018 9:55:33 AM","0000-00","0","no battery","V"
"08/23/2019","12:38:08","1","default","104940808","OXY1","2.127","min","173.348","μmol/L","Humid","21.164","deg","92269","µV","31.079","°C","1022.000","hPa","36.0","pmil","0","55.680","deg","20.000","°C","100.000","%a.s.","22.210","deg","20.000","°C","971.000","hPa","0.826","-0.01532","0.000401","-0.00012","0","11.08","Humid","26.60","0","20.10","231503.18","SABD0002000011","AAV2.0.0.13","2.1.0.383","PSt7-10","171027-000","6/27/2018 9:55:33 AM","0000-00","0","no battery","V"
"08/23/2019","12:38:09","1","default","104940808","OXY1","2.144","min","173.332","μmol/L","Humid","21.165","deg","92274","µV","31.079","°C","1022.000","hPa","36.0","pmil","0","55.680","deg","20.000","°C","100.000","%a.s.","22.210","deg","20.000","°C","971.000","hPa","0.826","-0.01532","0.000401","-0.00012","0","11.08","Humid","26.60","0","20.10","231496.10","SABD0002000011","AAV2.0.0.13","2.1.0.383","PSt7-10","171027-000","6/27/2018 9:55:33 AM","0000-00","0","no battery","V"
"08/23/2019","12:38:10","1","default","104940808","OXY1","2.161","min","173.363","μmol/L","Humid","21.163","deg","92270","µV","31.079","°C","1022.000","hPa","36.0","pmil","0","55.680","deg","20.000","°C","100.000","%a.s.","22.210","deg","20.000","°C","971.000","hPa","0.826","-0.01532","0.000401","-0.00012","0","11.08","Humid","26.60","0","20.10","231490.94","SABD0002000011","AAV2.0.0.13","2.1.0.383","PSt7-10","171027-000","6/27/2018 9:55:33 AM","0000-00","0","no battery","V"
"08/23/2019","12:38:11","1","default","104940808","OXY1","2.177","min","173.351","μmol/L","Humid","21.166","deg","92265","µV","31.073","°C","1022.000","hPa","36.0","pmil","0","55.680","deg","20.000","°C","100.000","%a.s.","22.210","deg","20.000","°C","971.000","hPa","0.826","-0.01532","0.000401","-0.00012","0","11.08","Humid","26.60","0","20.10","231481.34","SABD0002000011","AAV2.0.0.13","2.1.0.383","PSt7-10","171027-000","6/27/2018 9:55:33 AM","0000-00","0","no battery","V"
"08/23/2019","12:38:12","1","default","104940808","OXY1","2.193","min","173.366","μmol/L","Humid","21.165","deg","92260","µV","31.073","°C","1022.000","hPa","36.0","pmil","0","55.680","deg","20.000","°C","100.000","%a.s.","22.210","deg","20.000","°C","971.000","hPa","0.826","-0.01532","0.000401","-0.00012","0","11.08","Humid","26.60","0","20.10","231492.22","SABD0002000011","AAV2.0.0.13","2.1.0.383","PSt7-10","171027-000","6/27/2018 9:55:33 AM","0000-00","0","no battery","V"
"08/23/2019","12:38:13","1","default","104940808","OXY1","2.211","min","173.408","μmol/L","Humid","21.164","deg","92271","µV","31.067","°C","1021.000","hPa","36.0","pmil","0","55.680","deg","20.000","°C","100.000","%a.s.","22.210","deg","20.000","°C","971.000","hPa","0.826","-0.01532","0.000401","-0.00012","0","11.08","Humid","26.60","0","20.10","231484.42","SABD0002000011","AAV2.0.0.13","2.1.0.383","PSt7-10","171027-000","6/27/2018 9:55:33 AM","0000-00","0","no battery","V"
"08/23/2019","12:38:14","1","default","104940808","OXY1","2.227","min","173.397","μmol/L","Humid","21.163","deg","92269","µV","31.073","°C","1022.000","hPa","36.0","pmil","0","55.680","deg","20.000","°C","100.000","%a.s.","22.210","deg","20.000","°C","971.000","hPa","0.826","-0.01532","0.000401","-0.00012","0","11.08","Humid","26.60","0","20.10","231486.77","SABD0002000011","AAV2.0.0.13","2.1.0.383","PSt7-10","171027-000","6/27/2018 9:55:33 AM","0000-00","0","no battery","V"
"08/23/2019","12:38:15","1","default","104940808","OXY1","2.244","min","173.286","μmol/L","Humid","21.168","deg","92262","µV","31.079","°C","1022.000","hPa","36.0","pmil","0","55.680","deg","20.000","°C","100.000","%a.s.","22.210","deg","20.000","°C","971.000","hPa","0.826","-0.01532","0.000401","-0.00012","0","11.08","Humid","26.60","0","20.10","231483.38","SABD0002000011","AAV2.0.0.13","2.1.0.383","PSt7-10","171027-000","6/27/2018 9:55:33 AM","0000-00","0","no battery","V"
"08/23/2019","12:38:16","1","default","104940808","OXY1","2.260","min","173.336","μmol/L","Humid","21.167","deg","92258","µV","31.073","°C","1022.000","hPa","36.0","pmil","0","55.680","deg","20.000","°C","100.000","%a.s.","22.210","deg","20.000","°C","971.000","hPa","0.826","-0.01532","0.000401","-0.00012","0","11.08","Humid","26.60","0","20.10","231473.83","SABD0002000011","AAV2.0.0.13","2.1.0.383","PSt7-10","171027-000","6/27/2018 9:55:33 AM","0000-00","0","no battery","V"
"08/23/2019","12:38:17","1","default","104940808","OXY1","2.277","min","173.317","μmol/L","Humid","21.166","deg","92261","µV","31.079","°C","1022.000","hPa","36.0","pmil","0","55.680","deg","20.000","°C","100.000","%a.s.","22.210","deg","20.000","°C","971.000","hPa","0.826","-0.01532","0.000401","-0.00012","0","11.08","Humid","26.60","0","20.10","231476.15","SABD0002000011","AAV2.0.0.13","2.1.0.383","PSt7-10","171027-000","6/27/2018 9:55:33 AM","0000-00","0","no battery","V"
"08/23/2019","12:38:18","1","default","104940808","OXY1","2.293","min","173.413","μmol/L","Humid","21.162","deg","92260","µV","31.073","°C","1022.000","hPa","36.0","pmil","0","55.680","deg","20.000","°C","100.000","%a.s.","22.210","deg","20.000","°C","971.000","hPa","0.826","-0.01532","0.000401","-0.00012","0","11.08","Humid","26.60","0","20.10","231471.83","SABD0002000011","AAV2.0.0.13","2.1.0.383","PSt7-10","171027-000","6/27/2018 9:55:33 AM","0000-00","0","no battery","V"
"08/23/2019","12:38:19","1","default","104940808","OXY1","2.310","min","173.320","μmol/L","Humid","21.168","deg","92256","µV","31.073","°C","1022.000","hPa","36.0","pmil","0","55.680","deg","20.000","°C","100.000","%a.s.","22.210","deg","20.000","°C","971.000","hPa","0.826","-0.01532","0.000401","-0.00012","0","11.08","Humid","26.60","0","20.10","231467.80","SABD0002000011","AAV2.0.0.13","2.1.0.383","PSt7-10","171027-000","6/27/2018 9:55:33 AM","0000-00","0","no battery","V"
"08/23/2019","12:38:20","1","default","104940808","OXY1","2.327","min","173.351","μmol/L","Humid","21.166","deg","92254","µV","31.073","°C","1022.000","hPa","36.0","pmil","0","55.680","deg","20.000","°C","100.000","%a.s.","22.210","deg","20.000","°C","971.000","hPa","0.826","-0.01532","0.000401","-0.00012","0","11.08","Humid","26.60","0","20.10","231463.20","SABD0002000011","AAV2.0.0.13","2.1.0.383","PSt7-10","171027-000","6/27/2018 9:55:33 AM","0000-00","0","no battery","V"
"08/23/2019","12:38:21","1","default","104940808","OXY1","2.344","min","173.336","μmol/L","Humid","21.167","deg","92253","µV","31.073","°C","1022.000","hPa","36.0","pmil","0","55.680","deg","20.000","°C","100.000","%a.s.","22.210","deg","20.000","°C","971.000","hPa","0.826","-0.01532","0.000401","-0.00012","0","11.08","Humid","26.60","0","20.10","231462.41","SABD0002000011","AAV2.0.0.13","2.1.0.383","PSt7-10","171027-000","6/27/2018 9:55:33 AM","0000-00","0","no battery","V"
"08/23/2019","12:38:22","1","default","104940808","OXY1","2.361","min","173.320","μmol/L","Humid","21.168","deg","92252","µV","31.073","°C","1022.000","hPa","36.0","pmil","0","55.680","deg","20.000","°C","100.000","%a.s.","22.210","deg","20.000","°C","971.000","hPa","0.826","-0.01532","0.000401","-0.00012","0","11.08","Humid","26.60","0","20.10","231457.70","SABD0002000011","AAV2.0.0.13","2.1.0.383","PSt7-10","171027-000","6/27/2018 9:55:33 AM","0000-00","0","no battery","V"
"08/23/2019","12:38:23","1","default","104940808","OXY1","2.377","min","173.339","μmol/L","Humid","21.169","deg","92255","µV","31.067","°C","1022.000","hPa","36.0","pmil","0","55.680","deg","20.000","°C","100.000","%a.s.","22.210","deg","20.000","°C","971.000","hPa","0.826","-0.01532","0.000401","-0.00012","0","11.08","Humid","26.60","0","20.10","231457.02","SABD0002000011","AAV2.0.0.13","2.1.0.383","PSt7-10","171027-000","6/27/2018 9:55:33 AM","0000-00","0","no battery","V"
"08/23/2019","12:38:24","1","default","104940808","OXY1","2.394","min","173.370","μmol/L","Humid","21.167","deg","92247","µV","31.067","°C","1022.000","hPa","36.0","pmil","0","55.680","deg","20.000","°C","100.000","%a.s.","22.210","deg","20.000","°C","971.000","hPa","0.826","-0.01532","0.000401","-0.00012","0","11.08","Humid","26.60","0","20.10","231457.27","SABD0002000011","AAV2.0.0.13","2.1.0.383","PSt7-10","171027-000","6/27/2018 9:55:33 AM","0000-00","0","no battery","V"
"08/23/2019","12:38:25","1","default","104940808","OXY1","2.410","min","173.366","μmol/L","Humid","21.165","deg","92250","µV","31.073","°C","1022.000","hPa","36.0","pmil","0","55.680","deg","20.000","°C","100.000","%a.s.","22.210","deg","20.000","°C","971.000","hPa","0.826","-0.01532","0.000401","-0.00012","0","11.08","Humid","26.60","0","20.10","231452.46","SABD0002000011","AAV2.0.0.13","2.1.0.383","PSt7-10","171027-000","6/27/2018 9:55:33 AM","0000-00","0","no battery","V"
"08/23/2019","12:38:26","1","default","104940808","OXY1","2.427","min","173.339","μmol/L","Humid","21.169","deg","92244","µV","31.067","°C","1022.000","hPa","36.0","pmil","0","55.680","deg","20.000","°C","100.000","%a.s.","22.210","deg","20.000","°C","971.000","hPa","0.826","-0.01532","0.000401","-0.00012","0","11.08","Humid","26.60","0","20.10","231456.27","SABD0002000011","AAV2.0.0.13","2.1.0.383","PSt7-10","171027-000","6/27/2018 9:55:33 AM","0000-00","0","no battery","V"
"08/23/2019","12:38:27","1","default","104940808","OXY1","2.443","min","173.289","μmol/L","Humid","21.170","deg","92242","µV","31.073","°C","1022.000","hPa","36.0","pmil","0","55.680","deg","20.000","°C","100.000","%a.s.","22.210","deg","20.000","°C","971.000","hPa","0.826","-0.01532","0.000401","-0.00012","0","11.08","Humid","26.60","0","20.10","231450.67","SABD0002000011","AAV2.0.0.13","2.1.0.383","PSt7-10","171027-000","6/27/2018 9:55:33 AM","0000-00","0","no battery","V"
"08/23/2019","12:38:28","1","default","104940808","OXY1","2.460","min","173.305","μmol/L","Humid","21.169","deg","92237","µV","31.073","°C","1022.000","hPa","36.0","pmil","0","55.680","deg","20.000","°C","100.000","%a.s.","22.210","deg","20.000","°C","971.000","hPa","0.826","-0.01532","0.000401","-0.00012","0","11.08","Humid","26.60","0","20.10","231443.61","SABD0002000011","AAV2.0.0.13","2.1.0.383","PSt7-10","171027-000","6/27/2018 9:55:33 AM","0000-00","0","no battery","V"
"08/23/2019","12:38:29","1","default","104940808","OXY1","2.477","min","173.416","μmol/L","Humid","21.164","deg","92239","µV","31.067","°C","1022.000","hPa","36.0","pmil","0","55.680","deg","20.000","°C","100.000","%a.s.","22.210","deg","20.000","°C","971.000","hPa","0.826","-0.01532","0.000401","-0.00012","0","11.08","Humid","26.60","0","20.10","231441.85","SABD0002000011","AAV2.0.0.13","2.1.0.383","PSt7-10","171027-000","6/27/2018 9:55:33 AM","0000-00","0","no battery","V"
"08/23/2019","12:38:30","1","default","104940808","OXY1","2.494","min","173.382","μmol/L","Humid","21.164","deg","92236","µV","31.073","°C","1022.000","hPa","36.0","pmil","0","55.680","deg","20.000","°C","100.000","%a.s.","22.210","deg","20.000","°C","971.000","hPa","0.826","-0.01532","0.000401","-0.00012","0","11.08","Humid","26.60","0","20.10","231443.66","SABD0002000011","AAV2.0.0.13","2.1.0.383","PSt7-10","171027-000","6/27/2018 9:55:33 AM","0000-00","0","no battery","V"
"08/23/2019","12:38:31","1","default","104940808","OXY1","2.511","min","173.332","μmol/L","Humid","21.165","deg","92245","µV","31.079","°C","1022.000","hPa","36.0","pmil","0","55.680","deg","20.000","°C","100.000","%a.s.","22.210","deg","20.000","°C","971.000","hPa","0.826","-0.01532","0.000401","-0.00012","0","11.08","Humid","26.60","0","20.10","231442.94","SABD0002000011","AAV2.0.0.13","2.1.0.383","PSt7-10","171027-000","6/27/2018 9:55:33 AM","0000-00","0","no battery","V"
"08/23/2019","12:38:32","1","default","104940808","OXY1","2.527","min","173.379","μmol/L","Humid","21.162","deg","92233","µV","31.079","°C","1022.000","hPa","36.0","pmil","0","55.680","deg","20.000","°C","100.000","%a.s.","22.210","deg","20.000","°C","971.000","hPa","0.826","-0.01532","0.000401","-0.00012","0","11.08","Humid","26.60","0","20.10","231447.25","SABD0002000011","AAV2.0.0.13","2.1.0.383","PSt7-10","171027-000","6/27/2018 9:55:33 AM","0000-00","0","no battery","V"
"08/23/2019","12:38:33","1","default","104940808","OXY1","2.544","min","173.336","μmol/L","Humid","21.167","deg","92231","µV","31.073","°C","1022.000","hPa","36.0","pmil","0","55.680","deg","20.000","°C","100.000","%a.s.","22.210","deg","20.000","°C","971.000","hPa","0.826","-0.01532","0.000401","-0.00012","0","11.08","Humid","26.60","0","20.10","231448.17","SABD0002000011","AAV2.0.0.13","2.1.0.383","PSt7-10","171027-000","6/27/2018 9:55:33 AM","0000-00","0","no battery","V"
"08/23/2019","12:38:34","1","default","104940808","OXY1","2.560","min","173.348","μmol/L","Humid","21.164","deg","92233","µV","31.079","°C","1022.000","hPa","36.0","pmil","0","55.680","deg","20.000","°C","100.000","%a.s.","22.210","deg","20.000","°C","971.000","hPa","0.826","-0.01532","0.000401","-0.00012","0","11.08","Humid","26.60","0","20.10","231440.54","SABD0002000011","AAV2.0.0.13","2.1.0.383","PSt7-10","171027-000","6/27/2018 9:55:33 AM","0000-00","0","no battery","V"
"08/23/2019","12:38:35","1","default","104940808","OXY1","2.577","min","173.379","μmol/L","Humid","21.162","deg","92227","µV","31.079","°C","1022.000","hPa","36.0","pmil","0","55.680","deg","20.000","°C","100.000","%a.s.","22.210","deg","20.000","°C","971.000","hPa","0.826","-0.01532","0.000401","-0.00012","0","11.08","Humid","26.60","0","20.10","231446.20","SABD0002000011","AAV2.0.0.13","2.1.0.383","PSt7-10","171027-000","6/27/2018 9:55:33 AM","0000-00","0","no battery","V"
"08/23/2019","12:38:36","1","default","104940808","OXY1","2.593","min","173.413","μmol/L","Humid","21.162","deg","92223","µV","31.073","°C","1022.000","hPa","36.0","pmil","0","55.680","deg","20.000","°C","100.000","%a.s.","22.210","deg","20.000","°C","971.000","hPa","0.826","-0.01532","0.000401","-0.00012","0","11.08","Humid","26.60","0","20.10","231435.95","SABD0002000011","AAV2.0.0.13","2.1.0.383","PSt7-10","171027-000","6/27/2018 9:55:33 AM","0000-00","0","no battery","V"
"08/23/2019","12:38:37","1","default","104940808","OXY1","2.610","min","173.317","μmol/L","Humid","21.166","deg","92225","µV","31.079","°C","1022.000","hPa","36.0","pmil","0","55.680","deg","20.000","°C","100.000","%a.s.","22.210","deg","20.000","°C","971.000","hPa","0.826","-0.01532","0.000401","-0.00012","0","11.08","Humid","26.60","0","20.10","231435.09","SABD0002000011","AAV2.0.0.13","2.1.0.383","PSt7-10","171027-000","6/27/2018 9:55:33 AM","0000-00","0","no battery","V"
"08/23/2019","12:38:38","1","default","104940808","OXY1","2.627","min","173.397","μmol/L","Humid","21.163","deg","92218","µV","31.073","°C","1022.000","hPa","36.0","pmil","0","55.680","deg","20.000","°C","100.000","%a.s.","22.210","deg","20.000","°C","971.000","hPa","0.826","-0.01532","0.000401","-0.00012","0","11.08","Humid","26.60","0","20.10","231419.40","SABD0002000011","AAV2.0.0.13","2.1.0.383","PSt7-10","171027-000","6/27/2018 9:55:33 AM","0000-00","0","no battery","V"
"08/23/2019","12:38:39","1","default","104940808","OXY1","2.644","min","173.397","μmol/L","Humid","21.163","deg","92224","µV","31.073","°C","1022.000","hPa","36.0","pmil","0","55.680","deg","20.000","°C","100.000","%a.s.","22.210","deg","20.000","°C","971.000","hPa","0.826","-0.01532","0.000401","-0.00012","0","11.08","Humid","26.60","0","20.10","231428.17","SABD0002000011","AAV2.0.0.13","2.1.0.383","PSt7-10","171027-000","6/27/2018 9:55:33 AM","0000-00","0","no battery","V"
"08/23/2019","12:38:40","1","default","104940808","OXY1","2.661","min","173.382","μmol/L","Humid","21.164","deg","92224","µV","31.073","°C","1022.000","hPa","36.0","pmil","0","55.680","deg","20.000","°C","100.000","%a.s.","22.210","deg","20.000","°C","971.000","hPa","0.826","-0.01532","0.000401","-0.00012","0","11.08","Humid","26.60","0","20.10","231422.59","SABD0002000011","AAV2.0.0.13","2.1.0.383","PSt7-10","171027-000","6/27/2018 9:55:33 AM","0000-00","0","no battery","V"
"08/23/2019","12:38:41","1","default","104940808","OXY1","2.677","min","173.348","μmol/L","Humid","21.164","deg","92220","µV","31.079","°C","1022.000","hPa","36.0","pmil","0","55.680","deg","20.000","°C","100.000","%a.s.","22.210","deg","20.000","°C","971.000","hPa","0.826","-0.01532","0.000401","-0.00012","0","11.08","Humid","26.60","0","20.10","231423.94","SABD0002000011","AAV2.0.0.13","2.1.0.383","PSt7-10","171027-000","6/27/2018 9:55:33 AM","0000-00","0","no battery","V"
"08/23/2019","12:38:42","1","default","104940808","OXY1","2.693","min","173.382","μmol/L","Humid","21.164","deg","92218","µV","31.073","°C","1022.000","hPa","36.0","pmil","0","55.680","deg","20.000","°C","100.000","%a.s.","22.210","deg","20.000","°C","971.000","hPa","0.826","-0.01532","0.000401","-0.00012","0","11.08","Humid","26.60","0","20.10","231421.90","SABD0002000011","AAV2.0.0.13","2.1.0.383","PSt7-10","171027-000","6/27/2018 9:55:33 AM","0000-00","0","no battery","V"
"08/23/2019","12:38:43","1","default","104940808","OXY1","2.710","min","173.332","μmol/L","Humid","21.165","deg","92213","µV","31.079","°C","1022.000","hPa","36.0","pmil","0","55.680","deg","20.000","°C","100.000","%a.s.","22.210","deg","20.000","°C","971.000","hPa","0.826","-0.01532","0.000401","-0.00012","0","11.08","Humid","26.60","0","20.10","231417.06","SABD0002000011","AAV2.0.0.13","2.1.0.383","PSt7-10","171027-000","6/27/2018 9:55:33 AM","0000-00","0","no battery","V"
"08/23/2019","12:38:44","1","default","104940808","OXY1","2.727","min","173.379","μmol/L","Humid","21.162","deg","92213","µV","31.079","°C","1022.000","hPa","36.0","pmil","0","55.680","deg","20.000","°C","100.000","%a.s.","22.210","deg","20.000","°C","971.000","hPa","0.826","-0.01532","0.000401","-0.00012","0","11.08","Humid","26.60","0","20.10","231419.79","SABD0002000011","AAV2.0.0.13","2.1.0.383","PSt7-10","171027-000","6/27/2018 9:55:33 AM","0000-00","0","no battery","V"
"08/23/2019","12:38:45","1","default","104940808","OXY1","2.744","min","173.351","μmol/L","Humid","21.166","deg","92214","µV","31.073","°C","1022.000","hPa","36.0","pmil","0","55.680","deg","20.000","°C","100.000","%a.s.","22.210","deg","20.000","°C","971.000","hPa","0.826","-0.01532","0.000401","-0.00012","0","11.08","Humid","26.60","0","20.10","231409.18","SABD0002000011","AAV2.0.0.13","2.1.0.383","PSt7-10","171027-000","6/27/2018 9:55:33 AM","0000-00","0","no battery","V"
"08/23/2019","12:38:46","1","default","104940808","OXY1","2.760","min","173.351","μmol/L","Humid","21.166","deg","92209","µV","31.073","°C","1022.000","hPa","36.0","pmil","0","55.680","deg","20.000","°C","100.000","%a.s.","22.210","deg","20.000","°C","971.000","hPa","0.826","-0.01532","0.000401","-0.00012","0","11.08","Humid","26.60","0","20.10","231401.49","SABD0002000011","AAV2.0.0.13","2.1.0.383","PSt7-10","171027-000","6/27/2018 9:55:33 AM","0000-00","0","no battery","V"
"08/23/2019","12:38:47","1","default","104940808","OXY1","2.777","min","173.366","μmol/L","Humid","21.165","deg","92209","µV","31.073","°C","1022.000","hPa","36.0","pmil","0","55.680","deg","20.000","°C","100.000","%a.s.","22.210","deg","20.000","°C","971.000","hPa","0.826","-0.01532","0.000401","-0.00012","0","11.08","Humid","26.60","0","20.10","231406.30","SABD0002000011","AAV2.0.0.13","2.1.0.383","PSt7-10","171027-000","6/27/2018 9:55:33 AM","0000-00","0","no battery","V"
"08/23/2019","12:38:48","1","default","104940808","OXY1","2.794","min","173.366","μmol/L","Humid","21.165","deg","92216","µV","31.073","°C","1022.000","hPa","36.0","pmil","0","55.680","deg","20.000","°C","100.000","%a.s.","22.210","deg","20.000","°C","971.000","hPa","0.826","-0.01532","0.000401","-0.00012","0","11.08","Humid","26.60","0","20.10","231409.62","SABD0002000011","AAV2.0.0.13","2.1.0.383","PSt7-10","171027-000","6/27/2018 9:55:33 AM","0000-00","0","no battery","V"
"08/23/2019","12:38:49","1","default","104940808","OXY1","2.811","min","173.320","μmol/L","Humid","21.168","deg","92209","µV","31.073","°C","1022.000","hPa","36.0","pmil","0","55.680","deg","20.000","°C","100.000","%a.s.","22.210","deg","20.000","°C","971.000","hPa","0.826","-0.01532","0.000401","-0.00012","0","11.08","Humid","26.60","0","20.10","231408.53","SABD0002000011","AAV2.0.0.13","2.1.0.383","PSt7-10","171027-000","6/27/2018 9:55:33 AM","0000-00","0","no battery","V"
"08/23/2019","12:38:50","1","default","104940808","OXY1","2.827","min","173.386","μmol/L","Humid","21.161","deg","92203","µV","31.079","°C","1021.000","hPa","36.0","pmil","0","55.680","deg","20.000","°C","100.000","%a.s.","22.210","deg","20.000","°C","971.000","hPa","0.826","-0.01532","0.000401","-0.00012","0","11.08","Humid","26.60","0","20.10","231400.12","SABD0002000011","AAV2.0.0.13","2.1.0.383","PSt7-10","171027-000","6/27/2018 9:55:33 AM","0000-00","0","no battery","V"
"08/23/2019","12:38:51","1","default","104940808","OXY1","2.843","min","173.348","μmol/L","Humid","21.164","deg","92207","µV","31.079","°C","1022.000","hPa","36.0","pmil","0","55.680","deg","20.000","°C","100.000","%a.s.","22.210","deg","20.000","°C","971.000","hPa","0.826","-0.01532","0.000401","-0.00012","0","11.08","Humid","26.60","0","20.10","231399.19","SABD0002000011","AAV2.0.0.13","2.1.0.383","PSt7-10","171027-000","6/27/2018 9:55:33 AM","0000-00","0","no battery","V"
"08/23/2019","12:38:52","1","default","104940808","OXY1","2.860","min","173.428","μmol/L","Humid","21.161","deg","92195","µV","31.073","°C","1022.000","hPa","36.0","pmil","0","55.680","deg","20.000","°C","100.000","%a.s.","22.210","deg","20.000","°C","971.000","hPa","0.826","-0.01532","0.000401","-0.00012","0","11.08","Humid","26.60","0","20.10","231405.68","SABD0002000011","AAV2.0.0.13","2.1.0.383","PSt7-10","171027-000","6/27/2018 9:55:33 AM","0000-00","0","no battery","V"
"08/23/2019","12:38:53","1","default","104940808","OXY1","2.877","min","173.360","μmol/L","Humid","21.161","deg","92201","µV","31.086","°C","1022.000","hPa","36.0","pmil","0","55.680","deg","20.000","°C","100.000","%a.s.","22.210","deg","20.000","°C","971.000","hPa","0.826","-0.01532","0.000401","-0.00012","0","11.08","Humid","26.60","0","20.10","231395.83","SABD0002000011","AAV2.0.0.13","2.1.0.383","PSt7-10","171027-000","6/27/2018 9:55:33 AM","0000-00","0","no battery","V"
"08/23/2019","12:38:54","1","default","104940808","OXY1","2.894","min","173.375","μmol/L","Humid","21.160","deg","92204","µV","31.086","°C","1022.000","hPa","36.0","pmil","0","55.680","deg","20.000","°C","100.000","%a.s.","22.210","deg","20.000","°C","971.000","hPa","0.826","-0.01532","0.000401","-0.00012","0","11.08","Humid","26.60","0","20.10","231404.19","SABD0002000011","AAV2.0.0.13","2.1.0.383","PSt7-10","171027-000","6/27/2018 9:55:33 AM","0000-00","0","no battery","V"
"08/23/2019","12:38:55","1","default","104940808","OXY1","2.910","min","173.348","μmol/L","Humid","21.164","deg","92198","µV","31.079","°C","1022.000","hPa","36.0","pmil","0","55.680","deg","20.000","°C","100.000","%a.s.","22.210","deg","20.000","°C","971.000","hPa","0.826","-0.01532","0.000401","-0.00012","0","11.08","Humid","26.60","0","20.10","231390.36","SABD0002000011","AAV2.0.0.13","2.1.0.383","PSt7-10","171027-000","6/27/2018 9:55:33 AM","0000-00","0","no battery","V"
"08/23/2019","12:38:56","1","default","104940808","OXY1","2.927","min","173.320","μmol/L","Humid","21.168","deg","92191","µV","31.073","°C","1022.000","hPa","36.0","pmil","0","55.680","deg","20.000","°C","100.000","%a.s.","22.210","deg","20.000","°C","971.000","hPa","0.826","-0.01532","0.000401","-0.00012","0","11.08","Humid","26.60","0","20.10","231391.02","SABD0002000011","AAV2.0.0.13","2.1.0.383","PSt7-10","171027-000","6/27/2018 9:55:33 AM","0000-00","0","no battery","V"
"08/23/2019","12:38:57","1","default","104940808","OXY1","2.944","min","173.413","μmol/L","Humid","21.162","deg","92191","µV","31.073","°C","1022.000","hPa","36.0","pmil","0","55.680","deg","20.000","°C","100.000","%a.s.","22.210","deg","20.000","°C","971.000","hPa","0.826","-0.01532","0.000401","-0.00012","0","11.08","Humid","26.60","0","20.10","231389.22","SABD0002000011","AAV2.0.0.13","2.1.0.383","PSt7-10","171027-000","6/27/2018 9:55:33 AM","0000-00","0","no battery","V"
"08/23/2019","12:38:58","1","default","104940808","OXY1","2.961","min","173.379","μmol/L","Humid","21.162","deg","92188","µV","31.079","°C","1022.000","hPa","36.0","pmil","0","55.680","deg","20.000","°C","100.000","%a.s.","22.210","deg","20.000","°C","971.000","hPa","0.826","-0.01532","0.000401","-0.00012","0","11.08","Humid","26.60","0","20.10","231380.18","SABD0002000011","AAV2.0.0.13","2.1.0.383","PSt7-10","171027-000","6/27/2018 9:55:33 AM","0000-00","0","no battery","V"
"08/23/2019","12:38:59","1","default","104940808","OXY1","2.977","min","173.379","μmol/L","Humid","21.162","deg","92178","µV","31.079","°C","1022.000","hPa","36.0","pmil","0","55.680","deg","20.000","°C","100.000","%a.s.","22.210","deg","20.000","°C","971.000","hPa","0.826","-0.01532","0.000401","-0.00012","0","11.08","Humid","26.60","0","20.10","231381.02","SABD0002000011","AAV2.0.0.13","2.1.0.383","PSt7-10","171027-000","6/27/2018 9:55:33 AM","0000-00","0","no battery","V"
"08/23/2019","12:39:00","1","default","104940808","OXY1","2.993","min","173.394","μmol/L","Humid","21.161","deg","92184","µV","31.079","°C","1022.000","hPa","36.0","pmil","0","55.680","deg","20.000","°C","100.000","%a.s.","22.210","deg","20.000","°C","971.000","hPa","0.826","-0.01532","0.000401","-0.00012","0","11.08","Humid","26.60","0","20.10","231360.98","SABD0002000011","AAV2.0.0.13","2.1.0.383","PSt7-10","171027-000","6/27/2018 9:55:33 AM","0000-00","0","no battery","V"
"08/23/2019","12:39:01","1","default","104940808","OXY1","3.010","min","173.317","μmol/L","Humid","21.166","deg","92181","µV","31.079","°C","1022.000","hPa","36.0","pmil","0","55.680","deg","20.000","°C","100.000","%a.s.","22.210","deg","20.000","°C","971.000","hPa","0.826","-0.01532","0.000401","-0.00012","0","11.08","Humid","26.60","0","20.10","231383.28","SABD0002000011","AAV2.0.0.13","2.1.0.383","PSt7-10","171027-000","6/27/2018 9:55:33 AM","0000-00","0","no battery","V"
"08/23/2019","12:39:02","1","default","104940808","OXY1","3.027","min","173.409","μmol/L","Humid","21.160","deg","92181","µV","31.079","°C","1022.000","hPa","36.0","pmil","0","55.680","deg","20.000","°C","100.000","%a.s.","22.210","deg","20.000","°C","971.000","hPa","0.826","-0.01532","0.000401","-0.00012","0","11.08","Humid","26.60","0","20.10","231377.88","SABD0002000011","AAV2.0.0.13","2.1.0.383","PSt7-10","171027-000","6/27/2018 9:55:33 AM","0000-00","0","no battery","V"
"08/23/2019","12:39:03","1","default","104940808","OXY1","3.044","min","173.375","μmol/L","Humid","21.160","deg","92182","µV","31.086","°C","1022.000","hPa","36.0","pmil","0","55.680","deg","20.000","°C","100.000","%a.s.","22.210","deg","20.000","°C","971.000","hPa","0.826","-0.01532","0.000401","-0.00012","0","11.08","Humid","26.60","0","20.10","231373.97","SABD0002000011","AAV2.0.0.13","2.1.0.383","PSt7-10","171027-000","6/27/2018 9:55:33 AM","0000-00","0","no battery","V"
"08/23/2019","12:39:04","1","default","104940808","OXY1","3.060","min","173.314","μmol/L","Humid","21.164","deg","92180","µV","31.086","°C","1022.000","hPa","36.0","pmil","0","55.680","deg","20.000","°C","100.000","%a.s.","22.210","deg","20.000","°C","971.000","hPa","0.826","-0.01532","0.000401","-0.00012","0","11.08","Humid","26.60","0","20.10","231370.72","SABD0002000011","AAV2.0.0.13","2.1.0.383","PSt7-10","171027-000","6/27/2018 9:55:33 AM","0000-00","0","no battery","V"
"08/23/2019","12:39:05","1","default","104940808","OXY1","3.077","min","173.329","μmol/L","Humid","21.163","deg","92180","µV","31.086","°C","1022.000","hPa","36.0","pmil","0","55.680","deg","20.000","°C","100.000","%a.s.","22.210","deg","20.000","°C","971.000","hPa","0.826","-0.01532","0.000401","-0.00012","0","11.08","Humid","26.60","0","20.10","231376.64","SABD0002000011","AAV2.0.0.13","2.1.0.383","PSt7-10","171027-000","6/27/2018 9:55:33 AM","0000-00","0","no battery","V"
"08/23/2019","12:39:06","1","default","104940808","OXY1","3.094","min","173.317","μmol/L","Humid","21.166","deg","92168","µV","31.079","°C","1022.000","hPa","36.0","pmil","0","55.680","deg","20.000","°C","100.000","%a.s.","22.210","deg","20.000","°C","971.000","hPa","0.826","-0.01532","0.000401","-0.00012","0","11.08","Humid","26.60","0","20.10","231365.51","SABD0002000011","AAV2.0.0.13","2.1.0.383","PSt7-10","171027-000","6/27/2018 9:55:33 AM","0000-00","0","no battery","V"
"08/23/2019","12:39:07","1","default","104940808","OXY1","3.111","min","173.360","μmol/L","Humid","21.161","deg","92171","µV","31.086","°C","1022.000","hPa","36.0","pmil","0","55.680","deg","20.000","°C","100.000","%a.s.","22.210","deg","20.000","°C","971.000","hPa","0.826","-0.01532","0.000401","-0.00012","0","11.08","Humid","26.60","0","20.10","231372.62","SABD0002000011","AAV2.0.0.13","2.1.0.383","PSt7-10","171027-000","6/27/2018 9:55:33 AM","0000-00","0","no battery","V"
"08/23/2019","12:39:08","1","default","104940808","OXY1","3.127","min","173.332","μmol/L","Humid","21.165","deg","92175","µV","31.079","°C","1022.000","hPa","36.0","pmil","0","55.680","deg","20.000","°C","100.000","%a.s.","22.210","deg","20.000","°C","971.000","hPa","0.826","-0.01532","0.000401","-0.00012","0","11.08","Humid","26.60","0","20.10","231372.16","SABD0002000011","AAV2.0.0.13","2.1.0.383","PSt7-10","171027-000","6/27/2018 9:55:33 AM","0000-00","0","no battery","V"
"08/23/2019","12:39:09","1","default","104940808","OXY1","3.143","min","173.363","μmol/L","Humid","21.163","deg","92175","µV","31.079","°C","1022.000","hPa","36.0","pmil","0","55.680","deg","20.000","°C","100.000","%a.s.","22.210","deg","20.000","°C","971.000","hPa","0.826","-0.01532","0.000401","-0.00012","0","11.08","Humid","26.60","0","20.10","231367.98","SABD0002000011","AAV2.0.0.13","2.1.0.383","PSt7-10","171027-000","6/27/2018 9:55:33 AM","0000-00","0","no battery","V"
"08/23/2019","12:39:10","1","default","104940808","OXY1","3.160","min","173.351","μmol/L","Humid","21.166","deg","92179","µV","31.073","°C","1022.000","hPa","36.0","pmil","0","55.680","deg","20.000","°C","100.000","%a.s.","22.210","deg","20.000","°C","971.000","hPa","0.826","-0.01532","0.000401","-0.00012","0","11.08","Humid","26.60","0","20.10","231370.97","SABD0002000011","AAV2.0.0.13","2.1.0.383","PSt7-10","171027-000","6/27/2018 9:55:33 AM","0000-00","0","no battery","V"
"08/23/2019","12:39:11","1","default","104940808","OXY1","3.177","min","173.345","μmol/L","Humid","21.162","deg","92169","µV","31.086","°C","1022.000","hPa","36.0","pmil","0","55.680","deg","20.000","°C","100.000","%a.s.","22.210","deg","20.000","°C","971.000","hPa","0.826","-0.01532","0.000401","-0.00012","0","11.08","Humid","26.60","0","20.10","231364.80","SABD0002000011","AAV2.0.0.13","2.1.0.383","PSt7-10","171027-000","6/27/2018 9:55:33 AM","0000-00","0","no battery","V"
"08/23/2019","12:39:12","1","default","104940808","OXY1","3.194","min","173.366","μmol/L","Humid","21.165","deg","92181","µV","31.073","°C","1022.000","hPa","36.0","pmil","0","55.680","deg","20.000","°C","100.000","%a.s.","22.210","deg","20.000","°C","971.000","hPa","0.826","-0.01532","0.000401","-0.00012","0","11.08","Humid","26.60","0","20.10","231348.41","SABD0002000011","AAV2.0.0.13","2.1.0.383","PSt7-10","171027-000","6/27/2018 9:55:33 AM","0000-00","0","no battery","V"
"08/23/2019","12:39:13","1","default","104940808","OXY1","3.210","min","173.363","μmol/L","Humid","21.163","deg","92169","µV","31.079","°C","1022.000","hPa","36.0","pmil","0","55.680","deg","20.000","°C","100.000","%a.s.","22.210","deg","20.000","°C","971.000","hPa","0.826","-0.01532","0.000401","-0.00012","0","11.08","Humid","26.60","0","20.10","231351.62","SABD0002000011","AAV2.0.0.13","2.1.0.383","PSt7-10","171027-000","6/27/2018 9:55:33 AM","0000-00","0","no battery","V"
"08/23/2019","12:39:14","1","default","104940808","OXY1","3.227","min","173.317","μmol/L","Humid","21.166","deg","92175","µV","31.079","°C","1022.000","hPa","36.0","pmil","0","55.680","deg","20.000","°C","100.000","%a.s.","22.210","deg","20.000","°C","971.000","hPa","0.826","-0.01532","0.000401","-0.00012","0","11.08","Humid","26.60","0","20.10","231347.30","SABD0002000011","AAV2.0.0.13","2.1.0.383","PSt7-10","171027-000","6/27/2018 9:55:33 AM","0000-00","0","no battery","V"
"08/23/2019","12:39:15","1","default","104940808","OXY1","3.244","min","173.280","μmol/L","Humid","21.164","deg","92172","µV","31.092","°C","1022.000","hPa","36.0","pmil","0","55.680","deg","20.000","°C","100.000","%a.s.","22.210","deg","20.000","°C","971.000","hPa","0.826","-0.01532","0.000401","-0.00012","0","11.08","Humid","26.60","0","20.10","231359.73","SABD0002000011","AAV2.0.0.13","2.1.0.383","PSt7-10","171027-000","6/27/2018 9:55:33 AM","0000-00","0","no battery","V"
"08/23/2019","12:39:16","1","default","104940808","OXY1","3.260","min","173.298","μmol/L","Humid","21.165","deg","92175","µV","31.086","°C","1022.000","hPa","36.0","pmil","0","55.680","deg","20.000","°C","100.000","%a.s.","22.210","deg","20.000","°C","971.000","hPa","0.826","-0.01532","0.000401","-0.00012","0","11.08","Humid","26.60","0","20.10","231345.37","SABD0002000011","AAV2.0.0.13","2.1.0.383","PSt7-10","171027-000","6/27/2018 9:55:33 AM","0000-00","0","no battery","V"
"08/23/2019","12:39:17","1","default","104940808","OXY1","3.277","min","173.363","μmol/L","Humid","21.163","deg","92171","µV","31.079","°C","1022.000","hPa","36.0","pmil","0","55.680","deg","20.000","°C","100.000","%a.s.","22.210","deg","20.000","°C","971.000","hPa","0.826","-0.01532","0.000401","-0.00012","0","11.08","Humid","26.60","0","20.10","231344.96","SABD0002000011","AAV2.0.0.13","2.1.0.383","PSt7-10","171027-000","6/27/2018 9:55:33 AM","0000-00","0","no battery","V"
"08/23/2019","12:39:18","1","default","104940808","OXY1","3.293","min","173.317","μmol/L","Humid","21.166","deg","92155","µV","31.079","°C","1022.000","hPa","36.0","pmil","0","55.680","deg","20.000","°C","100.000","%a.s.","22.210","deg","20.000","°C","971.000","hPa","0.826","-0.01532","0.000401","-0.00012","0","11.08","Humid","26.60","0","20.10","231339.32","SABD0002000011","AAV2.0.0.13","2.1.0.383","PSt7-10","171027-000","6/27/2018 9:55:33 AM","0000-00","0","no battery","V"
"08/23/2019","12:39:19","1","default","104940808","OXY1","3.310","min","173.264","μmol/L","Humid","21.165","deg","92161","µV","31.092","°C","1022.000","hPa","36.0","pmil","0","55.680","deg","20.000","°C","100.000","%a.s.","22.210","deg","20.000","°C","971.000","hPa","0.826","-0.01532","0.000401","-0.00012","0","11.08","Humid","26.60","0","20.10","231346.93","SABD0002000011","AAV2.0.0.13","2.1.0.383","PSt7-10","171027-000","6/27/2018 9:55:33 AM","0000-00","0","no battery","V"
"08/23/2019","12:39:20","1","default","104940808","OXY1","3.327","min","173.397","μmol/L","Humid","21.163","deg","92164","µV","31.073","°C","1022.000","hPa","36.0","pmil","0","55.680","deg","20.000","°C","100.000","%a.s.","22.210","deg","20.000","°C","971.000","hPa","0.826","-0.01532","0.000401","-0.00012","0","11.08","Humid","26.60","0","20.10","231340.27","SABD0002000011","AAV2.0.0.13","2.1.0.383","PSt7-10","171027-000","6/27/2018 9:55:33 AM","0000-00","0","no battery","V"
"08/23/2019","12:39:21","1","default","104940808","OXY1","3.344","min","173.382","μmol/L","Humid","21.164","deg","92169","µV","31.073","°C","1022.000","hPa","36.0","pmil","0","55.680","deg","20.000","°C","100.000","%a.s.","22.210","deg","20.000","°C","971.000","hPa","0.826","-0.01532","0.000401","-0.00012","0","11.08","Humid","26.60","0","20.10","231350.10","SABD0002000011","AAV2.0.0.13","2.1.0.383","PSt7-10","171027-000","6/27/2018 9:55:33 AM","0000-00","0","no battery","V"
"08/23/2019","12:39:22","1","default","104940808","OXY1","3.360","min","173.286","μmol/L","Humid","21.168","deg","92160","µV","31.079","°C","1022.000","hPa","36.0","pmil","0","55.680","deg","20.000","°C","100.000","%a.s.","22.210","deg","20.000","°C","971.000","hPa","0.826","-0.01532","0.000401","-0.00012","0","11.08","Humid","26.60","0","20.10","231342.21","SABD0002000011","AAV2.0.0.13","2.1.0.383","PSt7-10","171027-000","6/27/2018 9:55:33 AM","0000-00","0","no battery","V"
"08/23/2019","12:39:23","1","default","104940808","OXY1","3.377","min","173.360","μmol/L","Humid","21.161","deg","92162","µV","31.086","°C","1022.000","hPa","36.0","pmil","0","55.680","deg","20.000","°C","100.000","%a.s.","22.210","deg","20.000","°C","971.000","hPa","0.826","-0.01532","0.000401","-0.00012","0","11.08","Humid","26.60","0","20.10","231333.00","SABD0002000011","AAV2.0.0.13","2.1.0.383","PSt7-10","171027-000","6/27/2018 9:55:33 AM","0000-00","0","no battery","V"
"08/23/2019","12:39:24","1","default","104940808","OXY1","3.394","min","173.332","μmol/L","Humid","21.165","deg","92160","µV","31.079","°C","1022.000","hPa","36.0","pmil","0","55.680","deg","20.000","°C","100.000","%a.s.","22.210","deg","20.000","°C","971.000","hPa","0.826","-0.01532","0.000401","-0.00012","0","11.08","Humid","26.60","0","20.10","231335.55","SABD0002000011","AAV2.0.0.13","2.1.0.383","PSt7-10","171027-000","6/27/2018 9:55:33 AM","0000-00","0","no battery","V"
"08/23/2019","12:39:25","1","default","104940808","OXY1","3.411","min","173.382","μmol/L","Humid","21.164","deg","92158","µV","31.073","°C","1022.000","hPa","36.0","pmil","0","55.680","deg","20.000","°C","100.000","%a.s.","22.210","deg","20.000","°C","971.000","hPa","0.826","-0.01532","0.000401","-0.00012","0","11.08","Humid","26.60","0","20.10","231344.73","SABD0002000011","AAV2.0.0.13","2.1.0.383","PSt7-10","171027-000","6/27/2018 9:55:33 AM","0000-00","0","no battery","V"
"08/23/2019","12:39:26","1","default","104940808","OXY1","3.427","min","173.302","μmol/L","Humid","21.167","deg","92171","µV","31.079","°C","1022.000","hPa","36.0","pmil","0","55.680","deg","20.000","°C","100.000","%a.s.","22.210","deg","20.000","°C","971.000","hPa","0.826","-0.01532","0.000401","-0.00012","0","11.08","Humid","26.60","0","20.10","231348.24","SABD0002000011","AAV2.0.0.13","2.1.0.383","PSt7-10","171027-000","6/27/2018 9:55:33 AM","0000-00","0","no battery","V"
"08/23/2019","12:39:27","1","default","104940808","OXY1","3.443","min","173.370","μmol/L","Humid","21.167","deg","92159","µV","31.067","°C","1022.000","hPa","36.0","pmil","0","55.680","deg","20.000","°C","100.000","%a.s.","22.210","deg","20.000","°C","971.000","hPa","0.826","-0.01532","0.000401","-0.00012","0","11.08","Humid","26.60","0","20.10","231334.51","SABD0002000011","AAV2.0.0.13","2.1.0.383","PSt7-10","171027-000","6/27/2018 9:55:33 AM","0000-00","0","no battery","V"
"08/23/2019","12:39:28","1","default","104940808","OXY1","3.460","min","173.302","μmol/L","Humid","21.167","deg","92162","µV","31.079","°C","1022.000","hPa","36.0","pmil","0","55.680","deg","20.000","°C","100.000","%a.s.","22.210","deg","20.000","°C","971.000","hPa","0.826","-0.01532","0.000401","-0.00012","0","11.08","Humid","26.60","0","20.10","231331.56","SABD0002000011","AAV2.0.0.13","2.1.0.383","PSt7-10","171027-000","6/27/2018 9:55:33 AM","0000-00","0","no battery","V"
"08/23/2019","12:39:29","1","default","104940808","OXY1","3.477","min","173.305","μmol/L","Humid","21.169","deg","92162","µV","31.073","°C","1022.000","hPa","36.0","pmil","0","55.680","deg","20.000","°C","100.000","%a.s.","22.210","deg","20.000","°C","971.000","hPa","0.826","-0.01532","0.000401","-0.00012","0","11.08","Humid","26.60","0","20.10","231334.06","SABD0002000011","AAV2.0.0.13","2.1.0.383","PSt7-10","171027-000","6/27/2018 9:55:33 AM","0000-00","0","no battery","V"
"08/23/2019","12:39:30","1","default","104940808","OXY1","3.494","min","173.394","μmol/L","Humid","21.161","deg","92159","µV","31.079","°C","1022.000","hPa","36.0","pmil","0","55.680","deg","20.000","°C","100.000","%a.s.","22.210","deg","20.000","°C","971.000","hPa","0.826","-0.01532","0.000401","-0.00012","0","11.08","Humid","26.60","0","20.10","231331.43","SABD0002000011","AAV2.0.0.13","2.1.0.383","PSt7-10","171027-000","6/27/2018 9:55:33 AM","0000-00","0","no battery","V"
"08/23/2019","12:39:31","1","default","104940808","OXY1","3.511","min","173.286","μmol/L","Humid","21.168","deg","92155","µV","31.079","°C","1022.000","hPa","36.0","pmil","0","55.680","deg","20.000","°C","100.000","%a.s.","22.210","deg","20.000","°C","971.000","hPa","0.826","-0.01532","0.000401","-0.00012","0","11.08","Humid","26.60","0","20.10","231338.92","SABD0002000011","AAV2.0.0.13","2.1.0.383","PSt7-10","171027-000","6/27/2018 9:55:33 AM","0000-00","0","no battery","V"
"08/23/2019","12:39:32","1","default","104940808","OXY1","3.527","min","173.317","μmol/L","Humid","21.166","deg","92153","µV","31.079","°C","1022.000","hPa","36.0","pmil","0","55.680","deg","20.000","°C","100.000","%a.s.","22.210","deg","20.000","°C","971.000","hPa","0.826","-0.01532","0.000401","-0.00012","0","11.08","Humid","26.60","0","20.10","231329.67","SABD0002000011","AAV2.0.0.13","2.1.0.383","PSt7-10","171027-000","6/27/2018 9:55:33 AM","0000-00","0","no battery","V"
"08/23/2019","12:39:33","1","default","104940808","OXY1","3.544","min","173.283","μmol/L","Humid","21.166","deg","92156","µV","31.086","°C","1022.000","hPa","36.0","pmil","0","55.680","deg","20.000","°C","100.000","%a.s.","22.210","deg","20.000","°C","971.000","hPa","0.826","-0.01532","0.000401","-0.00012","0","11.08","Humid","26.60","0","20.10","231317.60","SABD0002000011","AAV2.0.0.13","2.1.0.383","PSt7-10","171027-000","6/27/2018 9:55:33 AM","0000-00","0","no battery","V"
"08/23/2019","12:39:34","1","default","104940808","OXY1","3.560","min","173.298","μmol/L","Humid","21.165","deg","92154","µV","31.086","°C","1022.000","hPa","36.0","pmil","0","55.680","deg","20.000","°C","100.000","%a.s.","22.210","deg","20.000","°C","971.000","hPa","0.826","-0.01532","0.000401","-0.00012","0","11.08","Humid","26.60","0","20.10","231327.22","SABD0002000011","AAV2.0.0.13","2.1.0.383","PSt7-10","171027-000","6/27/2018 9:55:33 AM","0000-00","0","no battery","V"
"08/23/2019","12:39:35","1","default","104940808","OXY1","3.577","min","173.363","μmol/L","Humid","21.163","deg","92150","µV","31.079","°C","1022.000","hPa","36.0","pmil","0","55.680","deg","20.000","°C","100.000","%a.s.","22.210","deg","20.000","°C","971.000","hPa","0.826","-0.01532","0.000401","-0.00012","0","11.08","Humid","26.60","0","20.10","231328.22","SABD0002000011","AAV2.0.0.13","2.1.0.383","PSt7-10","171027-000","6/27/2018 9:55:33 AM","0000-00","0","no battery","V"
"08/23/2019","12:39:36","1","default","104940808","OXY1","3.593","min","173.360","μmol/L","Humid","21.161","deg","92153","µV","31.086","°C","1022.000","hPa","36.0","pmil","0","55.680","deg","20.000","°C","100.000","%a.s.","22.210","deg","20.000","°C","971.000","hPa","0.826","-0.01532","0.000401","-0.00012","0","11.08","Humid","26.60","0","20.10","231313.24","SABD0002000011","AAV2.0.0.13","2.1.0.383","PSt7-10","171027-000","6/27/2018 9:55:33 AM","0000-00","0","no battery","V"
"08/23/2019","12:39:37","1","default","104940808","OXY1","3.610","min","173.348","μmol/L","Humid","21.164","deg","92150","µV","31.079","°C","1022.000","hPa","36.0","pmil","0","55.680","deg","20.000","°C","100.000","%a.s.","22.210","deg","20.000","°C","971.000","hPa","0.826","-0.01532","0.000401","-0.00012","0","11.08","Humid","26.60","0","20.10","231326.37","SABD0002000011","AAV2.0.0.13","2.1.0.383","PSt7-10","171027-000","6/27/2018 9:55:33 AM","0000-00","0","no battery","V"
"08/23/2019","12:39:38","1","default","104940808","OXY1","3.627","min","173.268","μmol/L","Humid","21.167","deg","92150","µV","31.086","°C","1022.000","hPa","36.0","pmil","0","55.680","deg","20.000","°C","100.000","%a.s.","22.210","deg","20.000","°C","971.000","hPa","0.826","-0.01532","0.000401","-0.00012","0","11.08","Humid","26.60","0","20.10","231324.72","SABD0002000011","AAV2.0.0.13","2.1.0.383","PSt7-10","171027-000","6/27/2018 9:55:33 AM","0000-00","0","no battery","V"
"08/23/2019","12:39:39","1","default","104940808","OXY1","3.644","min","173.363","μmol/L","Humid","21.163","deg","92146","µV","31.079","°C","1022.000","hPa","36.0","pmil","0","55.680","deg","20.000","°C","100.000","%a.s.","22.210","deg","20.000","°C","971.000","hPa","0.826","-0.01532","0.000401","-0.00012","0","11.08","Humid","26.60","0","20.10","231324.38","SABD0002000011","AAV2.0.0.13","2.1.0.383","PSt7-10","171027-000","6/27/2018 9:55:33 AM","0000-00","0","no battery","V"
"08/23/2019","12:39:40","1","default","104940808","OXY1","3.661","min","173.271","μmol/L","Humid","21.169","deg","92146","µV","31.079","°C","1022.000","hPa","36.0","pmil","0","55.680","deg","20.000","°C","100.000","%a.s.","22.210","deg","20.000","°C","971.000","hPa","0.826","-0.01532","0.000401","-0.00012","0","11.08","Humid","26.60","0","20.10","231319.82","SABD0002000011","AAV2.0.0.13","2.1.0.383","PSt7-10","171027-000","6/27/2018 9:55:33 AM","0000-00","0","no battery","V"
"08/23/2019","12:39:41","1","default","104940808","OXY1","3.677","min","173.317","μmol/L","Humid","21.166","deg","92142","µV","31.079","°C","1022.000","hPa","36.0","pmil","0","55.680","deg","20.000","°C","100.000","%a.s.","22.210","deg","20.000","°C","971.000","hPa","0.826","-0.01532","0.000401","-0.00012","0","11.08","Humid","26.60","0","20.10","231314.16","SABD0002000011","AAV2.0.0.13","2.1.0.383","PSt7-10","171027-000","6/27/2018 9:55:33 AM","0000-00","0","no battery","V"
"08/23/2019","12:39:42","1","default","104940808","OXY1","3.694","min","173.317","μmol/L","Humid","21.166","deg","92142","µV","31.079","°C","1022.000","hPa","36.0","pmil","0","55.680","deg","20.000","°C","100.000","%a.s.","22.210","deg","20.000","°C","971.000","hPa","0.826","-0.01532","0.000401","-0.00012","0","11.08","Humid","26.60","0","20.10","231306.64","SABD0002000011","AAV2.0.0.13","2.1.0.383","PSt7-10","171027-000","6/27/2018 9:55:33 AM","0000-00","0","no battery","V"
"08/23/2019","12:39:43","1","default","104940808","OXY1","3.710","min","173.314","μmol/L","Humid","21.164","deg","92148","µV","31.086","°C","1022.000","hPa","36.0","pmil","0","55.680","deg","20.000","°C","100.000","%a.s.","22.210","deg","20.000","°C","971.000","hPa","0.826","-0.01532","0.000401","-0.00012","0","11.08","Humid","26.60","0","20.10","231312.62","SABD0002000011","AAV2.0.0.13","2.1.0.383","PSt7-10","171027-000","6/27/2018 9:55:33 AM","0000-00","0","no battery","V"
"08/23/2019","12:39:44","1","default","104940808","OXY1","3.727","min","173.363","μmol/L","Humid","21.163","deg","92147","µV","31.079","°C","1022.000","hPa","36.0","pmil","0","55.680","deg","20.000","°C","100.000","%a.s.","22.210","deg","20.000","°C","971.000","hPa","0.826","-0.01532","0.000401","-0.00012","0","11.08","Humid","26.60","0","20.10","231314.93","SABD0002000011","AAV2.0.0.13","2.1.0.383","PSt7-10","171027-000","6/27/2018 9:55:33 AM","0000-00","0","no battery","V"
"08/23/2019","12:39:45","1","default","104940808","OXY1","3.744","min","173.340","μmol/L","Humid","21.164","deg","92144","µV","31.079","°C","1021.000","hPa","36.0","pmil","0","55.680","deg","20.000","°C","100.000","%a.s.","22.210","deg","20.000","°C","971.000","hPa","0.826","-0.01532","0.000401","-0.00012","0","11.08","Humid","26.60","0","20.10","231308.12","SABD0002000011","AAV2.0.0.13","2.1.0.383","PSt7-10","171027-000","6/27/2018 9:55:33 AM","0000-00","0","no battery","V"
"08/23/2019","12:39:46","1","default","104940808","OXY1","3.760","min","173.271","μmol/L","Humid","21.169","deg","92141","µV","31.079","°C","1022.000","hPa","36.0","pmil","0","55.680","deg","20.000","°C","100.000","%a.s.","22.210","deg","20.000","°C","971.000","hPa","0.826","-0.01532","0.000401","-0.00012","0","11.08","Humid","26.60","0","20.10","231297.30","SABD0002000011","AAV2.0.0.13","2.1.0.383","PSt7-10","171027-000","6/27/2018 9:55:33 AM","0000-00","0","no battery","V"
"08/23/2019","12:39:47","1","default","104940808","OXY1","3.777","min","173.268","μmol/L","Humid","21.167","deg","92147","µV","31.086","°C","1022.000","hPa","36.0","pmil","0","55.680","deg","20.000","°C","100.000","%a.s.","22.210","deg","20.000","°C","971.000","hPa","0.826","-0.01532","0.000401","-0.00012","0","11.08","Humid","26.60","0","20.10","231295.47","SABD0002000011","AAV2.0.0.13","2.1.0.383","PSt7-10","171027-000","6/27/2018 9:55:33 AM","0000-00","0","no battery","V"
"08/23/2019","12:39:48","1","default","104940808","OXY1","3.794","min","173.283","μmol/L","Humid","21.166","deg","92144","µV","31.086","°C","1022.000","hPa","36.0","pmil","0","55.680","deg","20.000","°C","100.000","%a.s.","22.210","deg","20.000","°C","971.000","hPa","0.826","-0.01532","0.000401","-0.00012","0","11.08","Humid","26.60","0","20.10","231306.41","SABD0002000011","AAV2.0.0.13","2.1.0.383","PSt7-10","171027-000","6/27/2018 9:55:33 AM","0000-00","0","no battery","V"
"08/23/2019","12:39:49","1","default","104940808","OXY1","3.811","min","173.332","μmol/L","Humid","21.165","deg","92142","µV","31.079","°C","1022.000","hPa","36.0","pmil","0","55.680","deg","20.000","°C","100.000","%a.s.","22.210","deg","20.000","°C","971.000","hPa","0.826","-0.01532","0.000401","-0.00012","0","11.08","Humid","26.60","0","20.10","231301.78","SABD0002000011","AAV2.0.0.13","2.1.0.383","PSt7-10","171027-000","6/27/2018 9:55:33 AM","0000-00","0","no battery","V"
"08/23/2019","12:39:50","1","default","104940808","OXY1","3.827","min","173.271","μmol/L","Humid","21.169","deg","92136","µV","31.079","°C","1022.000","hPa","36.0","pmil","0","55.680","deg","20.000","°C","100.000","%a.s.","22.210","deg","20.000","°C","971.000","hPa","0.826","-0.01532","0.000401","-0.00012","0","11.08","Humid","26.60","0","20.10","231292.52","SABD0002000011","AAV2.0.0.13","2.1.0.383","PSt7-10","171027-000","6/27/2018 9:55:33 AM","0000-00","0","no battery","V"
"08/23/2019","12:39:51","1","default","104940808","OXY1","3.843","min","173.298","μmol/L","Humid","21.165","deg","92141","µV","31.086","°C","1022.000","hPa","36.0","pmil","0","55.680","deg","20.000","°C","100.000","%a.s.","22.210","deg","20.000","°C","971.000","hPa","0.826","-0.01532","0.000401","-0.00012","0","11.08","Humid","26.60","0","20.10","231297.15","SABD0002000011","AAV2.0.0.13","2.1.0.383","PSt7-10","171027-000","6/27/2018 9:55:33 AM","0000-00","0","no battery","V"
"08/23/2019","12:39:52","1","default","104940808","OXY1","3.860","min","173.268","μmol/L","Humid","21.167","deg","92149","µV","31.086","°C","1022.000","hPa","36.0","pmil","0","55.680","deg","20.000","°C","100.000","%a.s.","22.210","deg","20.000","°C","971.000","hPa","0.826","-0.01532","0.000401","-0.00012","0","11.08","Humid","26.60","0","20.10","231294.30","SABD0002000011","AAV2.0.0.13","2.1.0.383","PSt7-10","171027-000","6/27/2018 9:55:33 AM","0000-00","0","no battery","V"
"08/23/2019","12:39:53","1","default","104940808","OXY1","3.877","min","173.298","μmol/L","Humid","21.165","deg","92148","µV","31.086","°C","1022.000","hPa","36.0","pmil","0","55.680","deg","20.000","°C","100.000","%a.s.","22.210","deg","20.000","°C","971.000","hPa","0.826","-0.01532","0.000401","-0.00012","0","11.08","Humid","26.60","0","20.10","231288.42","SABD0002000011","AAV2.0.0.13","2.1.0.383","PSt7-10","171027-000","6/27/2018 9:55:33 AM","0000-00","0","no battery","V"
"08/23/2019","12:39:54","1","default","104940808","OXY1","3.894","min","173.237","μmol/L","Humid","21.169","deg","92141","µV","31.086","°C","1022.000","hPa","36.0","pmil","0","55.680","deg","20.000","°C","100.000","%a.s.","22.210","deg","20.000","°C","971.000","hPa","0.826","-0.01532","0.000401","-0.00012","0","11.08","Humid","26.60","0","20.10","231286.62","SABD0002000011","AAV2.0.0.13","2.1.0.383","PSt7-10","171027-000","6/27/2018 9:55:33 AM","0000-00","0","no battery","V"
"08/23/2019","12:39:55","1","default","104940808","OXY1","3.910","min","173.255","μmol/L","Humid","21.170","deg","92140","µV","31.079","°C","1022.000","hPa","36.0","pmil","0","55.680","deg","20.000","°C","100.000","%a.s.","22.210","deg","20.000","°C","971.000","hPa","0.826","-0.01532","0.000401","-0.00012","0","11.08","Humid","26.60","0","20.10","231290.62","SABD0002000011","AAV2.0.0.13","2.1.0.383","PSt7-10","171027-000","6/27/2018 9:55:33 AM","0000-00","0","no battery","V"
"08/23/2019","12:39:56","1","default","104940808","OXY1","3.927","min","173.366","μmol/L","Humid","21.165","deg","92144","µV","31.073","°C","1022.000","hPa","36.0","pmil","0","55.680","deg","20.000","°C","100.000","%a.s.","22.210","deg","20.000","°C","971.000","hPa","0.826","-0.01532","0.000401","-0.00012","0","11.08","Humid","26.60","0","20.10","231276.03","SABD0002000011","AAV2.0.0.13","2.1.0.383","PSt7-10","171027-000","6/27/2018 9:55:33 AM","0000-00","0","no battery","V"
"08/23/2019","12:39:57","1","default","104940808","OXY1","3.944","min","173.382","μmol/L","Humid","21.164","deg","92141","µV","31.073","°C","1022.000","hPa","36.0","pmil","0","55.680","deg","20.000","°C","100.000","%a.s.","22.210","deg","20.000","°C","971.000","hPa","0.826","-0.01532","0.000401","-0.00012","0","11.08","Humid","26.60","0","20.10","231286.20","SABD0002000011","AAV2.0.0.13","2.1.0.383","PSt7-10","171027-000","6/27/2018 9:55:33 AM","0000-00","0","no battery","V"
"08/23/2019","12:39:58","1","default","104940808","OXY1","3.961","min","173.268","μmol/L","Humid","21.167","deg","92144","µV","31.086","°C","1022.000","hPa","36.0","pmil","0","55.680","deg","20.000","°C","100.000","%a.s.","22.210","deg","20.000","°C","971.000","hPa","0.826","-0.01532","0.000401","-0.00012","0","11.08","Humid","26.60","0","20.10","231278.89","SABD0002000011","AAV2.0.0.13","2.1.0.383","PSt7-10","171027-000","6/27/2018 9:55:33 AM","0000-00","0","no battery","V"
"08/23/2019","12:39:59","1","default","104940808","OXY1","3.977","min","173.252","μmol/L","Humid","21.168","deg","92135","µV","31.086","°C","1022.000","hPa","36.0","pmil","0","55.680","deg","20.000","°C","100.000","%a.s.","22.210","deg","20.000","°C","971.000","hPa","0.826","-0.01532","0.000401","-0.00012","0","11.08","Humid","26.60","0","20.10","231280.13","SABD0002000011","AAV2.0.0.13","2.1.0.383","PSt7-10","171027-000","6/27/2018 9:55:33 AM","0000-00","0","no battery","V"
"08/23/2019","12:40:00","1","default","104940808","OXY1","3.994","min","173.332","μmol/L","Humid","21.165","deg","92139","µV","31.079","°C","1022.000","hPa","36.0","pmil","0","55.680","deg","20.000","°C","100.000","%a.s.","22.210","deg","20.000","°C","971.000","hPa","0.826","-0.01532","0.000401","-0.00012","0","11.08","Humid","26.60","0","20.10","231299.04","SABD0002000011","AAV2.0.0.13","2.1.0.383","PSt7-10","171027-000","6/27/2018 9:55:33 AM","0000-00","0","no battery","V"
"08/23/2019","12:40:01","1","default","104940808","OXY1","4.011","min","173.237","μmol/L","Humid","21.169","deg","92130","µV","31.086","°C","1022.000","hPa","36.0","pmil","0","55.680","deg","20.000","°C","100.000","%a.s.","22.210","deg","20.000","°C","971.000","hPa","0.826","-0.01532","0.000401","-0.00012","0","11.08","Humid","26.60","0","20.10","231282.16","SABD0002000011","AAV2.0.0.13","2.1.0.383","PSt7-10","171027-000","6/27/2018 9:55:33 AM","0000-00","0","no battery","V"
"08/23/2019","12:40:02","1","default","104940808","OXY1","4.027","min","173.188","μmol/L","Humid","21.170","deg","92132","µV","31.092","°C","1022.000","hPa","36.0","pmil","0","55.680","deg","20.000","°C","100.000","%a.s.","22.210","deg","20.000","°C","971.000","hPa","0.826","-0.01532","0.000401","-0.00012","0","11.08","Humid","26.60","0","20.10","231268.42","SABD0002000011","AAV2.0.0.13","2.1.0.383","PSt7-10","171027-000","6/27/2018 9:55:33 AM","0000-00","0","no battery","V"
"08/23/2019","12:40:03","1","default","104940808","OXY1","4.043","min","173.298","μmol/L","Humid","21.165","deg","92126","µV","31.086","°C","1022.000","hPa","36.0","pmil","0","55.680","deg","20.000","°C","100.000","%a.s.","22.210","deg","20.000","°C","971.000","hPa","0.826","-0.01532","0.000401","-0.00012","0","11.08","Humid","26.60","0","20.10","231272.51","SABD0002000011","AAV2.0.0.13","2.1.0.383","PSt7-10","171027-000","6/27/2018 9:55:33 AM","0000-00","0","no battery","V"
"08/23/2019","12:40:04","1","default","104940808","OXY1","4.060","min","173.260","μmol/L","Humid","21.167","deg","92133","µV","31.086","°C","1021.000","hPa","36.0","pmil","0","55.680","deg","20.000","°C","100.000","%a.s.","22.210","deg","20.000","°C","971.000","hPa","0.826","-0.01532","0.000401","-0.00012","0","11.08","Humid","26.60","0","20.10","231274.09","SABD0002000011","AAV2.0.0.13","2.1.0.383","PSt7-10","171027-000","6/27/2018 9:55:33 AM","0000-00","0","no battery","V"
"08/23/2019","12:40:05","1","default","104940808","OXY1","4.077","min","173.252","μmol/L","Humid","21.168","deg","92119","µV","31.086","°C","1022.000","hPa","36.0","pmil","0","55.680","deg","20.000","°C","100.000","%a.s.","22.210","deg","20.000","°C","971.000","hPa","0.826","-0.01532","0.000401","-0.00012","0","11.08","Humid","26.60","0","20.10","231272.75","SABD0002000011","AAV2.0.0.13","2.1.0.383","PSt7-10","171027-000","6/27/2018 9:55:33 AM","0000-00","0","no battery","V"
"08/23/2019","12:40:06","1","default","104940808","OXY1","4.094","min","173.237","μmol/L","Humid","21.169","deg","92121","µV","31.086","°C","1022.000","hPa","36.0","pmil","0","55.680","deg","20.000","°C","100.000","%a.s.","22.210","deg","20.000","°C","971.000","hPa","0.826","-0.01532","0.000401","-0.00012","0","11.08","Humid","26.60","0","20.10","231274.68","SABD0002000011","AAV2.0.0.13","2.1.0.383","PSt7-10","171027-000","6/27/2018 9:55:33 AM","0000-00","0","no battery","V"
"08/23/2019","12:40:07","1","default","104940808","OXY1","4.110","min","173.222","μmol/L","Humid","21.170","deg","92117","µV","31.086","°C","1022.000","hPa","36.0","pmil","0","55.680","deg","20.000","°C","100.000","%a.s.","22.210","deg","20.000","°C","971.000","hPa","0.826","-0.01532","0.000401","-0.00012","0","11.08","Humid","26.60","0","20.10","231272.86","SABD0002000011","AAV2.0.0.13","2.1.0.383","PSt7-10","171027-000","6/27/2018 9:55:33 AM","0000-00","0","no battery","V"
"08/23/2019","12:40:08","1","default","104940808","OXY1","4.127","min","173.283","μmol/L","Humid","21.166","deg","92121","µV","31.086","°C","1022.000","hPa","36.0","pmil","0","55.680","deg","20.000","°C","100.000","%a.s.","22.210","deg","20.000","°C","971.000","hPa","0.826","-0.01532","0.000401","-0.00012","0","11.08","Humid","26.60","0","20.10","231262.74","SABD0002000011","AAV2.0.0.13","2.1.0.383","PSt7-10","171027-000","6/27/2018 9:55:33 AM","0000-00","0","no battery","V"
"08/23/2019","12:40:09","1","default","104940808","OXY1","4.144","min","173.298","μmol/L","Humid","21.165","deg","92118","µV","31.086","°C","1022.000","hPa","36.0","pmil","0","55.680","deg","20.000","°C","100.000","%a.s.","22.210","deg","20.000","°C","971.000","hPa","0.826","-0.01532","0.000401","-0.00012","0","11.08","Humid","26.60","0","20.10","231267.90","SABD0002000011","AAV2.0.0.13","2.1.0.383","PSt7-10","171027-000","6/27/2018 9:55:33 AM","0000-00","0","no battery","V"
"08/23/2019","12:40:10","1","default","104940808","OXY1","4.161","min","173.268","μmol/L","Humid","21.167","deg","92125","µV","31.086","°C","1022.000","hPa","36.0","pmil","0","55.680","deg","20.000","°C","100.000","%a.s.","22.210","deg","20.000","°C","971.000","hPa","0.826","-0.01532","0.000401","-0.00012","0","11.08","Humid","26.60","0","20.10","231270.38","SABD0002000011","AAV2.0.0.13","2.1.0.383","PSt7-10","171027-000","6/27/2018 9:55:33 AM","0000-00","0","no battery","V"
"08/23/2019","12:40:11","1","default","104940808","OXY1","4.177","min","173.345","μmol/L","Humid","21.162","deg","92110","µV","31.086","°C","1022.000","hPa","36.0","pmil","0","55.680","deg","20.000","°C","100.000","%a.s.","22.210","deg","20.000","°C","971.000","hPa","0.826","-0.01532","0.000401","-0.00012","0","11.08","Humid","26.60","0","20.10","231268.54","SABD0002000011","AAV2.0.0.13","2.1.0.383","PSt7-10","171027-000","6/27/2018 9:55:33 AM","0000-00","0","no battery","V"
"08/23/2019","12:40:12","1","default","104940808","OXY1","4.194","min","173.222","μmol/L","Humid","21.170","deg","92119","µV","31.086","°C","1022.000","hPa","36.0","pmil","0","55.680","deg","20.000","°C","100.000","%a.s.","22.210","deg","20.000","°C","971.000","hPa","0.826","-0.01532","0.000401","-0.00012","0","11.08","Humid","26.60","0","20.10","231263.70","SABD0002000011","AAV2.0.0.13","2.1.0.383","PSt7-10","171027-000","6/27/2018 9:55:33 AM","0000-00","0","no battery","V"
"08/23/2019","12:40:13","1","default","104940808","OXY1","4.210","min","173.157","μmol/L","Humid","21.172","deg","92117","µV","31.092","°C","1022.000","hPa","36.0","pmil","0","55.680","deg","20.000","°C","100.000","%a.s.","22.210","deg","20.000","°C","971.000","hPa","0.826","-0.01532","0.000401","-0.00012","0","11.08","Humid","26.60","0","20.10","231255.19","SABD0002000011","AAV2.0.0.13","2.1.0.383","PSt7-10","171027-000","6/27/2018 9:55:33 AM","0000-00","0","no battery","V"
"08/23/2019","12:40:14","1","default","104940808","OXY1","4.227","min","173.268","μmol/L","Humid","21.167","deg","92111","µV","31.086","°C","1022.000","hPa","36.0","pmil","0","55.680","deg","20.000","°C","100.000","%a.s.","22.210","deg","20.000","°C","971.000","hPa","0.826","-0.01532","0.000401","-0.00012","0","11.08","Humid","26.60","0","20.10","231266.24","SABD0002000011","AAV2.0.0.13","2.1.0.383","PSt7-10","171027-000","6/27/2018 9:55:33 AM","0000-00","0","no battery","V"
"08/23/2019","12:40:15","1","default","104940808","OXY1","4.243","min","173.222","μmol/L","Humid","21.170","deg","92109","µV","31.086","°C","1022.000","hPa","36.0","pmil","0","55.680","deg","20.000","°C","100.000","%a.s.","22.210","deg","20.000","°C","971.000","hPa","0.826","-0.01532","0.000401","-0.00012","0","11.08","Humid","26.60","0","20.10","231267.79","SABD0002000011","AAV2.0.0.13","2.1.0.383","PSt7-10","171027-000","6/27/2018 9:55:33 AM","0000-00","0","no battery","V"
"08/23/2019","12:40:16","1","default","104940808","OXY1","4.260","min","173.246","μmol/L","Humid","21.164","deg","92108","µV","31.098","°C","1022.000","hPa","36.0","pmil","0","55.680","deg","20.000","°C","100.000","%a.s.","22.210","deg","20.000","°C","971.000","hPa","0.826","-0.01532","0.000401","-0.00012","0","11.08","Humid","26.60","0","20.10","231255.30","SABD0002000011","AAV2.0.0.13","2.1.0.383","PSt7-10","171027-000","6/27/2018 9:55:33 AM","0000-00","0","no battery","V"
"08/23/2019","12:40:17","1","default","104940808","OXY1","4.277","min","173.138","μmol/L","Humid","21.171","deg","92108","µV","31.098","°C","1022.000","hPa","36.0","pmil","0","55.680","deg","20.000","°C","100.000","%a.s.","22.210","deg","20.000","°C","971.000","hPa","0.826","-0.01532","0.000401","-0.00012","0","11.08","Humid","26.60","0","20.10","231247.95","SABD0002000011","AAV2.0.0.13","2.1.0.383","PSt7-10","171027-000","6/27/2018 9:55:33 AM","0000-00","0","no battery","V"
"08/23/2019","12:40:18","1","default","104940808","OXY1","4.294","min","173.222","μmol/L","Humid","21.170","deg","92107","µV","31.086","°C","1022.000","hPa","36.0","pmil","0","55.680","deg","20.000","°C","100.000","%a.s.","22.210","deg","20.000","°C","971.000","hPa","0.826","-0.01532","0.000401","-0.00012","0","11.08","Humid","26.60","0","20.10","231249.60","SABD0002000011","AAV2.0.0.13","2.1.0.383","PSt7-10","171027-000","6/27/2018 9:55:33 AM","0000-00","0","no battery","V"
"08/23/2019","12:40:19","1","default","104940808","OXY1","4.311","min","173.283","μmol/L","Humid","21.166","deg","92111","µV","31.086","°C","1022.000","hPa","36.0","pmil","0","55.680","deg","20.000","°C","100.000","%a.s.","22.210","deg","20.000","°C","971.000","hPa","0.826","-0.01532","0.000401","-0.00012","0","11.08","Humid","26.60","0","20.10","231246.31","SABD0002000011","AAV2.0.0.13","2.1.0.383","PSt7-10","171027-000","6/27/2018 9:55:33 AM","0000-00","0","no battery","V"
"08/23/2019","12:40:20","1","default","104940808","OXY1","4.327","min","173.172","μmol/L","Humid","21.171","deg","92103","µV","31.092","°C","1022.000","hPa","36.0","pmil","0","55.680","deg","20.000","°C","100.000","%a.s.","22.210","deg","20.000","°C","971.000","hPa","0.826","-0.01532","0.000401","-0.00012","0","11.08","Humid","26.60","0","20.10","231239.20","SABD0002000011","AAV2.0.0.13","2.1.0.383","PSt7-10","171027-000","6/27/2018 9:55:33 AM","0000-00","0","no battery","V"
"08/23/2019","12:40:21","1","default","104940808","OXY1","4.343","min","173.249","μmol/L","Humid","21.166","deg","92112","µV","31.092","°C","1022.000","hPa","36.0","pmil","0","55.680","deg","20.000","°C","100.000","%a.s.","22.210","deg","20.000","°C","971.000","hPa","0.826","-0.01532","0.000401","-0.00012","0","11.08","Humid","26.60","0","20.10","231252.42","SABD0002000011","AAV2.0.0.13","2.1.0.383","PSt7-10","171027-000","6/27/2018 9:55:33 AM","0000-00","0","no battery","V"
"08/23/2019","12:40:22","1","default","104940808","OXY1","4.360","min","173.249","μmol/L","Humid","21.166","deg","92104","µV","31.092","°C","1022.000","hPa","36.0","pmil","0","55.680","deg","20.000","°C","100.000","%a.s.","22.210","deg","20.000","°C","971.000","hPa","0.826","-0.01532","0.000401","-0.00012","0","11.08","Humid","26.60","0","20.10","231243.46","SABD0002000011","AAV2.0.0.13","2.1.0.383","PSt7-10","171027-000","6/27/2018 9:55:33 AM","0000-00","0","no battery","V"
"08/23/2019","12:40:23","1","default","104940808","OXY1","4.377","min","173.237","μmol/L","Humid","21.169","deg","92110","µV","31.086","°C","1022.000","hPa","36.0","pmil","0","55.680","deg","20.000","°C","100.000","%a.s.","22.210","deg","20.000","°C","971.000","hPa","0.826","-0.01532","0.000401","-0.00012","0","11.08","Humid","26.60","0","20.10","231243.96","SABD0002000011","AAV2.0.0.13","2.1.0.383","PSt7-10","171027-000","6/27/2018 9:55:33 AM","0000-00","0","no battery","V"
"08/23/2019","12:40:24","1","default","104940808","OXY1","4.394","min","173.234","μmol/L","Humid","21.167","deg","92107","µV","31.092","°C","1022.000","hPa","36.0","pmil","0","55.680","deg","20.000","°C","100.000","%a.s.","22.210","deg","20.000","°C","971.000","hPa","0.826","-0.01532","0.000401","-0.00012","0","11.08","Humid","26.60","0","20.10","231246.49","SABD0002000011","AAV2.0.0.13","2.1.0.383","PSt7-10","171027-000","6/27/2018 9:55:33 AM","0000-00","0","no battery","V"
"08/23/2019","12:40:25","1","default","104940808","OXY1","4.410","min","173.203","μmol/L","Humid","21.169","deg","92111","µV","31.092","°C","1022.000","hPa","36.0","pmil","0","55.680","deg","20.000","°C","100.000","%a.s.","22.210","deg","20.000","°C","971.000","hPa","0.826","-0.01532","0.000401","-0.00012","0","11.08","Humid","26.60","0","20.10","231232.30","SABD0002000011","AAV2.0.0.13","2.1.0.383","PSt7-10","171027-000","6/27/2018 9:55:33 AM","0000-00","0","no battery","V"
"08/23/2019","12:40:26","1","default","104940808","OXY1","4.427","min","173.203","μmol/L","Humid","21.169","deg","92101","µV","31.092","°C","1022.000","hPa","36.0","pmil","0","55.680","deg","20.000","°C","100.000","%a.s.","22.210","deg","20.000","°C","971.000","hPa","0.826","-0.01532","0.000401","-0.00012","0","11.08","Humid","26.60","0","20.10","231252.00","SABD0002000011","AAV2.0.0.13","2.1.0.383","PSt7-10","171027-000","6/27/2018 9:55:33 AM","0000-00","0","no battery","V"
"08/23/2019","12:40:27","1","default","104940808","OXY1","4.444","min","173.268","μmol/L","Humid","21.167","deg","92108","µV","31.086","°C","1022.000","hPa","36.0","pmil","0","55.680","deg","20.000","°C","100.000","%a.s.","22.210","deg","20.000","°C","971.000","hPa","0.826","-0.01532","0.000401","-0.00012","0","11.08","Humid","26.60","0","20.10","231242.13","SABD0002000011","AAV2.0.0.13","2.1.0.383","PSt7-10","171027-000","6/27/2018 9:55:33 AM","0000-00","0","no battery","V"
"08/23/2019","12:40:28","1","default","104940808","OXY1","4.461","min","173.234","μmol/L","Humid","21.167","deg","92101","µV","31.092","°C","1022.000","hPa","36.0","pmil","0","55.680","deg","20.000","°C","100.000","%a.s.","22.210","deg","20.000","°C","971.000","hPa","0.826","-0.01532","0.000401","-0.00012","0","11.08","Humid","26.60","0","20.10","231240.82","SABD0002000011","AAV2.0.0.13","2.1.0.383","PSt7-10","171027-000","6/27/2018 9:55:33 AM","0000-00","0","no battery","V"
"08/23/2019","12:40:29","1","default","104940808","OXY1","4.477","min","173.268","μmol/L","Humid","21.167","deg","92106","µV","31.086","°C","1022.000","hPa","36.0","pmil","0","55.680","deg","20.000","°C","100.000","%a.s.","22.210","deg","20.000","°C","971.000","hPa","0.826","-0.01532","0.000401","-0.00012","0","11.08","Humid","26.60","0","20.10","231238.79","SABD0002000011","AAV2.0.0.13","2.1.0.383","PSt7-10","171027-000","6/27/2018 9:55:33 AM","0000-00","0","no battery","V"
"08/23/2019","12:40:30","1","default","104940808","OXY1","4.494","min","173.203","μmol/L","Humid","21.169","deg","92104","µV","31.092","°C","1022.000","hPa","36.0","pmil","0","55.680","deg","20.000","°C","100.000","%a.s.","22.210","deg","20.000","°C","971.000","hPa","0.826","-0.01532","0.000401","-0.00012","0","11.08","Humid","26.60","0","20.10","231232.37","SABD0002000011","AAV2.0.0.13","2.1.0.383","PSt7-10","171027-000","6/27/2018 9:55:33 AM","0000-00","0","no battery","V"
"08/23/2019","12:40:31","1","default","104940808","OXY1","4.510","min","173.271","μmol/L","Humid","21.169","deg","92097","µV","31.079","°C","1022.000","hPa","36.0","pmil","0","55.680","deg","20.000","°C","100.000","%a.s.","22.210","deg","20.000","°C","971.000","hPa","0.826","-0.01532","0.000401","-0.00012","0","11.08","Humid","26.60","0","20.10","231234.51","SABD0002000011","AAV2.0.0.13","2.1.0.383","PSt7-10","171027-000","6/27/2018 9:55:33 AM","0000-00","0","no battery","V"
"08/23/2019","12:40:32","1","default","104940808","OXY1","4.527","min","173.252","μmol/L","Humid","21.168","deg","92101","µV","31.086","°C","1022.000","hPa","36.0","pmil","0","55.680","deg","20.000","°C","100.000","%a.s.","22.210","deg","20.000","°C","971.000","hPa","0.826","-0.01532","0.000401","-0.00012","0","11.08","Humid","26.60","0","20.10","231235.31","SABD0002000011","AAV2.0.0.13","2.1.0.383","PSt7-10","171027-000","6/27/2018 9:55:33 AM","0000-00","0","no battery","V"
"08/23/2019","12:40:33","1","default","104940808","OXY1","4.543","min","173.191","μmol/L","Humid","21.172","deg","92103","µV","31.086","°C","1022.000","hPa","36.0","pmil","0","55.680","deg","20.000","°C","100.000","%a.s.","22.210","deg","20.000","°C","971.000","hPa","0.826","-0.01532","0.000401","-0.00012","0","11.08","Humid","26.60","0","20.10","231228.88","SABD0002000011","AAV2.0.0.13","2.1.0.383","PSt7-10","171027-000","6/27/2018 9:55:33 AM","0000-00","0","no battery","V"
"08/23/2019","12:40:34","1","default","104940808","OXY1","4.560","min","173.252","μmol/L","Humid","21.168","deg","92100","µV","31.086","°C","1022.000","hPa","36.0","pmil","0","55.680","deg","20.000","°C","100.000","%a.s.","22.210","deg","20.000","°C","971.000","hPa","0.826","-0.01532","0.000401","-0.00012","0","11.08","Humid","26.60","0","20.10","231232.01","SABD0002000011","AAV2.0.0.13","2.1.0.383","PSt7-10","171027-000","6/27/2018 9:55:33 AM","0000-00","0","no battery","V"
"08/23/2019","12:40:35","1","default","104940808","OXY1","4.577","min","173.268","μmol/L","Humid","21.167","deg","92099","µV","31.086","°C","1022.000","hPa","36.0","pmil","0","55.680","deg","20.000","°C","100.000","%a.s.","22.210","deg","20.000","°C","971.000","hPa","0.826","-0.01532","0.000401","-0.00012","0","11.08","Humid","26.60","0","20.10","231224.41","SABD0002000011","AAV2.0.0.13","2.1.0.383","PSt7-10","171027-000","6/27/2018 9:55:33 AM","0000-00","0","no battery","V"
"08/23/2019","12:40:36","1","default","104940808","OXY1","4.594","min","173.188","μmol/L","Humid","21.170","deg","92094","µV","31.092","°C","1022.000","hPa","36.0","pmil","0","55.680","deg","20.000","°C","100.000","%a.s.","22.210","deg","20.000","°C","971.000","hPa","0.826","-0.01532","0.000401","-0.00012","0","11.08","Humid","26.60","0","20.10","231211.24","SABD0002000011","AAV2.0.0.13","2.1.0.383","PSt7-10","171027-000","6/27/2018 9:55:33 AM","0000-00","0","no battery","V"
"08/23/2019","12:40:37","1","default","104940808","OXY1","4.611","min","173.286","μmol/L","Humid","21.168","deg","92091","µV","31.079","°C","1022.000","hPa","36.0","pmil","0","55.680","deg","20.000","°C","100.000","%a.s.","22.210","deg","20.000","°C","971.000","hPa","0.826","-0.01532","0.000401","-0.00012","0","11.08","Humid","26.60","0","20.10","231220.43","SABD0002000011","AAV2.0.0.13","2.1.0.383","PSt7-10","171027-000","6/27/2018 9:55:33 AM","0000-00","0","no battery","V"
"08/23/2019","12:40:38","1","default","104940808","OXY1","4.627","min","173.111","μmol/L","Humid","21.175","deg","92092","µV","31.092","°C","1022.000","hPa","36.0","pmil","0","55.680","deg","20.000","°C","100.000","%a.s.","22.210","deg","20.000","°C","971.000","hPa","0.826","-0.01532","0.000401","-0.00012","0","11.08","Humid","26.60","0","20.10","231214.02","SABD0002000011","AAV2.0.0.13","2.1.0.383","PSt7-10","171027-000","6/27/2018 9:55:33 AM","0000-00","0","no battery","V"
"08/23/2019","12:40:39","1","default","104940808","OXY1","4.644","min","173.160","μmol/L","Humid","21.174","deg","92091","µV","31.086","°C","1022.000","hPa","36.0","pmil","0","55.680","deg","20.000","°C","100.000","%a.s.","22.210","deg","20.000","°C","971.000","hPa","0.826","-0.01532","0.000401","-0.00012","0","11.08","Humid","26.60","0","20.10","231211.34","SABD0002000011","AAV2.0.0.13","2.1.0.383","PSt7-10","171027-000","6/27/2018 9:55:33 AM","0000-00","0","no battery","V"
"08/23/2019","12:40:40","1","default","104940808","OXY1","4.661","min","173.141","μmol/L","Humid","21.173","deg","92090","µV","31.092","°C","1022.000","hPa","36.0","pmil","0","55.680","deg","20.000","°C","100.000","%a.s.","22.210","deg","20.000","°C","971.000","hPa","0.826","-0.01532","0.000401","-0.00012","0","11.08","Humid","26.60","0","20.10","231213.05","SABD0002000011","AAV2.0.0.13","2.1.0.383","PSt7-10","171027-000","6/27/2018 9:55:33 AM","0000-00","0","no battery","V"
"08/23/2019","12:40:41","1","default","104940808","OXY1","4.677","min","173.222","μmol/L","Humid","21.170","deg","92093","µV","31.086","°C","1022.000","hPa","36.0","pmil","0","55.680","deg","20.000","°C","100.000","%a.s.","22.210","deg","20.000","°C","971.000","hPa","0.826","-0.01532","0.000401","-0.00012","0","11.08","Humid","26.60","0","20.10","231225.41","SABD0002000011","AAV2.0.0.13","2.1.0.383","PSt7-10","171027-000","6/27/2018 9:55:33 AM","0000-00","0","no battery","V"
"08/23/2019","12:40:42","1","default","104940808","OXY1","4.693","min","173.298","μmol/L","Humid","21.165","deg","92082","µV","31.086","°C","1022.000","hPa","36.0","pmil","0","55.680","deg","20.000","°C","100.000","%a.s.","22.210","deg","20.000","°C","971.000","hPa","0.826","-0.01532","0.000401","-0.00012","0","11.08","Humid","26.60","0","20.10","231198.67","SABD0002000011","AAV2.0.0.13","2.1.0.383","PSt7-10","171027-000","6/27/2018 9:55:33 AM","0000-00","0","no battery","V"
"08/23/2019","12:40:43","1","default","104940808","OXY1","4.710","min","173.203","μmol/L","Humid","21.169","deg","92082","µV","31.092","°C","1022.000","hPa","36.0","pmil","0","55.680","deg","20.000","°C","100.000","%a.s.","22.210","deg","20.000","°C","971.000","hPa","0.826","-0.01532","0.000401","-0.00012","0","11.08","Humid","26.60","0","20.10","231202.88","SABD0002000011","AAV2.0.0.13","2.1.0.383","PSt7-10","171027-000","6/27/2018 9:55:33 AM","0000-00","0","no battery","V"
"08/23/2019","12:40:44","1","default","104940808","OXY1","4.727","min","173.160","μmol/L","Humid","21.174","deg","92078","µV","31.086","°C","1022.000","hPa","36.0","pmil","0","55.680","deg","20.000","°C","100.000","%a.s.","22.210","deg","20.000","°C","971.000","hPa","0.826","-0.01532","0.000401","-0.00012","0","11.08","Humid","26.60","0","20.10","231215.61","SABD0002000011","AAV2.0.0.13","2.1.0.383","PSt7-10","171027-000","6/27/2018 9:55:33 AM","0000-00","0","no battery","V"
"08/23/2019","12:40:45","1","default","104940808","OXY1","4.744","min","173.234","μmol/L","Humid","21.167","deg","92089","µV","31.092","°C","1022.000","hPa","36.0","pmil","0","55.680","deg","20.000","°C","100.000","%a.s.","22.210","deg","20.000","°C","971.000","hPa","0.826","-0.01532","0.000401","-0.00012","0","11.08","Humid","26.60","0","20.10","231219.34","SABD0002000011","AAV2.0.0.13","2.1.0.383","PSt7-10","171027-000","6/27/2018 9:55:33 AM","0000-00","0","no battery","V"
"08/23/2019","12:40:46","1","default","104940808","OXY1","4.760","min","173.218","μmol/L","Humid","21.168","deg","92081","µV","31.092","°C","1022.000","hPa","36.0","pmil","0","55.680","deg","20.000","°C","100.000","%a.s.","22.210","deg","20.000","°C","971.000","hPa","0.826","-0.01532","0.000401","-0.00012","0","11.08","Humid","26.60","0","20.10","231196.78","SABD0002000011","AAV2.0.0.13","2.1.0.383","PSt7-10","171027-000","6/27/2018 9:55:33 AM","0000-00","0","no battery","V"
"08/23/2019","12:40:47","1","default","104940808","OXY1","4.777","min","173.154","μmol/L","Humid","21.170","deg","92089","µV","31.098","°C","1022.000","hPa","36.0","pmil","0","55.680","deg","20.000","°C","100.000","%a.s.","22.210","deg","20.000","°C","971.000","hPa","0.826","-0.01532","0.000401","-0.00012","0","11.08","Humid","26.60","0","20.10","231208.38","SABD0002000011","AAV2.0.0.13","2.1.0.383","PSt7-10","171027-000","6/27/2018 9:55:33 AM","0000-00","0","no battery","V"
"08/23/2019","12:40:48","1","default","104940808","OXY1","4.794","min","173.123","μmol/L","Humid","21.172","deg","92082","µV","31.098","°C","1022.000","hPa","36.0","pmil","0","55.680","deg","20.000","°C","100.000","%a.s.","22.210","deg","20.000","°C","971.000","hPa","0.826","-0.01532","0.000401","-0.00012","0","11.08","Humid","26.60","0","20.10","231210.43","SABD0002000011","AAV2.0.0.13","2.1.0.383","PSt7-10","171027-000","6/27/2018 9:55:33 AM","0000-00","0","no battery","V"
"08/23/2019","12:40:49","1","default","104940808","OXY1","4.810","min","173.111","μmol/L","Humid","21.175","deg","92097","µV","31.092","°C","1022.000","hPa","36.0","pmil","0","55.680","deg","20.000","°C","100.000","%a.s.","22.210","deg","20.000","°C","971.000","hPa","0.826","-0.01532","0.000401","-0.00012","0","11.08","Humid","26.60","0","20.10","231204.38","SABD0002000011","AAV2.0.0.13","2.1.0.383","PSt7-10","171027-000","6/27/2018 9:55:33 AM","0000-00","0","no battery","V"
"08/23/2019","12:40:50","1","default","104940808","OXY1","4.827","min","173.115","μmol/L","Humid","21.172","deg","92096","µV","31.098","°C","1021.000","hPa","36.0","pmil","0","55.680","deg","20.000","°C","100.000","%a.s.","22.210","deg","20.000","°C","971.000","hPa","0.826","-0.01532","0.000401","-0.00012","0","11.08","Humid","26.60","0","20.10","231205.95","SABD0002000011","AAV2.0.0.13","2.1.0.383","PSt7-10","171027-000","6/27/2018 9:55:33 AM","0000-00","0","no battery","V"
"08/23/2019","12:40:51","1","default","104940808","OXY1","4.843","min","173.126","μmol/L","Humid","21.174","deg","92091","µV","31.092","°C","1022.000","hPa","36.0","pmil","0","55.680","deg","20.000","°C","100.000","%a.s.","22.210","deg","20.000","°C","971.000","hPa","0.826","-0.01532","0.000401","-0.00012","0","11.08","Humid","26.60","0","20.10","231200.69","SABD0002000011","AAV2.0.0.13","2.1.0.383","PSt7-10","171027-000","6/27/2018 9:55:33 AM","0000-00","0","no battery","V"
"08/23/2019","12:40:52","1","default","104940808","OXY1","4.860","min","173.160","μmol/L","Humid","21.174","deg","92096","µV","31.086","°C","1022.000","hPa","36.0","pmil","0","55.680","deg","20.000","°C","100.000","%a.s.","22.210","deg","20.000","°C","971.000","hPa","0.826","-0.01532","0.000401","-0.00012","0","11.08","Humid","26.60","0","20.10","231199.65","SABD0002000011","AAV2.0.0.13","2.1.0.383","PSt7-10","171027-000","6/27/2018 9:55:33 AM","0000-00","0","no battery","V"
"08/23/2019","12:40:53","1","default","104940808","OXY1","4.877","min","173.138","μmol/L","Humid","21.171","deg","92088","µV","31.098","°C","1022.000","hPa","36.0","pmil","0","55.680","deg","20.000","°C","100.000","%a.s.","22.210","deg","20.000","°C","971.000","hPa","0.826","-0.01532","0.000401","-0.00012","0","11.08","Humid","26.60","0","20.10","231203.85","SABD0002000011","AAV2.0.0.13","2.1.0.383","PSt7-10","171027-000","6/27/2018 9:55:33 AM","0000-00","0","no battery","V"
"08/23/2019","12:40:54","1","default","104940808","OXY1","4.894","min","173.191","μmol/L","Humid","21.172","deg","92088","µV","31.086","°C","1022.000","hPa","36.0","pmil","0","55.680","deg","20.000","°C","100.000","%a.s.","22.210","deg","20.000","°C","971.000","hPa","0.826","-0.01532","0.000401","-0.00012","0","11.08","Humid","26.60","0","20.10","231191.40","SABD0002000011","AAV2.0.0.13","2.1.0.383","PSt7-10","171027-000","6/27/2018 9:55:33 AM","0000-00","0","no battery","V"
"08/23/2019","12:40:55","1","default","104940808","OXY1","4.911","min","173.061","μmol/L","Humid","21.176","deg","92092","µV","31.098","°C","1022.000","hPa","36.0","pmil","0","55.680","deg","20.000","°C","100.000","%a.s.","22.210","deg","20.000","°C","971.000","hPa","0.826","-0.01532","0.000401","-0.00012","0","11.08","Humid","26.60","0","20.10","231202.63","SABD0002000011","AAV2.0.0.13","2.1.0.383","PSt7-10","171027-000","6/27/2018 9:55:33 AM","0000-00","0","no battery","V"
"08/23/2019","12:40:56","1","default","104940808","OXY1","4.927","min","173.175","μmol/L","Humid","21.173","deg","92088","µV","31.086","°C","1022.000","hPa","36.0","pmil","0","55.680","deg","20.000","°C","100.000","%a.s.","22.210","deg","20.000","°C","971.000","hPa","0.826","-0.01532","0.000401","-0.00012","0","11.08","Humid","26.60","0","20.10","231196.55","SABD0002000011","AAV2.0.0.13","2.1.0.383","PSt7-10","171027-000","6/27/2018 9:55:33 AM","0000-00","0","no battery","V"
"08/23/2019","12:40:57","1","default","104940808","OXY1","4.944","min","173.160","μmol/L","Humid","21.174","deg","92092","µV","31.086","°C","1022.000","hPa","36.0","pmil","0","55.680","deg","20.000","°C","100.000","%a.s.","22.210","deg","20.000","°C","971.000","hPa","0.826","-0.01532","0.000401","-0.00012","0","11.08","Humid","26.60","0","20.10","231191.78","SABD0002000011","AAV2.0.0.13","2.1.0.383","PSt7-10","171027-000","6/27/2018 9:55:33 AM","0000-00","0","no battery","V"
"08/23/2019","12:40:58","1","default","104940808","OXY1","4.960","min","173.175","μmol/L","Humid","21.173","deg","92096","µV","31.086","°C","1022.000","hPa","36.0","pmil","0","55.680","deg","20.000","°C","100.000","%a.s.","22.210","deg","20.000","°C","971.000","hPa","0.826","-0.01532","0.000401","-0.00012","0","11.08","Humid","26.60","0","20.10","231185.80","SABD0002000011","AAV2.0.0.13","2.1.0.383","PSt7-10","171027-000","6/27/2018 9:55:33 AM","0000-00","0","no battery","V"
"08/23/2019","12:40:59","1","default","104940808","OXY1","4.977","min","173.145","μmol/L","Humid","21.175","deg","92092","µV","31.086","°C","1022.000","hPa","36.0","pmil","0","55.680","deg","20.000","°C","100.000","%a.s.","22.210","deg","20.000","°C","971.000","hPa","0.826","-0.01532","0.000401","-0.00012","0","11.08","Humid","26.60","0","20.10","231186.49","SABD0002000011","AAV2.0.0.13","2.1.0.383","PSt7-10","171027-000","6/27/2018 9:55:33 AM","0000-00","0","no battery","V"
"08/23/2019","12:41:00","1","default","104940808","OXY1","4.994","min","173.068","μmol/L","Humid","21.180","deg","92089","µV","31.086","°C","1022.000","hPa","36.0","pmil","0","55.680","deg","20.000","°C","100.000","%a.s.","22.210","deg","20.000","°C","971.000","hPa","0.826","-0.01532","0.000401","-0.00012","0","11.08","Humid","26.60","0","20.10","231188.03","SABD0002000011","AAV2.0.0.13","2.1.0.383","PSt7-10","171027-000","6/27/2018 9:55:33 AM","0000-00","0","no battery","V"
"08/23/2019","12:41:01","1","default","104940808","OXY1","5.010","min","173.191","μmol/L","Humid","21.172","deg","92076","µV","31.086","°C","1022.000","hPa","36.0","pmil","0","55.680","deg","20.000","°C","100.000","%a.s.","22.210","deg","20.000","°C","971.000","hPa","0.826","-0.01532","0.000401","-0.00012","0","11.08","Humid","26.60","0","20.10","231176.25","SABD0002000011","AAV2.0.0.13","2.1.0.383","PSt7-10","171027-000","6/27/2018 9:55:33 AM","0000-00","0","no battery","V"
"08/23/2019","12:41:02","1","default","104940808","OXY1","5.027","min","173.172","μmol/L","Humid","21.171","deg","92072","µV","31.092","°C","1022.000","hPa","36.0","pmil","0","55.680","deg","20.000","°C","100.000","%a.s.","22.210","deg","20.000","°C","971.000","hPa","0.826","-0.01532","0.000401","-0.00012","0","11.08","Humid","26.60","0","20.10","231186.49","SABD0002000011","AAV2.0.0.13","2.1.0.383","PSt7-10","171027-000","6/27/2018 9:55:33 AM","0000-00","0","no battery","V"
"08/23/2019","12:41:03","1","default","104940808","OXY1","5.044","min","173.222","μmol/L","Humid","21.170","deg","92071","µV","31.086","°C","1022.000","hPa","36.0","pmil","0","55.680","deg","20.000","°C","100.000","%a.s.","22.210","deg","20.000","°C","971.000","hPa","0.826","-0.01532","0.000401","-0.00012","0","11.08","Humid","26.60","0","20.10","231188.39","SABD0002000011","AAV2.0.0.13","2.1.0.383","PSt7-10","171027-000","6/27/2018 9:55:33 AM","0000-00","0","no battery","V"
"08/23/2019","12:41:04","1","default","104940808","OXY1","5.061","min","173.172","μmol/L","Humid","21.171","deg","92076","µV","31.092","°C","1022.000","hPa","36.0","pmil","0","55.680","deg","20.000","°C","100.000","%a.s.","22.210","deg","20.000","°C","971.000","hPa","0.826","-0.01532","0.000401","-0.00012","0","11.08","Humid","26.60","0","20.10","231193.44","SABD0002000011","AAV2.0.0.13","2.1.0.383","PSt7-10","171027-000","6/27/2018 9:55:33 AM","0000-00","0","no battery","V"
"08/23/2019","12:41:05","1","default","104940808","OXY1","5.077","min","173.154","μmol/L","Humid","21.170","deg","92065","µV","31.098","°C","1022.000","hPa","36.0","pmil","0","55.680","deg","20.000","°C","100.000","%a.s.","22.210","deg","20.000","°C","971.000","hPa","0.826","-0.01532","0.000401","-0.00012","0","11.08","Humid","26.60","0","20.10","231173.24","SABD0002000011","AAV2.0.0.13","2.1.0.383","PSt7-10","171027-000","6/27/2018 9:55:33 AM","0000-00","0","no battery","V"
"08/23/2019","12:41:06","1","default","104940808","OXY1","5.094","min","173.252","μmol/L","Humid","21.168","deg","92065","µV","31.086","°C","1022.000","hPa","36.0","pmil","0","55.680","deg","20.000","°C","100.000","%a.s.","22.210","deg","20.000","°C","971.000","hPa","0.826","-0.01532","0.000401","-0.00012","0","11.08","Humid","26.60","0","20.10","231172.22","SABD0002000011","AAV2.0.0.13","2.1.0.383","PSt7-10","171027-000","6/27/2018 9:55:33 AM","0000-00","0","no battery","V"
"08/23/2019","12:41:07","1","default","104940808","OXY1","5.110","min","173.157","μmol/L","Humid","21.172","deg","92067","µV","31.092","°C","1022.000","hPa","36.0","pmil","0","55.680","deg","20.000","°C","100.000","%a.s.","22.210","deg","20.000","°C","971.000","hPa","0.826","-0.01532","0.000401","-0.00012","0","11.08","Humid","26.60","0","20.10","231174.01","SABD0002000011","AAV2.0.0.13","2.1.0.383","PSt7-10","171027-000","6/27/2018 9:55:33 AM","0000-00","0","no battery","V"
"08/23/2019","12:41:08","1","default","104940808","OXY1","5.127","min","173.141","μmol/L","Humid","21.173","deg","92065","µV","31.092","°C","1022.000","hPa","36.0","pmil","0","55.680","deg","20.000","°C","100.000","%a.s.","22.210","deg","20.000","°C","971.000","hPa","0.826","-0.01532","0.000401","-0.00012","0","11.08","Humid","26.60","0","20.10","231179.91","SABD0002000011","AAV2.0.0.13","2.1.0.383","PSt7-10","171027-000","6/27/2018 9:55:33 AM","0000-00","0","no battery","V"
"08/23/2019","12:41:09","1","default","104940808","OXY1","5.143","min","173.154","μmol/L","Humid","21.170","deg","92058","µV","31.098","°C","1022.000","hPa","36.0","pmil","0","55.680","deg","20.000","°C","100.000","%a.s.","22.210","deg","20.000","°C","971.000","hPa","0.826","-0.01532","0.000401","-0.00012","0","11.08","Humid","26.60","0","20.10","231175.14","SABD0002000011","AAV2.0.0.13","2.1.0.383","PSt7-10","171027-000","6/27/2018 9:55:33 AM","0000-00","0","no battery","V"
"08/23/2019","12:41:10","1","default","104940808","OXY1","5.160","min","173.175","μmol/L","Humid","21.173","deg","92072","µV","31.086","°C","1022.000","hPa","36.0","pmil","0","55.680","deg","20.000","°C","100.000","%a.s.","22.210","deg","20.000","°C","971.000","hPa","0.826","-0.01532","0.000401","-0.00012","0","11.08","Humid","26.60","0","20.10","231169.47","SABD0002000011","AAV2.0.0.13","2.1.0.383","PSt7-10","171027-000","6/27/2018 9:55:33 AM","0000-00","0","no battery","V"
"08/23/2019","12:41:11","1","default","104940808","OXY1","5.177","min","173.206","μmol/L","Humid","21.171","deg","92070","µV","31.086","°C","1022.000","hPa","36.0","pmil","0","55.680","deg","20.000","°C","100.000","%a.s.","22.210","deg","20.000","°C","971.000","hPa","0.826","-0.01532","0.000401","-0.00012","0","11.08","Humid","26.60","0","20.10","231180.03","SABD0002000011","AAV2.0.0.13","2.1.0.383","PSt7-10","171027-000","6/27/2018 9:55:33 AM","0000-00","0","no battery","V"
"08/23/2019","12:41:12","1","default","104940808","OXY1","5.194","min","173.191","μmol/L","Humid","21.172","deg","92062","µV","31.086","°C","1022.000","hPa","36.0","pmil","0","55.680","deg","20.000","°C","100.000","%a.s.","22.210","deg","20.000","°C","971.000","hPa","0.826","-0.01532","0.000401","-0.00012","0","11.08","Humid","26.60","0","20.10","231178.39","SABD0002000011","AAV2.0.0.13","2.1.0.383","PSt7-10","171027-000","6/27/2018 9:55:33 AM","0000-00","0","no battery","V"
"08/23/2019","12:41:13","1","default","104940808","OXY1","5.211","min","173.031","μmol/L","Humid","21.178","deg","92061","µV","31.098","°C","1022.000","hPa","36.0","pmil","0","55.680","deg","20.000","°C","100.000","%a.s.","22.210","deg","20.000","°C","971.000","hPa","0.826","-0.01532","0.000401","-0.00012","0","11.08","Humid","26.60","0","20.10","231173.13","SABD0002000011","AAV2.0.0.13","2.1.0.383","PSt7-10","171027-000","6/27/2018 9:55:33 AM","0000-00","0","no battery","V"
"08/23/2019","12:41:14","1","default","104940808","OXY1","5.227","min","173.077","μmol/L","Humid","21.175","deg","92059","µV","31.098","°C","1022.000","hPa","36.0","pmil","0","55.680","deg","20.000","°C","100.000","%a.s.","22.210","deg","20.000","°C","971.000","hPa","0.826","-0.01532","0.000401","-0.00012","0","11.08","Humid","26.60","0","20.10","231174.71","SABD0002000011","AAV2.0.0.13","2.1.0.383","PSt7-10","171027-000","6/27/2018 9:55:33 AM","0000-00","0","no battery","V"
"08/23/2019","12:41:15","1","default","104940808","OXY1","5.243","min","173.160","μmol/L","Humid","21.174","deg","92063","µV","31.086","°C","1022.000","hPa","36.0","pmil","0","55.680","deg","20.000","°C","100.000","%a.s.","22.210","deg","20.000","°C","971.000","hPa","0.826","-0.01532","0.000401","-0.00012","0","11.08","Humid","26.60","0","20.10","231161.67","SABD0002000011","AAV2.0.0.13","2.1.0.383","PSt7-10","171027-000","6/27/2018 9:55:33 AM","0000-00","0","no battery","V"
"08/23/2019","12:41:16","1","default","104940808","OXY1","5.260","min","173.157","μmol/L","Humid","21.172","deg","92067","µV","31.092","°C","1022.000","hPa","36.0","pmil","0","55.680","deg","20.000","°C","100.000","%a.s.","22.210","deg","20.000","°C","971.000","hPa","0.826","-0.01532","0.000401","-0.00012","0","11.08","Humid","26.60","0","20.10","231165.81","SABD0002000011","AAV2.0.0.13","2.1.0.383","PSt7-10","171027-000","6/27/2018 9:55:33 AM","0000-00","0","no battery","V"
"08/23/2019","12:41:17","1","default","104940808","OXY1","5.277","min","173.203","μmol/L","Humid","21.169","deg","92064","µV","31.092","°C","1022.000","hPa","36.0","pmil","0","55.680","deg","20.000","°C","100.000","%a.s.","22.210","deg","20.000","°C","971.000","hPa","0.826","-0.01532","0.000401","-0.00012","0","11.08","Humid","26.60","0","20.10","231168.78","SABD0002000011","AAV2.0.0.13","2.1.0.383","PSt7-10","171027-000","6/27/2018 9:55:33 AM","0000-00","0","no battery","V"
"08/23/2019","12:41:18","1","default","104940808","OXY1","5.293","min","173.111","μmol/L","Humid","21.175","deg","92065","µV","31.092","°C","1022.000","hPa","36.0","pmil","0","55.680","deg","20.000","°C","100.000","%a.s.","22.210","deg","20.000","°C","971.000","hPa","0.826","-0.01532","0.000401","-0.00012","0","11.08","Humid","26.60","0","20.10","231172.85","SABD0002000011","AAV2.0.0.13","2.1.0.383","PSt7-10","171027-000","6/27/2018 9:55:33 AM","0000-00","0","no battery","V"
"08/23/2019","12:41:19","1","default","104940808","OXY1","5.310","min","173.172","μmol/L","Humid","21.171","deg","92061","µV","31.092","°C","1022.000","hPa","36.0","pmil","0","55.680","deg","20.000","°C","100.000","%a.s.","22.210","deg","20.000","°C","971.000","hPa","0.826","-0.01532","0.000401","-0.00012","0","11.08","Humid","26.60","0","20.10","231166.70","SABD0002000011","AAV2.0.0.13","2.1.0.383","PSt7-10","171027-000","6/27/2018 9:55:33 AM","0000-00","0","no battery","V"
"08/23/2019","12:41:20","1","default","104940808","OXY1","5.327","min","173.157","μmol/L","Humid","21.172","deg","92063","µV","31.092","°C","1022.000","hPa","36.0","pmil","0","55.680","deg","20.000","°C","100.000","%a.s.","22.210","deg","20.000","°C","971.000","hPa","0.826","-0.01532","0.000401","-0.00012","0","11.08","Humid","26.60","0","20.10","231166.02","SABD0002000011","AAV2.0.0.13","2.1.0.383","PSt7-10","171027-000","6/27/2018 9:55:33 AM","0000-00","0","no battery","V"
"08/23/2019","12:41:21","1","default","104940808","OXY1","5.344","min","173.188","μmol/L","Humid","21.170","deg","92066","µV","31.092","°C","1022.000","hPa","36.0","pmil","0","55.680","deg","20.000","°C","100.000","%a.s.","22.210","deg","20.000","°C","971.000","hPa","0.826","-0.01532","0.000401","-0.00012","0","11.08","Humid","26.60","0","20.10","231163.38","SABD0002000011","AAV2.0.0.13","2.1.0.383","PSt7-10","171027-000","6/27/2018 9:55:33 AM","0000-00","0","no battery","V"
"08/23/2019","12:41:22","1","default","104940808","OXY1","5.361","min","173.188","μmol/L","Humid","21.170","deg","92059","µV","31.092","°C","1022.000","hPa","36.0","pmil","0","55.680","deg","20.000","°C","100.000","%a.s.","22.210","deg","20.000","°C","971.000","hPa","0.826","-0.01532","0.000401","-0.00012","0","11.08","Humid","26.60","0","20.10","231159.15","SABD0002000011","AAV2.0.0.13","2.1.0.383","PSt7-10","171027-000","6/27/2018 9:55:33 AM","0000-00","0","no battery","V"
"08/23/2019","12:41:23","1","default","104940808","OXY1","5.377","min","173.203","μmol/L","Humid","21.169","deg","92063","µV","31.092","°C","1022.000","hPa","36.0","pmil","0","55.680","deg","20.000","°C","100.000","%a.s.","22.210","deg","20.000","°C","971.000","hPa","0.826","-0.01532","0.000401","-0.00012","0","11.08","Humid","26.60","0","20.10","231169.59","SABD0002000011","AAV2.0.0.13","2.1.0.383","PSt7-10","171027-000","6/27/2018 9:55:33 AM","0000-00","0","no battery","V"
"08/23/2019","12:41:24","1","default","104940808","OXY1","5.393","min","173.188","μmol/L","Humid","21.170","deg","92051","µV","31.092","°C","1022.000","hPa","36.0","pmil","0","55.680","deg","20.000","°C","100.000","%a.s.","22.210","deg","20.000","°C","971.000","hPa","0.826","-0.01532","0.000401","-0.00012","0","11.08","Humid","26.60","0","20.10","231156.01","SABD0002000011","AAV2.0.0.13","2.1.0.383","PSt7-10","171027-000","6/27/2018 9:55:33 AM","0000-00","0","no battery","V"
"08/23/2019","12:41:25","1","default","104940808","OXY1","5.410","min","173.092","μmol/L","Humid","21.174","deg","92054","µV","31.098","°C","1022.000","hPa","36.0","pmil","0","55.680","deg","20.000","°C","100.000","%a.s.","22.210","deg","20.000","°C","971.000","hPa","0.826","-0.01532","0.000401","-0.00012","0","11.08","Humid","26.60","0","20.10","231164.51","SABD0002000011","AAV2.0.0.13","2.1.0.383","PSt7-10","171027-000","6/27/2018 9:55:33 AM","0000-00","0","no battery","V"
"08/23/2019","12:41:26","1","default","104940808","OXY1","5.427","min","173.188","μmol/L","Humid","21.170","deg","92051","µV","31.092","°C","1022.000","hPa","36.0","pmil","0","55.680","deg","20.000","°C","100.000","%a.s.","22.210","deg","20.000","°C","971.000","hPa","0.826","-0.01532","0.000401","-0.00012","0","11.08","Humid","26.60","0","20.10","231154.50","SABD0002000011","AAV2.0.0.13","2.1.0.383","PSt7-10","171027-000","6/27/2018 9:55:33 AM","0000-00","0","no battery","V"
"08/23/2019","12:41:27","1","default","104940808","OXY1","5.444","min","173.237","μmol/L","Humid","21.169","deg","92047","µV","31.086","°C","1022.000","hPa","36.0","pmil","0","55.680","deg","20.000","°C","100.000","%a.s.","22.210","deg","20.000","°C","971.000","hPa","0.826","-0.01532","0.000401","-0.00012","0","11.08","Humid","26.60","0","20.10","231148.25","SABD0002000011","AAV2.0.0.13","2.1.0.383","PSt7-10","171027-000","6/27/2018 9:55:33 AM","0000-00","0","no battery","V"
"08/23/2019","12:41:28","1","default","104940808","OXY1","5.460","min","173.222","μmol/L","Humid","21.170","deg","92037","µV","31.086","°C","1022.000","hPa","36.0","pmil","0","55.680","deg","20.000","°C","100.000","%a.s.","22.210","deg","20.000","°C","971.000","hPa","0.826","-0.01532","0.000401","-0.00012","0","11.08","Humid","26.60","0","20.10","231150.18","SABD0002000011","AAV2.0.0.13","2.1.0.383","PSt7-10","171027-000","6/27/2018 9:55:33 AM","0000-00","0","no battery","V"
"08/23/2019","12:41:29","1","default","104940808","OXY1","5.477","min","173.120","μmol/L","Humid","21.170","deg","92037","µV","31.104","°C","1022.000","hPa","36.0","pmil","0","55.680","deg","20.000","°C","100.000","%a.s.","22.210","deg","20.000","°C","971.000","hPa","0.826","-0.01532","0.000401","-0.00012","0","11.08","Humid","26.60","0","20.10","231154.45","SABD0002000011","AAV2.0.0.13","2.1.0.383","PSt7-10","171027-000","6/27/2018 9:55:33 AM","0000-00","0","no battery","V"
"08/23/2019","12:41:30","1","default","104940808","OXY1","5.494","min","173.157","μmol/L","Humid","21.172","deg","92049","µV","31.092","°C","1022.000","hPa","36.0","pmil","0","55.680","deg","20.000","°C","100.000","%a.s.","22.210","deg","20.000","°C","971.000","hPa","0.826","-0.01532","0.000401","-0.00012","0","11.08","Humid","26.60","0","20.10","231144.02","SABD0002000011","AAV2.0.0.13","2.1.0.383","PSt7-10","171027-000","6/27/2018 9:55:33 AM","0000-00","0","no battery","V"
"08/23/2019","12:41:31","1","default","104940808","OXY1","5.511","min","173.172","μmol/L","Humid","21.171","deg","92038","µV","31.092","°C","1022.000","hPa","36.0","pmil","0","55.680","deg","20.000","°C","100.000","%a.s.","22.210","deg","20.000","°C","971.000","hPa","0.826","-0.01532","0.000401","-0.00012","0","11.08","Humid","26.60","0","20.10","231144.98","SABD0002000011","AAV2.0.0.13","2.1.0.383","PSt7-10","171027-000","6/27/2018 9:55:33 AM","0000-00","0","no battery","V"
"08/23/2019","12:41:32","1","default","104940808","OXY1","5.527","min","173.218","μmol/L","Humid","21.168","deg","92034","µV","31.092","°C","1022.000","hPa","36.0","pmil","0","55.680","deg","20.000","°C","100.000","%a.s.","22.210","deg","20.000","°C","971.000","hPa","0.826","-0.01532","0.000401","-0.00012","0","11.08","Humid","26.60","0","20.10","231133.59","SABD0002000011","AAV2.0.0.13","2.1.0.383","PSt7-10","171027-000","6/27/2018 9:55:33 AM","0000-00","0","no battery","V"
"08/23/2019","12:41:33","1","default","104940808","OXY1","5.544","min","173.169","μmol/L","Humid","21.169","deg","92036","µV","31.098","°C","1022.000","hPa","36.0","pmil","0","55.680","deg","20.000","°C","100.000","%a.s.","22.210","deg","20.000","°C","971.000","hPa","0.826","-0.01532","0.000401","-0.00012","0","11.08","Humid","26.60","0","20.10","231149.13","SABD0002000011","AAV2.0.0.13","2.1.0.383","PSt7-10","171027-000","6/27/2018 9:55:33 AM","0000-00","0","no battery","V"
"08/23/2019","12:41:34","1","default","104940808","OXY1","5.560","min","173.200","μmol/L","Humid","21.167","deg","92028","µV","31.098","°C","1022.000","hPa","36.0","pmil","0","55.680","deg","20.000","°C","100.000","%a.s.","22.210","deg","20.000","°C","971.000","hPa","0.826","-0.01532","0.000401","-0.00012","0","11.08","Humid","26.60","0","20.10","231132.87","SABD0002000011","AAV2.0.0.13","2.1.0.383","PSt7-10","171027-000","6/27/2018 9:55:33 AM","0000-00","0","no battery","V"
"08/23/2019","12:41:35","1","default","104940808","OXY1","5.577","min","173.184","μmol/L","Humid","21.168","deg","92038","µV","31.098","°C","1022.000","hPa","36.0","pmil","0","55.680","deg","20.000","°C","100.000","%a.s.","22.210","deg","20.000","°C","971.000","hPa","0.826","-0.01532","0.000401","-0.00012","0","11.08","Humid","26.60","0","20.10","231139.03","SABD0002000011","AAV2.0.0.13","2.1.0.383","PSt7-10","171027-000","6/27/2018 9:55:33 AM","0000-00","0","no battery","V"
"08/23/2019","12:41:36","1","default","104940808","OXY1","5.593","min","173.200","μmol/L","Humid","21.167","deg","92035","µV","31.098","°C","1022.000","hPa","36.0","pmil","0","55.680","deg","20.000","°C","100.000","%a.s.","22.210","deg","20.000","°C","971.000","hPa","0.826","-0.01532","0.000401","-0.00012","0","11.08","Humid","26.60","0","20.10","231141.07","SABD0002000011","AAV2.0.0.13","2.1.0.383","PSt7-10","171027-000","6/27/2018 9:55:33 AM","0000-00","0","no battery","V"
"08/23/2019","12:41:37","1","default","104940808","OXY1","5.610","min","173.077","μmol/L","Humid","21.175","deg","92037","µV","31.098","°C","1022.000","hPa","36.0","pmil","0","55.680","deg","20.000","°C","100.000","%a.s.","22.210","deg","20.000","°C","971.000","hPa","0.826","-0.01532","0.000401","-0.00012","0","11.08","Humid","26.60","0","20.10","231161.15","SABD0002000011","AAV2.0.0.13","2.1.0.383","PSt7-10","171027-000","6/27/2018 9:55:33 AM","0000-00","0","no battery","V"
"08/23/2019","12:41:38","1","default","104940808","OXY1","5.627","min","173.154","μmol/L","Humid","21.170","deg","92028","µV","31.098","°C","1022.000","hPa","36.0","pmil","0","55.680","deg","20.000","°C","100.000","%a.s.","22.210","deg","20.000","°C","971.000","hPa","0.826","-0.01532","0.000401","-0.00012","0","11.08","Humid","26.60","0","20.10","231144.67","SABD0002000011","AAV2.0.0.13","2.1.0.383","PSt7-10","171027-000","6/27/2018 9:55:33 AM","0000-00","0","no battery","V"
"08/23/2019","12:41:39","1","default","104940808","OXY1","5.644","min","173.108","μmol/L","Humid","21.173","deg","92028","µV","31.098","°C","1022.000","hPa","36.0","pmil","0","55.680","deg","20.000","°C","100.000","%a.s.","22.210","deg","20.000","°C","971.000","hPa","0.826","-0.01532","0.000401","-0.00012","0","11.08","Humid","26.60","0","20.10","231135.95","SABD0002000011","AAV2.0.0.13","2.1.0.383","PSt7-10","171027-000","6/27/2018 9:55:33 AM","0000-00","0","no battery","V"
"08/23/2019","12:41:40","1","default","104940808","OXY1","5.660","min","173.218","μmol/L","Humid","21.168","deg","92026","µV","31.092","°C","1022.000","hPa","36.0","pmil","0","55.680","deg","20.000","°C","100.000","%a.s.","22.210","deg","20.000","°C","971.000","hPa","0.826","-0.01532","0.000401","-0.00012","0","11.08","Humid","26.60","0","20.10","231131.54","SABD0002000011","AAV2.0.0.13","2.1.0.383","PSt7-10","171027-000","6/27/2018 9:55:33 AM","0000-00","0","no battery","V"
"08/23/2019","12:41:41","1","default","104940808","OXY1","5.677","min","173.157","μmol/L","Humid","21.172","deg","92029","µV","31.092","°C","1022.000","hPa","36.0","pmil","0","55.680","deg","20.000","°C","100.000","%a.s.","22.210","deg","20.000","°C","971.000","hPa","0.826","-0.01532","0.000401","-0.00012","0","11.08","Humid","26.60","0","20.10","231144.66","SABD0002000011","AAV2.0.0.13","2.1.0.383","PSt7-10","171027-000","6/27/2018 9:55:33 AM","0000-00","0","no battery","V"
"08/23/2019","12:41:42","1","default","104940808","OXY1","5.694","min","173.200","μmol/L","Humid","21.167","deg","92029","µV","31.098","°C","1022.000","hPa","36.0","pmil","0","55.680","deg","20.000","°C","100.000","%a.s.","22.210","deg","20.000","°C","971.000","hPa","0.826","-0.01532","0.000401","-0.00012","0","11.08","Humid","26.60","0","20.10","231140.06","SABD0002000011","AAV2.0.0.13","2.1.0.383","PSt7-10","171027-000","6/27/2018 9:55:33 AM","0000-00","0","no battery","V"
"08/23/2019","12:41:43","1","default","104940808","OXY1","5.711","min","173.203","μmol/L","Humid","21.169","deg","92027","µV","31.092","°C","1022.000","hPa","36.0","pmil","0","55.680","deg","20.000","°C","100.000","%a.s.","22.210","deg","20.000","°C","971.000","hPa","0.826","-0.01532","0.000401","-0.00012","0","11.08","Humid","26.60","0","20.10","231133.93","SABD0002000011","AAV2.0.0.13","2.1.0.383","PSt7-10","171027-000","6/27/2018 9:55:33 AM","0000-00","0","no battery","V"
"08/23/2019","12:41:44","1","default","104940808","OXY1","5.727","min","173.268","μmol/L","Humid","21.167","deg","92022","µV","31.086","°C","1022.000","hPa","36.0","pmil","0","55.680","deg","20.000","°C","100.000","%a.s.","22.210","deg","20.000","°C","971.000","hPa","0.826","-0.01532","0.000401","-0.00012","0","11.08","Humid","26.60","0","20.10","231131.97","SABD0002000011","AAV2.0.0.13","2.1.0.383","PSt7-10","171027-000","6/27/2018 9:55:33 AM","0000-00","0","no battery","V"
"08/23/2019","12:41:45","1","default","104940808","OXY1","5.743","min","173.141","μmol/L","Humid","21.173","deg","92030","µV","31.092","°C","1022.000","hPa","36.0","pmil","0","55.680","deg","20.000","°C","100.000","%a.s.","22.210","deg","20.000","°C","971.000","hPa","0.826","-0.01532","0.000401","-0.00012","0","11.08","Humid","26.60","0","20.10","231141.66","SABD0002000011","AAV2.0.0.13","2.1.0.383","PSt7-10","171027-000","6/27/2018 9:55:33 AM","0000-00","0","no battery","V"
"08/23/2019","12:41:46","1","default","104940808","OXY1","5.760","min","173.157","μmol/L","Humid","21.172","deg","92020","µV","31.092","°C","1022.000","hPa","36.0","pmil","0","55.680","deg","20.000","°C","100.000","%a.s.","22.210","deg","20.000","°C","971.000","hPa","0.826","-0.01532","0.000401","-0.00012","0","11.08","Humid","26.60","0","20.10","231130.52","SABD0002000011","AAV2.0.0.13","2.1.0.383","PSt7-10","171027-000","6/27/2018 9:55:33 AM","0000-00","0","no battery","V"
"08/23/2019","12:41:47","1","default","104940808","OXY1","5.777","min","173.172","μmol/L","Humid","21.171","deg","92024","µV","31.092","°C","1022.000","hPa","36.0","pmil","0","55.680","deg","20.000","°C","100.000","%a.s.","22.210","deg","20.000","°C","971.000","hPa","0.826","-0.01532","0.000401","-0.00012","0","11.08","Humid","26.60","0","20.10","231130.02","SABD0002000011","AAV2.0.0.13","2.1.0.383","PSt7-10","171027-000","6/27/2018 9:55:33 AM","0000-00","0","no battery","V"
"08/23/2019","12:41:48","1","default","104940808","OXY1","5.793","min","173.123","μmol/L","Humid","21.172","deg","92025","µV","31.098","°C","1022.000","hPa","36.0","pmil","0","55.680","deg","20.000","°C","100.000","%a.s.","22.210","deg","20.000","°C","971.000","hPa","0.826","-0.01532","0.000401","-0.00012","0","11.08","Humid","26.60","0","20.10","231120.61","SABD0002000011","AAV2.0.0.13","2.1.0.383","PSt7-10","171027-000","6/27/2018 9:55:33 AM","0000-00","0","no battery","V"
"08/23/2019","12:41:49","1","default","104940808","OXY1","5.810","min","173.138","μmol/L","Humid","21.171","deg","92025","µV","31.098","°C","1022.000","hPa","36.0","pmil","0","55.680","deg","20.000","°C","100.000","%a.s.","22.210","deg","20.000","°C","971.000","hPa","0.826","-0.01532","0.000401","-0.00012","0","11.08","Humid","26.60","0","20.10","231114.44","SABD0002000011","AAV2.0.0.13","2.1.0.383","PSt7-10","171027-000","6/27/2018 9:55:33 AM","0000-00","0","no battery","V"
"08/23/2019","12:41:50","1","default","104940808","OXY1","5.827","min","173.145","μmol/L","Humid","21.175","deg","92027","µV","31.086","°C","1022.000","hPa","36.0","pmil","0","55.680","deg","20.000","°C","100.000","%a.s.","22.210","deg","20.000","°C","971.000","hPa","0.826","-0.01532","0.000401","-0.00012","0","11.08","Humid","26.60","0","20.10","231127.71","SABD0002000011","AAV2.0.0.13","2.1.0.383","PSt7-10","171027-000","6/27/2018 9:55:33 AM","0000-00","0","no battery","V"
"08/23/2019","12:41:51","1","default","104940808","OXY1","5.844","min","173.157","μmol/L","Humid","21.172","deg","92031","µV","31.092","°C","1022.000","hPa","36.0","pmil","0","55.680","deg","20.000","°C","100.000","%a.s.","22.210","deg","20.000","°C","971.000","hPa","0.826","-0.01532","0.000401","-0.00012","0","11.08","Humid","26.60","0","20.10","231105.25","SABD0002000011","AAV2.0.0.13","2.1.0.383","PSt7-10","171027-000","6/27/2018 9:55:33 AM","0000-00","0","no battery","V"
"08/23/2019","12:41:52","1","default","104940808","OXY1","5.861","min","173.157","μmol/L","Humid","21.172","deg","92026","µV","31.092","°C","1022.000","hPa","36.0","pmil","0","55.680","deg","20.000","°C","100.000","%a.s.","22.210","deg","20.000","°C","971.000","hPa","0.826","-0.01532","0.000401","-0.00012","0","11.08","Humid","26.60","0","20.10","231124.33","SABD0002000011","AAV2.0.0.13","2.1.0.383","PSt7-10","171027-000","6/27/2018 9:55:33 AM","0000-00","0","no battery","V"
"08/23/2019","12:41:53","1","default","104940808","OXY1","5.877","min","173.191","μmol/L","Humid","21.172","deg","92021","µV","31.086","°C","1022.000","hPa","36.0","pmil","0","55.680","deg","20.000","°C","100.000","%a.s.","22.210","deg","20.000","°C","971.000","hPa","0.826","-0.01532","0.000401","-0.00012","0","11.08","Humid","26.60","0","20.10","231118.60","SABD0002000011","AAV2.0.0.13","2.1.0.383","PSt7-10","171027-000","6/27/2018 9:55:33 AM","0000-00","0","no battery","V"
"08/23/2019","12:41:54","1","default","104940808","OXY1","5.894","min","173.123","μmol/L","Humid","21.172","deg","92020","µV","31.098","°C","1022.000","hPa","36.0","pmil","0","55.680","deg","20.000","°C","100.000","%a.s.","22.210","deg","20.000","°C","971.000","hPa","0.826","-0.01532","0.000401","-0.00012","0","11.08","Humid","26.60","0","20.10","231116.59","SABD0002000011","AAV2.0.0.13","2.1.0.383","PSt7-10","171027-000","6/27/2018 9:55:33 AM","0000-00","0","no battery","V"
"08/23/2019","12:41:55","1","default","104940808","OXY1","5.910","min","173.126","μmol/L","Humid","21.174","deg","92015","µV","31.092","°C","1022.000","hPa","36.0","pmil","0","55.680","deg","20.000","°C","100.000","%a.s.","22.210","deg","20.000","°C","971.000","hPa","0.826","-0.01532","0.000401","-0.00012","0","11.08","Humid","26.60","0","20.10","231114.72","SABD0002000011","AAV2.0.0.13","2.1.0.383","PSt7-10","171027-000","6/27/2018 9:55:33 AM","0000-00","0","no battery","V"
"08/23/2019","12:41:56","1","default","104940808","OXY1","5.927","min","173.157","μmol/L","Humid","21.172","deg","92022","µV","31.092","°C","1022.000","hPa","36.0","pmil","0","55.680","deg","20.000","°C","100.000","%a.s.","22.210","deg","20.000","°C","971.000","hPa","0.826","-0.01532","0.000401","-0.00012","0","11.08","Humid","26.60","0","20.10","231103.09","SABD0002000011","AAV2.0.0.13","2.1.0.383","PSt7-10","171027-000","6/27/2018 9:55:33 AM","0000-00","0","no battery","V"
"08/23/2019","12:41:57","1","default","104940808","OXY1","5.943","min","173.237","μmol/L","Humid","21.169","deg","92009","µV","31.086","°C","1022.000","hPa","36.0","pmil","0","55.680","deg","20.000","°C","100.000","%a.s.","22.210","deg","20.000","°C","971.000","hPa","0.826","-0.01532","0.000401","-0.00012","0","11.08","Humid","26.60","0","20.10","231110.60","SABD0002000011","AAV2.0.0.13","2.1.0.383","PSt7-10","171027-000","6/27/2018 9:55:33 AM","0000-00","0","no battery","V"
"08/23/2019","12:41:58","1","default","104940808","OXY1","5.960","min","173.126","μmol/L","Humid","21.174","deg","92020","µV","31.092","°C","1022.000","hPa","36.0","pmil","0","55.680","deg","20.000","°C","100.000","%a.s.","22.210","deg","20.000","°C","971.000","hPa","0.826","-0.01532","0.000401","-0.00012","0","11.08","Humid","26.60","0","20.10","231113.11","SABD0002000011","AAV2.0.0.13","2.1.0.383","PSt7-10","171027-000","6/27/2018 9:55:33 AM","0000-00","0","no battery","V"
"08/23/2019","12:41:59","1","default","104940808","OXY1","5.977","min","173.141","μmol/L","Humid","21.173","deg","92012","µV","31.092","°C","1022.000","hPa","36.0","pmil","0","55.680","deg","20.000","°C","100.000","%a.s.","22.210","deg","20.000","°C","971.000","hPa","0.826","-0.01532","0.000401","-0.00012","0","11.08","Humid","26.60","0","20.10","231095.57","SABD0002000011","AAV2.0.0.13","2.1.0.383","PSt7-10","171027-000","6/27/2018 9:55:33 AM","0000-00","0","no battery","V"
"08/23/2019","12:42:00","1","default","104940808","OXY1","5.994","min","173.172","μmol/L","Humid","21.171","deg","92011","µV","31.092","°C","1022.000","hPa","36.0","pmil","0","55.680","deg","20.000","°C","100.000","%a.s.","22.210","deg","20.000","°C","971.000","hPa","0.826","-0.01532","0.000401","-0.00012","0","11.08","Humid","26.60","0","20.10","231118.25","SABD0002000011","AAV2.0.0.13","2.1.0.383","PSt7-10","171027-000","6/27/2018 9:55:33 AM","0000-00","0","no battery","V"
"08/23/2019","12:42:01","1","default","104940808","OXY1","6.010","min","173.215","μmol/L","Humid","21.166","deg","92006","µV","31.098","°C","1022.000","hPa","36.0","pmil","0","55.680","deg","20.000","°C","100.000","%a.s.","22.210","deg","20.000","°C","971.000","hPa","0.826","-0.01532","0.000401","-0.00012","0","11.08","Humid","26.60","0","20.10","231103.64","SABD0002000011","AAV2.0.0.13","2.1.0.383","PSt7-10","171027-000","6/27/2018 9:55:33 AM","0000-00","0","no battery","V"
"08/23/2019","12:42:02","1","default","104940808","OXY1","6.027","min","173.154","μmol/L","Humid","21.170","deg","92012","µV","31.098","°C","1022.000","hPa","36.0","pmil","0","55.680","deg","20.000","°C","100.000","%a.s.","22.210","deg","20.000","°C","971.000","hPa","0.826","-0.01532","0.000401","-0.00012","0","11.08","Humid","26.60","0","20.10","231111.90","SABD0002000011","AAV2.0.0.13","2.1.0.383","PSt7-10","171027-000","6/27/2018 9:55:33 AM","0000-00","0","no battery","V"
"08/23/2019","12:42:03","1","default","104940808","OXY1","6.044","min","173.126","μmol/L","Humid","21.174","deg","92007","µV","31.092","°C","1022.000","hPa","36.0","pmil","0","55.680","deg","20.000","°C","100.000","%a.s.","22.210","deg","20.000","°C","971.000","hPa","0.826","-0.01532","0.000401","-0.00012","0","11.08","Humid","26.60","0","20.10","231100.95","SABD0002000011","AAV2.0.0.13","2.1.0.383","PSt7-10","171027-000","6/27/2018 9:55:33 AM","0000-00","0","no battery","V"
"08/23/2019","12:42:04","1","default","104940808","OXY1","6.061","min","173.154","μmol/L","Humid","21.170","deg","92013","µV","31.098","°C","1022.000","hPa","36.0","pmil","0","55.680","deg","20.000","°C","100.000","%a.s.","22.210","deg","20.000","°C","971.000","hPa","0.826","-0.01532","0.000401","-0.00012","0","11.08","Humid","26.60","0","20.10","231105.92","SABD0002000011","AAV2.0.0.13","2.1.0.383","PSt7-10","171027-000","6/27/2018 9:55:33 AM","0000-00","0","no battery","V"
"08/23/2019","12:42:05","1","default","104940808","OXY1","6.077","min","173.126","μmol/L","Humid","21.174","deg","92017","µV","31.092","°C","1022.000","hPa","36.0","pmil","0","55.680","deg","20.000","°C","100.000","%a.s.","22.210","deg","20.000","°C","971.000","hPa","0.826","-0.01532","0.000401","-0.00012","0","11.08","Humid","26.60","0","20.10","231096.34","SABD0002000011","AAV2.0.0.13","2.1.0.383","PSt7-10","171027-000","6/27/2018 9:55:33 AM","0000-00","0","no battery","V"
"08/23/2019","12:42:06","1","default","104940808","OXY1","6.093","min","173.191","μmol/L","Humid","21.172","deg","92008","µV","31.086","°C","1022.000","hPa","36.0","pmil","0","55.680","deg","20.000","°C","100.000","%a.s.","22.210","deg","20.000","°C","971.000","hPa","0.826","-0.01532","0.000401","-0.00012","0","11.08","Humid","26.60","0","20.10","231087.58","SABD0002000011","AAV2.0.0.13","2.1.0.383","PSt7-10","171027-000","6/27/2018 9:55:33 AM","0000-00","0","no battery","V"
"08/23/2019","12:42:07","1","default","104940808","OXY1","6.110","min","173.160","μmol/L","Humid","21.174","deg","92022","µV","31.086","°C","1022.000","hPa","36.0","pmil","0","55.680","deg","20.000","°C","100.000","%a.s.","22.210","deg","20.000","°C","971.000","hPa","0.826","-0.01532","0.000401","-0.00012","0","11.08","Humid","26.60","0","20.10","231086.56","SABD0002000011","AAV2.0.0.13","2.1.0.383","PSt7-10","171027-000","6/27/2018 9:55:33 AM","0000-00","0","no battery","V"
"08/23/2019","12:42:08","1","default","104940808","OXY1","6.127","min","173.095","μmol/L","Humid","21.176","deg","92016","µV","31.092","°C","1022.000","hPa","36.0","pmil","0","55.680","deg","20.000","°C","100.000","%a.s.","22.210","deg","20.000","°C","971.000","hPa","0.826","-0.01532","0.000401","-0.00012","0","11.08","Humid","26.60","0","20.10","231102.52","SABD0002000011","AAV2.0.0.13","2.1.0.383","PSt7-10","171027-000","6/27/2018 9:55:33 AM","0000-00","0","no battery","V"
"08/23/2019","12:42:09","1","default","104940808","OXY1","6.144","min","173.222","μmol/L","Humid","21.170","deg","92022","µV","31.086","°C","1022.000","hPa","36.0","pmil","0","55.680","deg","20.000","°C","100.000","%a.s.","22.210","deg","20.000","°C","971.000","hPa","0.826","-0.01532","0.000401","-0.00012","0","11.08","Humid","26.60","0","20.10","231096.43","SABD0002000011","AAV2.0.0.13","2.1.0.383","PSt7-10","171027-000","6/27/2018 9:55:33 AM","0000-00","0","no battery","V"
"08/23/2019","12:42:10","1","default","104940808","OXY1","6.160","min","173.034","μmol/L","Humid","21.180","deg","92019","µV","31.092","°C","1022.000","hPa","36.0","pmil","0","55.680","deg","20.000","°C","100.000","%a.s.","22.210","deg","20.000","°C","971.000","hPa","0.826","-0.01532","0.000401","-0.00012","0","11.08","Humid","26.60","0","20.10","231104.25","SABD0002000011","AAV2.0.0.13","2.1.0.383","PSt7-10","171027-000","6/27/2018 9:55:33 AM","0000-00","0","no battery","V"
"08/23/2019","12:42:11","1","default","104940808","OXY1","6.177","min","173.160","μmol/L","Humid","21.174","deg","92019","µV","31.086","°C","1022.000","hPa","36.0","pmil","0","55.680","deg","20.000","°C","100.000","%a.s.","22.210","deg","20.000","°C","971.000","hPa","0.826","-0.01532","0.000401","-0.00012","0","11.08","Humid","26.60","0","20.10","231094.76","SABD0002000011","AAV2.0.0.13","2.1.0.383","PSt7-10","171027-000","6/27/2018 9:55:33 AM","0000-00","0","no battery","V"
"08/23/2019","12:42:12","1","default","104940808","OXY1","6.194","min","173.099","μmol/L","Humid","21.178","deg","92014","µV","31.086","°C","1022.000","hPa","36.0","pmil","0","55.680","deg","20.000","°C","100.000","%a.s.","22.210","deg","20.000","°C","971.000","hPa","0.826","-0.01532","0.000401","-0.00012","0","11.08","Humid","26.60","0","20.10","231094.45","SABD0002000011","AAV2.0.0.13","2.1.0.383","PSt7-10","171027-000","6/27/2018 9:55:33 AM","0000-00","0","no battery","V"
"08/23/2019","12:42:13","1","default","104940808","OXY1","6.211","min","173.089","μmol/L","Humid","21.172","deg","92009","µV","31.104","°C","1022.000","hPa","36.0","pmil","0","55.680","deg","20.000","°C","100.000","%a.s.","22.210","deg","20.000","°C","971.000","hPa","0.826","-0.01532","0.000401","-0.00012","0","11.08","Humid","26.60","0","20.10","231091.83","SABD0002000011","AAV2.0.0.13","2.1.0.383","PSt7-10","171027-000","6/27/2018 9:55:33 AM","0000-00","0","no battery","V"
"08/23/2019","12:42:14","1","default","104940808","OXY1","6.227","min","173.074","μmol/L","Humid","21.173","deg","92007","µV","31.104","°C","1022.000","hPa","36.0","pmil","0","55.680","deg","20.000","°C","100.000","%a.s.","22.210","deg","20.000","°C","971.000","hPa","0.826","-0.01532","0.000401","-0.00012","0","11.08","Humid","26.60","0","20.10","231085.87","SABD0002000011","AAV2.0.0.13","2.1.0.383","PSt7-10","171027-000","6/27/2018 9:55:33 AM","0000-00","0","no battery","V"
"08/23/2019","12:42:15","1","default","104940808","OXY1","6.243","min","173.123","μmol/L","Humid","21.172","deg","92008","µV","31.098","°C","1022.000","hPa","36.0","pmil","0","55.680","deg","20.000","°C","100.000","%a.s.","22.210","deg","20.000","°C","971.000","hPa","0.826","-0.01532","0.000401","-0.00012","0","11.08","Humid","26.60","0","20.10","231088.72","SABD0002000011","AAV2.0.0.13","2.1.0.383","PSt7-10","171027-000","6/27/2018 9:55:33 AM","0000-00","0","no battery","V"
"08/23/2019","12:42:16","1","default","104940808","OXY1","6.260","min","173.043","μmol/L","Humid","21.175","deg","92006","µV","31.104","°C","1022.000","hPa","36.0","pmil","0","55.680","deg","20.000","°C","100.000","%a.s.","22.210","deg","20.000","°C","971.000","hPa","0.826","-0.01532","0.000401","-0.00012","0","11.08","Humid","26.60","0","20.10","231082.91","SABD0002000011","AAV2.0.0.13","2.1.0.383","PSt7-10","171027-000","6/27/2018 9:55:33 AM","0000-00","0","no battery","V"
"08/23/2019","12:42:17","1","default","104940808","OXY1","6.277","min","173.108","μmol/L","Humid","21.173","deg","92006","µV","31.098","°C","1022.000","hPa","36.0","pmil","0","55.680","deg","20.000","°C","100.000","%a.s.","22.210","deg","20.000","°C","971.000","hPa","0.826","-0.01532","0.000401","-0.00012","0","11.08","Humid","26.60","0","20.10","231076.93","SABD0002000011","AAV2.0.0.13","2.1.0.383","PSt7-10","171027-000","6/27/2018 9:55:33 AM","0000-00","0","no battery","V"
"08/23/2019","12:42:18","1","default","104940808","OXY1","6.294","min","173.123","μmol/L","Humid","21.172","deg","92007","µV","31.098","°C","1022.000","hPa","36.0","pmil","0","55.680","deg","20.000","°C","100.000","%a.s.","22.210","deg","20.000","°C","971.000","hPa","0.826","-0.01532","0.000401","-0.00012","0","11.08","Humid","26.60","0","20.10","231091.50","SABD0002000011","AAV2.0.0.13","2.1.0.383","PSt7-10","171027-000","6/27/2018 9:55:33 AM","0000-00","0","no battery","V"
"08/23/2019","12:42:19","1","default","104940808","OXY1","6.310","min","173.111","μmol/L","Humid","21.175","deg","92003","µV","31.092","°C","1022.000","hPa","36.0","pmil","0","55.680","deg","20.000","°C","100.000","%a.s.","22.210","deg","20.000","°C","971.000","hPa","0.826","-0.01532","0.000401","-0.00012","0","11.08","Humid","26.60","0","20.10","231083.00","SABD0002000011","AAV2.0.0.13","2.1.0.383","PSt7-10","171027-000","6/27/2018 9:55:33 AM","0000-00","0","no battery","V"
"08/23/2019","12:42:20","1","default","104940808","OXY1","6.327","min","173.081","μmol/L","Humid","21.172","deg","92000","µV","31.104","°C","1021.000","hPa","36.0","pmil","0","55.680","deg","20.000","°C","100.000","%a.s.","22.210","deg","20.000","°C","971.000","hPa","0.826","-0.01532","0.000401","-0.00012","0","11.08","Humid","26.60","0","20.10","231074.42","SABD0002000011","AAV2.0.0.13","2.1.0.383","PSt7-10","171027-000","6/27/2018 9:55:33 AM","0000-00","0","no battery","V"
"08/23/2019","12:42:21","1","default","104940808","OXY1","6.344","min","173.108","μmol/L","Humid","21.173","deg","92007","µV","31.098","°C","1022.000","hPa","36.0","pmil","0","55.680","deg","20.000","°C","100.000","%a.s.","22.210","deg","20.000","°C","971.000","hPa","0.826","-0.01532","0.000401","-0.00012","0","11.08","Humid","26.60","0","20.10","231085.38","SABD0002000011","AAV2.0.0.13","2.1.0.383","PSt7-10","171027-000","6/27/2018 9:55:33 AM","0000-00","0","no battery","V"
"08/23/2019","12:42:22","1","default","104940808","OXY1","6.360","min","173.222","μmol/L","Humid","21.170","deg","91997","µV","31.086","°C","1022.000","hPa","36.0","pmil","0","55.680","deg","20.000","°C","100.000","%a.s.","22.210","deg","20.000","°C","971.000","hPa","0.826","-0.01532","0.000401","-0.00012","0","11.08","Humid","26.60","0","20.10","231076.39","SABD0002000011","AAV2.0.0.13","2.1.0.383","PSt7-10","171027-000","6/27/2018 9:55:33 AM","0000-00","0","no battery","V"
"08/23/2019","12:42:23","1","default","104940808","OXY1","6.377","min","173.077","μmol/L","Humid","21.175","deg","92005","µV","31.098","°C","1022.000","hPa","36.0","pmil","0","55.680","deg","20.000","°C","100.000","%a.s.","22.210","deg","20.000","°C","971.000","hPa","0.826","-0.01532","0.000401","-0.00012","0","11.08","Humid","26.60","0","20.10","231076.97","SABD0002000011","AAV2.0.0.13","2.1.0.383","PSt7-10","171027-000","6/27/2018 9:55:33 AM","0000-00","0","no battery","V"
"08/23/2019","12:42:24","1","default","104940808","OXY1","6.393","min","173.008","μmol/L","Humid","21.179","deg","92005","µV","31.098","°C","1021.000","hPa","36.0","pmil","0","55.680","deg","20.000","°C","100.000","%a.s.","22.210","deg","20.000","°C","971.000","hPa","0.826","-0.01532","0.000401","-0.00012","0","11.08","Humid","26.60","0","20.10","231053.78","SABD0002000011","AAV2.0.0.13","2.1.0.383","PSt7-10","171027-000","6/27/2018 9:55:33 AM","0000-00","0","no battery","V"
"08/23/2019","12:42:25","1","default","104940808","OXY1","6.410","min","173.111","μmol/L","Humid","21.175","deg","92008","µV","31.092","°C","1022.000","hPa","36.0","pmil","0","55.680","deg","20.000","°C","100.000","%a.s.","22.210","deg","20.000","°C","971.000","hPa","0.826","-0.01532","0.000401","-0.00012","0","11.08","Humid","26.60","0","20.10","231077.14","SABD0002000011","AAV2.0.0.13","2.1.0.383","PSt7-10","171027-000","6/27/2018 9:55:33 AM","0000-00","0","no battery","V"
"08/23/2019","12:42:26","1","default","104940808","OXY1","6.427","min","173.141","μmol/L","Humid","21.173","deg","92011","µV","31.092","°C","1022.000","hPa","36.0","pmil","0","55.680","deg","20.000","°C","100.000","%a.s.","22.210","deg","20.000","°C","971.000","hPa","0.826","-0.01532","0.000401","-0.00012","0","11.08","Humid","26.60","0","20.10","231073.61","SABD0002000011","AAV2.0.0.13","2.1.0.383","PSt7-10","171027-000","6/27/2018 9:55:33 AM","0000-00","0","no battery","V"
"08/23/2019","12:42:27","1","default","104940808","OXY1","6.444","min","173.061","μmol/L","Humid","21.176","deg","92004","µV","31.098","°C","1022.000","hPa","36.0","pmil","0","55.680","deg","20.000","°C","100.000","%a.s.","22.210","deg","20.000","°C","971.000","hPa","0.826","-0.01532","0.000401","-0.00012","0","11.08","Humid","26.60","0","20.10","231064.47","SABD0002000011","AAV2.0.0.13","2.1.0.383","PSt7-10","171027-000","6/27/2018 9:55:33 AM","0000-00","0","no battery","V"
"08/23/2019","12:42:28","1","default","104940808","OXY1","6.460","min","173.095","μmol/L","Humid","21.176","deg","92009","µV","31.092","°C","1022.000","hPa","36.0","pmil","0","55.680","deg","20.000","°C","100.000","%a.s.","22.210","deg","20.000","°C","971.000","hPa","0.826","-0.01532","0.000401","-0.00012","0","11.08","Humid","26.60","0","20.10","231055.34","SABD0002000011","AAV2.0.0.13","2.1.0.383","PSt7-10","171027-000","6/27/2018 9:55:33 AM","0000-00","0","no battery","V"
"08/23/2019","12:42:29","1","default","104940808","OXY1","6.477","min","173.126","μmol/L","Humid","21.174","deg","92011","µV","31.092","°C","1022.000","hPa","36.0","pmil","0","55.680","deg","20.000","°C","100.000","%a.s.","22.210","deg","20.000","°C","971.000","hPa","0.826","-0.01532","0.000401","-0.00012","0","11.08","Humid","26.60","0","20.10","231068.69","SABD0002000011","AAV2.0.0.13","2.1.0.383","PSt7-10","171027-000","6/27/2018 9:55:33 AM","0000-00","0","no battery","V"
"08/23/2019","12:42:30","1","default","104940808","OXY1","6.494","min","173.092","μmol/L","Humid","21.174","deg","92008","µV","31.098","°C","1022.000","hPa","36.0","pmil","0","55.680","deg","20.000","°C","100.000","%a.s.","22.210","deg","20.000","°C","971.000","hPa","0.826","-0.01532","0.000401","-0.00012","0","11.08","Humid","26.60","0","20.10","231064.10","SABD0002000011","AAV2.0.0.13","2.1.0.383","PSt7-10","171027-000","6/27/2018 9:55:33 AM","0000-00","0","no battery","V"
"08/23/2019","12:42:31","1","default","104940808","OXY1","6.510","min","173.031","μmol/L","Humid","21.178","deg","92005","µV","31.098","°C","1022.000","hPa","36.0","pmil","0","55.680","deg","20.000","°C","100.000","%a.s.","22.210","deg","20.000","°C","971.000","hPa","0.826","-0.01532","0.000401","-0.00012","0","11.08","Humid","26.60","0","20.10","231073.21","SABD0002000011","AAV2.0.0.13","2.1.0.383","PSt7-10","171027-000","6/27/2018 9:55:33 AM","0000-00","0","no battery","V"
"08/23/2019","12:42:32","1","default","104940808","OXY1","6.527","min","173.111","μmol/L","Humid","21.175","deg","91999","µV","31.092","°C","1022.000","hPa","36.0","pmil","0","55.680","deg","20.000","°C","100.000","%a.s.","22.210","deg","20.000","°C","971.000","hPa","0.826","-0.01532","0.000401","-0.00012","0","11.08","Humid","26.60","0","20.10","231073.11","SABD0002000011","AAV2.0.0.13","2.1.0.383","PSt7-10","171027-000","6/27/2018 9:55:33 AM","0000-00","0","no battery","V"
"08/23/2019","12:42:33","1","default","104940808","OXY1","6.543","min","173.160","μmol/L","Humid","21.174","deg","92005","µV","31.086","°C","1022.000","hPa","36.0","pmil","0","55.680","deg","20.000","°C","100.000","%a.s.","22.210","deg","20.000","°C","971.000","hPa","0.826","-0.01532","0.000401","-0.00012","0","11.08","Humid","26.60","0","20.10","231063.81","SABD0002000011","AAV2.0.0.13","2.1.0.383","PSt7-10","171027-000","6/27/2018 9:55:33 AM","0000-00","0","no battery","V"
"08/23/2019","12:42:34","1","default","104940808","OXY1","6.560","min","173.034","μmol/L","Humid","21.180","deg","92002","µV","31.092","°C","1022.000","hPa","36.0","pmil","0","55.680","deg","20.000","°C","100.000","%a.s.","22.210","deg","20.000","°C","971.000","hPa","0.826","-0.01532","0.000401","-0.00012","0","11.08","Humid","26.60","0","20.10","231071.79","SABD0002000011","AAV2.0.0.13","2.1.0.383","PSt7-10","171027-000","6/27/2018 9:55:33 AM","0000-00","0","no battery","V"
"08/23/2019","12:42:35","1","default","104940808","OXY1","6.577","min","173.080","μmol/L","Humid","21.177","deg","91995","µV","31.092","°C","1022.000","hPa","36.0","pmil","0","55.680","deg","20.000","°C","100.000","%a.s.","22.210","deg","20.000","°C","971.000","hPa","0.826","-0.01532","0.000401","-0.00012","0","11.08","Humid","26.60","0","20.10","231056.43","SABD0002000011","AAV2.0.0.13","2.1.0.383","PSt7-10","171027-000","6/27/2018 9:55:33 AM","0000-00","0","no battery","V"
"08/23/2019","12:42:36","1","default","104940808","OXY1","6.594","min","173.095","μmol/L","Humid","21.176","deg","91992","µV","31.092","°C","1022.000","hPa","36.0","pmil","0","55.680","deg","20.000","°C","100.000","%a.s.","22.210","deg","20.000","°C","971.000","hPa","0.826","-0.01532","0.000401","-0.00012","0","11.08","Humid","26.60","0","20.10","231057.51","SABD0002000011","AAV2.0.0.13","2.1.0.383","PSt7-10","171027-000","6/27/2018 9:55:33 AM","0000-00","0","no battery","V"
"08/23/2019","12:42:37","1","default","104940808","OXY1","6.610","min","173.129","μmol/L","Humid","21.176","deg","91991","µV","31.086","°C","1022.000","hPa","36.0","pmil","0","55.680","deg","20.000","°C","100.000","%a.s.","22.210","deg","20.000","°C","971.000","hPa","0.826","-0.01532","0.000401","-0.00012","0","11.08","Humid","26.60","0","20.10","231065.00","SABD0002000011","AAV2.0.0.13","2.1.0.383","PSt7-10","171027-000","6/27/2018 9:55:33 AM","0000-00","0","no battery","V"
"08/23/2019","12:42:38","1","default","104940808","OXY1","6.627","min","173.080","μmol/L","Humid","21.177","deg","91991","µV","31.092","°C","1022.000","hPa","36.0","pmil","0","55.680","deg","20.000","°C","100.000","%a.s.","22.210","deg","20.000","°C","971.000","hPa","0.826","-0.01532","0.000401","-0.00012","0","11.08","Humid","26.60","0","20.10","231061.09","SABD0002000011","AAV2.0.0.13","2.1.0.383","PSt7-10","171027-000","6/27/2018 9:55:33 AM","0000-00","0","no battery","V"
"08/23/2019","12:42:39","1","default","104940808","OXY1","6.644","min","173.000","μmol/L","Humid","21.180","deg","91994","µV","31.098","°C","1022.000","hPa","36.0","pmil","0","55.680","deg","20.000","°C","100.000","%a.s.","22.210","deg","20.000","°C","971.000","hPa","0.826","-0.01532","0.000401","-0.00012","0","11.08","Humid","26.60","0","20.10","231065.81","SABD0002000011","AAV2.0.0.13","2.1.0.383","PSt7-10","171027-000","6/27/2018 9:55:33 AM","0000-00","0","no battery","V"
"08/23/2019","12:42:40","1","default","104940808","OXY1","6.661","min","173.077","μmol/L","Humid","21.175","deg","91994","µV","31.098","°C","1022.000","hPa","36.0","pmil","0","55.680","deg","20.000","°C","100.000","%a.s.","22.210","deg","20.000","°C","971.000","hPa","0.826","-0.01532","0.000401","-0.00012","0","11.08","Humid","26.60","0","20.10","231059.87","SABD0002000011","AAV2.0.0.13","2.1.0.383","PSt7-10","171027-000","6/27/2018 9:55:33 AM","0000-00","0","no battery","V"
"08/23/2019","12:42:41","1","default","104940808","OXY1","6.677","min","172.951","μmol/L","Humid","21.181","deg","91992","µV","31.104","°C","1022.000","hPa","36.0","pmil","0","55.680","deg","20.000","°C","100.000","%a.s.","22.210","deg","20.000","°C","971.000","hPa","0.826","-0.01532","0.000401","-0.00012","0","11.08","Humid","26.60","0","20.10","231070.35","SABD0002000011","AAV2.0.0.13","2.1.0.383","PSt7-10","171027-000","6/27/2018 9:55:33 AM","0000-00","0","no battery","V"
"08/23/2019","12:42:42","1","default","104940808","OXY1","6.693","min","172.951","μmol/L","Humid","21.181","deg","91999","µV","31.104","°C","1022.000","hPa","36.0","pmil","0","55.680","deg","20.000","°C","100.000","%a.s.","22.210","deg","20.000","°C","971.000","hPa","0.826","-0.01532","0.000401","-0.00012","0","11.08","Humid","26.60","0","20.10","231059.33","SABD0002000011","AAV2.0.0.13","2.1.0.383","PSt7-10","171027-000","6/27/2018 9:55:33 AM","0000-00","0","no battery","V"
"08/23/2019","12:42:43","1","default","104940808","OXY1","6.710","min","173.031","μmol/L","Humid","21.178","deg","91994","µV","31.098","°C","1022.000","hPa","36.0","pmil","0","55.680","deg","20.000","°C","100.000","%a.s.","22.210","deg","20.000","°C","971.000","hPa","0.826","-0.01532","0.000401","-0.00012","0","11.08","Humid","26.60","0","20.10","231056.92","SABD0002000011","AAV2.0.0.13","2.1.0.383","PSt7-10","171027-000","6/27/2018 9:55:33 AM","0000-00","0","no battery","V"
"08/23/2019","12:42:44","1","default","104940808","OXY1","6.727","min","173.000","μmol/L","Humid","21.180","deg","91999","µV","31.098","°C","1022.000","hPa","36.0","pmil","0","55.680","deg","20.000","°C","100.000","%a.s.","22.210","deg","20.000","°C","971.000","hPa","0.826","-0.01532","0.000401","-0.00012","0","11.08","Humid","26.60","0","20.10","231062.56","SABD0002000011","AAV2.0.0.13","2.1.0.383","PSt7-10","171027-000","6/27/2018 9:55:33 AM","0000-00","0","no battery","V"
"08/23/2019","12:42:45","1","default","104940808","OXY1","6.744","min","173.031","μmol/L","Humid","21.178","deg","91996","µV","31.098","°C","1022.000","hPa","36.0","pmil","0","55.680","deg","20.000","°C","100.000","%a.s.","22.210","deg","20.000","°C","971.000","hPa","0.826","-0.01532","0.000401","-0.00012","0","11.08","Humid","26.60","0","20.10","231065.00","SABD0002000011","AAV2.0.0.13","2.1.0.383","PSt7-10","171027-000","6/27/2018 9:55:33 AM","0000-00","0","no battery","V"
"08/23/2019","12:42:46","1","default","104940808","OXY1","6.760","min","173.031","μmol/L","Humid","21.178","deg","91988","µV","31.098","°C","1022.000","hPa","36.0","pmil","0","55.680","deg","20.000","°C","100.000","%a.s.","22.210","deg","20.000","°C","971.000","hPa","0.826","-0.01532","0.000401","-0.00012","0","11.08","Humid","26.60","0","20.10","231057.10","SABD0002000011","AAV2.0.0.13","2.1.0.383","PSt7-10","171027-000","6/27/2018 9:55:33 AM","0000-00","0","no battery","V"
"08/23/2019","12:42:47","1","default","104940808","OXY1","6.777","min","173.028","μmol/L","Humid","21.176","deg","91990","µV","31.104","°C","1022.000","hPa","36.0","pmil","0","55.680","deg","20.000","°C","100.000","%a.s.","22.210","deg","20.000","°C","971.000","hPa","0.826","-0.01532","0.000401","-0.00012","0","11.08","Humid","26.60","0","20.10","231057.66","SABD0002000011","AAV2.0.0.13","2.1.0.383","PSt7-10","171027-000","6/27/2018 9:55:33 AM","0000-00","0","no battery","V"
"08/23/2019","12:42:48","1","default","104940808","OXY1","6.794","min","172.981","μmol/L","Humid","21.179","deg","91993","µV","31.104","°C","1022.000","hPa","36.0","pmil","0","55.680","deg","20.000","°C","100.000","%a.s.","22.210","deg","20.000","°C","971.000","hPa","0.826","-0.01532","0.000401","-0.00012","0","11.08","Humid","26.60","0","20.10","231053.90","SABD0002000011","AAV2.0.0.13","2.1.0.383","PSt7-10","171027-000","6/27/2018 9:55:33 AM","0000-00","0","no battery","V"
"08/23/2019","12:42:49","1","default","104940808","OXY1","6.811","min","173.028","μmol/L","Humid","21.176","deg","91986","µV","31.104","°C","1022.000","hPa","36.0","pmil","0","55.680","deg","20.000","°C","100.000","%a.s.","22.210","deg","20.000","°C","971.000","hPa","0.826","-0.01532","0.000401","-0.00012","0","11.08","Humid","26.60","0","20.10","231055.98","SABD0002000011","AAV2.0.0.13","2.1.0.383","PSt7-10","171027-000","6/27/2018 9:55:33 AM","0000-00","0","no battery","V"
"08/23/2019","12:42:50","1","default","104940808","OXY1","6.827","min","173.080","μmol/L","Humid","21.177","deg","91976","µV","31.092","°C","1022.000","hPa","36.0","pmil","0","55.680","deg","20.000","°C","100.000","%a.s.","22.210","deg","20.000","°C","971.000","hPa","0.826","-0.01532","0.000401","-0.00012","0","11.08","Humid","26.60","0","20.10","231045.74","SABD0002000011","AAV2.0.0.13","2.1.0.383","PSt7-10","171027-000","6/27/2018 9:55:33 AM","0000-00","0","no battery","V"
"08/23/2019","12:42:51","1","default","104940808","OXY1","6.843","min","173.077","μmol/L","Humid","21.175","deg","91981","µV","31.098","°C","1022.000","hPa","36.0","pmil","0","55.680","deg","20.000","°C","100.000","%a.s.","22.210","deg","20.000","°C","971.000","hPa","0.826","-0.01532","0.000401","-0.00012","0","11.08","Humid","26.60","0","20.10","231048.23","SABD0002000011","AAV2.0.0.13","2.1.0.383","PSt7-10","171027-000","6/27/2018 9:55:33 AM","0000-00","0","no battery","V"
"08/23/2019","12:42:52","1","default","104940808","OXY1","6.860","min","173.077","μmol/L","Humid","21.175","deg","91981","µV","31.098","°C","1022.000","hPa","36.0","pmil","0","55.680","deg","20.000","°C","100.000","%a.s.","22.210","deg","20.000","°C","971.000","hPa","0.826","-0.01532","0.000401","-0.00012","0","11.08","Humid","26.60","0","20.10","231039.41","SABD0002000011","AAV2.0.0.13","2.1.0.383","PSt7-10","171027-000","6/27/2018 9:55:33 AM","0000-00","0","no battery","V"
"08/23/2019","12:42:53","1","default","104940808","OXY1","6.877","min","173.015","μmol/L","Humid","21.179","deg","91978","µV","31.098","°C","1022.000","hPa","36.0","pmil","0","55.680","deg","20.000","°C","100.000","%a.s.","22.210","deg","20.000","°C","971.000","hPa","0.826","-0.01532","0.000401","-0.00012","0","11.08","Humid","26.60","0","20.10","231046.13","SABD0002000011","AAV2.0.0.13","2.1.0.383","PSt7-10","171027-000","6/27/2018 9:55:33 AM","0000-00","0","no battery","V"
"08/23/2019","12:42:54","1","default","104940808","OXY1","6.894","min","173.028","μmol/L","Humid","21.176","deg","91975","µV","31.104","°C","1022.000","hPa","36.0","pmil","0","55.680","deg","20.000","°C","100.000","%a.s.","22.210","deg","20.000","°C","971.000","hPa","0.826","-0.01532","0.000401","-0.00012","0","11.08","Humid","26.60","0","20.10","231045.43","SABD0002000011","AAV2.0.0.13","2.1.0.383","PSt7-10","171027-000","6/27/2018 9:55:33 AM","0000-00","0","no battery","V"
"08/23/2019","12:42:55","1","default","104940808","OXY1","6.911","min","173.028","μmol/L","Humid","21.176","deg","91972","µV","31.104","°C","1022.000","hPa","36.0","pmil","0","55.680","deg","20.000","°C","100.000","%a.s.","22.210","deg","20.000","°C","971.000","hPa","0.826","-0.01532","0.000401","-0.00012","0","11.08","Humid","26.60","0","20.10","231044.38","SABD0002000011","AAV2.0.0.13","2.1.0.383","PSt7-10","171027-000","6/27/2018 9:55:33 AM","0000-00","0","no battery","V"
"08/23/2019","12:42:56","1","default","104940808","OXY1","6.927","min","173.043","μmol/L","Humid","21.175","deg","91967","µV","31.104","°C","1022.000","hPa","36.0","pmil","0","55.680","deg","20.000","°C","100.000","%a.s.","22.210","deg","20.000","°C","971.000","hPa","0.826","-0.01532","0.000401","-0.00012","0","11.08","Humid","26.60","0","20.10","231035.09","SABD0002000011","AAV2.0.0.13","2.1.0.383","PSt7-10","171027-000","6/27/2018 9:55:33 AM","0000-00","0","no battery","V"
"08/23/2019","12:42:57","1","default","104940808","OXY1","6.944","min","173.028","μmol/L","Humid","21.176","deg","91969","µV","31.104","°C","1022.000","hPa","36.0","pmil","0","55.680","deg","20.000","°C","100.000","%a.s.","22.210","deg","20.000","°C","971.000","hPa","0.826","-0.01532","0.000401","-0.00012","0","11.08","Humid","26.60","0","20.10","231033.69","SABD0002000011","AAV2.0.0.13","2.1.0.383","PSt7-10","171027-000","6/27/2018 9:55:33 AM","0000-00","0","no battery","V"
"08/23/2019","12:42:58","1","default","104940808","OXY1","6.960","min","173.043","μmol/L","Humid","21.175","deg","91970","µV","31.104","°C","1022.000","hPa","36.0","pmil","0","55.680","deg","20.000","°C","100.000","%a.s.","22.210","deg","20.000","°C","971.000","hPa","0.826","-0.01532","0.000401","-0.00012","0","11.08","Humid","26.60","0","20.10","231033.47","SABD0002000011","AAV2.0.0.13","2.1.0.383","PSt7-10","171027-000","6/27/2018 9:55:33 AM","0000-00","0","no battery","V"
"08/23/2019","12:42:59","1","default","104940808","OXY1","6.977","min","173.028","μmol/L","Humid","21.176","deg","91965","µV","31.104","°C","1022.000","hPa","36.0","pmil","0","55.680","deg","20.000","°C","100.000","%a.s.","22.210","deg","20.000","°C","971.000","hPa","0.826","-0.01532","0.000401","-0.00012","0","11.08","Humid","26.60","0","20.10","231030.38","SABD0002000011","AAV2.0.0.13","2.1.0.383","PSt7-10","171027-000","6/27/2018 9:55:33 AM","0000-00","0","no battery","V"
"08/23/2019","12:43:00","1","default","104940808","OXY1","6.993","min","173.043","μmol/L","Humid","21.175","deg","91964","µV","31.104","°C","1022.000","hPa","36.0","pmil","0","55.680","deg","20.000","°C","100.000","%a.s.","22.210","deg","20.000","°C","971.000","hPa","0.826","-0.01532","0.000401","-0.00012","0","11.08","Humid","26.60","0","20.10","231030.32","SABD0002000011","AAV2.0.0.13","2.1.0.383","PSt7-10","171027-000","6/27/2018 9:55:33 AM","0000-00","0","no battery","V"
"08/23/2019","12:43:01","1","default","104940808","OXY1","7.010","min","173.074","μmol/L","Humid","21.173","deg","91964","µV","31.104","°C","1022.000","hPa","36.0","pmil","0","55.680","deg","20.000","°C","100.000","%a.s.","22.210","deg","20.000","°C","971.000","hPa","0.826","-0.01532","0.000401","-0.00012","0","11.08","Humid","26.60","0","20.10","231030.68","SABD0002000011","AAV2.0.0.13","2.1.0.383","PSt7-10","171027-000","6/27/2018 9:55:33 AM","0000-00","0","no battery","V"
"08/23/2019","12:43:02","1","default","104940808","OXY1","7.027","min","173.061","μmol/L","Humid","21.176","deg","91962","µV","31.098","°C","1022.000","hPa","36.0","pmil","0","55.680","deg","20.000","°C","100.000","%a.s.","22.210","deg","20.000","°C","971.000","hPa","0.826","-0.01532","0.000401","-0.00012","0","11.08","Humid","26.60","0","20.10","231026.84","SABD0002000011","AAV2.0.0.13","2.1.0.383","PSt7-10","171027-000","6/27/2018 9:55:33 AM","0000-00","0","no battery","V"
"08/23/2019","12:43:03","1","default","104940808","OXY1","7.044","min","173.061","μmol/L","Humid","21.176","deg","91965","µV","31.098","°C","1022.000","hPa","36.0","pmil","0","55.680","deg","20.000","°C","100.000","%a.s.","22.210","deg","20.000","°C","971.000","hPa","0.826","-0.01532","0.000401","-0.00012","0","11.08","Humid","26.60","0","20.10","231027.81","SABD0002000011","AAV2.0.0.13","2.1.0.383","PSt7-10","171027-000","6/27/2018 9:55:33 AM","0000-00","0","no battery","V"
"08/23/2019","12:43:04","1","default","104940808","OXY1","7.061","min","173.061","μmol/L","Humid","21.176","deg","91967","µV","31.098","°C","1022.000","hPa","36.0","pmil","0","55.680","deg","20.000","°C","100.000","%a.s.","22.210","deg","20.000","°C","971.000","hPa","0.826","-0.01532","0.000401","-0.00012","0","11.08","Humid","26.60","0","20.10","231029.33","SABD0002000011","AAV2.0.0.13","2.1.0.383","PSt7-10","171027-000","6/27/2018 9:55:33 AM","0000-00","0","no battery","V"
"08/23/2019","12:43:05","1","default","104940808","OXY1","7.077","min","172.978","μmol/L","Humid","21.177","deg","91957","µV","31.110","°C","1022.000","hPa","36.0","pmil","0","55.680","deg","20.000","°C","100.000","%a.s.","22.210","deg","20.000","°C","971.000","hPa","0.826","-0.01532","0.000401","-0.00012","0","11.08","Humid","26.60","0","20.10","231032.80","SABD0002000011","AAV2.0.0.13","2.1.0.383","PSt7-10","171027-000","6/27/2018 9:55:33 AM","0000-00","0","no battery","V"
"08/23/2019","12:43:06","1","default","104940808","OXY1","7.094","min","173.012","μmol/L","Humid","21.177","deg","91954","µV","31.104","°C","1022.000","hPa","36.0","pmil","0","55.680","deg","20.000","°C","100.000","%a.s.","22.210","deg","20.000","°C","971.000","hPa","0.826","-0.01532","0.000401","-0.00012","0","11.08","Humid","26.60","0","20.10","231018.87","SABD0002000011","AAV2.0.0.13","2.1.0.383","PSt7-10","171027-000","6/27/2018 9:55:33 AM","0000-00","0","no battery","V"
"08/23/2019","12:43:07","1","default","104940808","OXY1","7.110","min","172.966","μmol/L","Humid","21.180","deg","91952","µV","31.104","°C","1022.000","hPa","36.0","pmil","0","55.680","deg","20.000","°C","100.000","%a.s.","22.210","deg","20.000","°C","971.000","hPa","0.826","-0.01532","0.000401","-0.00012","0","11.08","Humid","26.60","0","20.10","231018.16","SABD0002000011","AAV2.0.0.13","2.1.0.383","PSt7-10","171027-000","6/27/2018 9:55:33 AM","0000-00","0","no battery","V"
"08/23/2019","12:43:08","1","default","104940808","OXY1","7.127","min","173.040","μmol/L","Humid","21.173","deg","91950","µV","31.110","°C","1022.000","hPa","36.0","pmil","0","55.680","deg","20.000","°C","100.000","%a.s.","22.210","deg","20.000","°C","971.000","hPa","0.826","-0.01532","0.000401","-0.00012","0","11.08","Humid","26.60","0","20.10","231023.10","SABD0002000011","AAV2.0.0.13","2.1.0.383","PSt7-10","171027-000","6/27/2018 9:55:33 AM","0000-00","0","no battery","V"
"08/23/2019","12:43:09","1","default","104940808","OXY1","7.143","min","173.104","μmol/L","Humid","21.171","deg","91948","µV","31.104","°C","1022.000","hPa","36.0","pmil","0","55.680","deg","20.000","°C","100.000","%a.s.","22.210","deg","20.000","°C","971.000","hPa","0.826","-0.01532","0.000401","-0.00012","0","11.08","Humid","26.60","0","20.10","231024.78","SABD0002000011","AAV2.0.0.13","2.1.0.383","PSt7-10","171027-000","6/27/2018 9:55:33 AM","0000-00","0","no battery","V"
"08/23/2019","12:43:10","1","default","104940808","OXY1","7.160","min","173.135","μmol/L","Humid","21.169","deg","91942","µV","31.104","°C","1022.000","hPa","36.0","pmil","0","55.680","deg","20.000","°C","100.000","%a.s.","22.210","deg","20.000","°C","971.000","hPa","0.826","-0.01532","0.000401","-0.00012","0","11.08","Humid","26.60","0","20.10","231012.03","SABD0002000011","AAV2.0.0.13","2.1.0.383","PSt7-10","171027-000","6/27/2018 9:55:33 AM","0000-00","0","no battery","V"
"08/23/2019","12:43:11","1","default","104940808","OXY1","7.177","min","173.043","μmol/L","Humid","21.175","deg","91943","µV","31.104","°C","1022.000","hPa","36.0","pmil","0","55.680","deg","20.000","°C","100.000","%a.s.","22.210","deg","20.000","°C","971.000","hPa","0.826","-0.01532","0.000401","-0.00012","0","11.08","Humid","26.60","0","20.10","231006.77","SABD0002000011","AAV2.0.0.13","2.1.0.383","PSt7-10","171027-000","6/27/2018 9:55:33 AM","0000-00","0","no battery","V"
"08/23/2019","12:43:12","1","default","104940808","OXY1","7.194","min","173.074","μmol/L","Humid","21.173","deg","91945","µV","31.104","°C","1022.000","hPa","36.0","pmil","0","55.680","deg","20.000","°C","100.000","%a.s.","22.210","deg","20.000","°C","971.000","hPa","0.826","-0.01532","0.000401","-0.00012","0","11.08","Humid","26.60","0","20.10","231026.01","SABD0002000011","AAV2.0.0.13","2.1.0.383","PSt7-10","171027-000","6/27/2018 9:55:33 AM","0000-00","0","no battery","V"
"08/23/2019","12:43:13","1","default","104940808","OXY1","7.210","min","173.157","μmol/L","Humid","21.172","deg","91946","µV","31.092","°C","1022.000","hPa","36.0","pmil","0","55.680","deg","20.000","°C","100.000","%a.s.","22.210","deg","20.000","°C","971.000","hPa","0.826","-0.01532","0.000401","-0.00012","0","11.08","Humid","26.60","0","20.10","231014.79","SABD0002000011","AAV2.0.0.13","2.1.0.383","PSt7-10","171027-000","6/27/2018 9:55:33 AM","0000-00","0","no battery","V"
"08/23/2019","12:43:14","1","default","104940808","OXY1","7.227","min","173.008","μmol/L","Humid","21.179","deg","91952","µV","31.098","°C","1021.000","hPa","36.0","pmil","0","55.680","deg","20.000","°C","100.000","%a.s.","22.210","deg","20.000","°C","971.000","hPa","0.826","-0.01532","0.000401","-0.00012","0","11.08","Humid","26.60","0","20.10","231022.05","SABD0002000011","AAV2.0.0.13","2.1.0.383","PSt7-10","171027-000","6/27/2018 9:55:33 AM","0000-00","0","no battery","V"
"08/23/2019","12:43:15","1","default","104940808","OXY1","7.244","min","173.108","μmol/L","Humid","21.173","deg","91942","µV","31.098","°C","1022.000","hPa","36.0","pmil","0","55.680","deg","20.000","°C","100.000","%a.s.","22.210","deg","20.000","°C","971.000","hPa","0.826","-0.01532","0.000401","-0.00012","0","11.08","Humid","26.60","0","20.10","231005.72","SABD0002000011","AAV2.0.0.13","2.1.0.383","PSt7-10","171027-000","6/27/2018 9:55:33 AM","0000-00","0","no battery","V"
"08/23/2019","12:43:16","1","default","104940808","OXY1","7.260","min","173.092","μmol/L","Humid","21.174","deg","91944","µV","31.098","°C","1022.000","hPa","36.0","pmil","0","55.680","deg","20.000","°C","100.000","%a.s.","22.210","deg","20.000","°C","971.000","hPa","0.826","-0.01532","0.000401","-0.00012","0","11.08","Humid","26.60","0","20.10","231011.15","SABD0002000011","AAV2.0.0.13","2.1.0.383","PSt7-10","171027-000","6/27/2018 9:55:33 AM","0000-00","0","no battery","V"
"08/23/2019","12:43:17","1","default","104940808","OXY1","7.277","min","173.012","μmol/L","Humid","21.177","deg","91947","µV","31.104","°C","1022.000","hPa","36.0","pmil","0","55.680","deg","20.000","°C","100.000","%a.s.","22.210","deg","20.000","°C","971.000","hPa","0.826","-0.01532","0.000401","-0.00012","0","11.08","Humid","26.60","0","20.10","231009.19","SABD0002000011","AAV2.0.0.13","2.1.0.383","PSt7-10","171027-000","6/27/2018 9:55:33 AM","0000-00","0","no battery","V"
"08/23/2019","12:43:18","1","default","104940808","OXY1","7.293","min","173.028","μmol/L","Humid","21.176","deg","91939","µV","31.104","°C","1022.000","hPa","36.0","pmil","0","55.680","deg","20.000","°C","100.000","%a.s.","22.210","deg","20.000","°C","971.000","hPa","0.826","-0.01532","0.000401","-0.00012","0","11.08","Humid","26.60","0","20.10","231000.17","SABD0002000011","AAV2.0.0.13","2.1.0.383","PSt7-10","171027-000","6/27/2018 9:55:33 AM","0000-00","0","no battery","V"
"08/23/2019","12:43:19","1","default","104940808","OXY1","7.310","min","173.058","μmol/L","Humid","21.174","deg","91935","µV","31.104","°C","1022.000","hPa","36.0","pmil","0","55.680","deg","20.000","°C","100.000","%a.s.","22.210","deg","20.000","°C","971.000","hPa","0.826","-0.01532","0.000401","-0.00012","0","11.08","Humid","26.60","0","20.10","230999.01","SABD0002000011","AAV2.0.0.13","2.1.0.383","PSt7-10","171027-000","6/27/2018 9:55:33 AM","0000-00","0","no battery","V"
"08/23/2019","12:43:20","1","default","104940808","OXY1","7.327","min","173.069","μmol/L","Humid","21.175","deg","91939","µV","31.098","°C","1021.000","hPa","36.0","pmil","0","55.680","deg","20.000","°C","100.000","%a.s.","22.210","deg","20.000","°C","971.000","hPa","0.826","-0.01532","0.000401","-0.00012","0","11.08","Humid","26.60","0","20.10","231010.30","SABD0002000011","AAV2.0.0.13","2.1.0.383","PSt7-10","171027-000","6/27/2018 9:55:33 AM","0000-00","0","no battery","V"
"08/23/2019","12:43:21","1","default","104940808","OXY1","7.344","min","173.028","μmol/L","Humid","21.176","deg","91940","µV","31.104","°C","1022.000","hPa","36.0","pmil","0","55.680","deg","20.000","°C","100.000","%a.s.","22.210","deg","20.000","°C","971.000","hPa","0.826","-0.01532","0.000401","-0.00012","0","11.08","Humid","26.60","0","20.10","231009.93","SABD0002000011","AAV2.0.0.13","2.1.0.383","PSt7-10","171027-000","6/27/2018 9:55:33 AM","0000-00","0","no battery","V"
"08/23/2019","12:43:22","1","default","104940808","OXY1","7.360","min","173.028","μmol/L","Humid","21.176","deg","91939","µV","31.104","°C","1022.000","hPa","36.0","pmil","0","55.680","deg","20.000","°C","100.000","%a.s.","22.210","deg","20.000","°C","971.000","hPa","0.826","-0.01532","0.000401","-0.00012","0","11.08","Humid","26.60","0","20.10","230994.94","SABD0002000011","AAV2.0.0.13","2.1.0.383","PSt7-10","171027-000","6/27/2018 9:55:33 AM","0000-00","0","no battery","V"
"08/23/2019","12:43:23","1","default","104940808","OXY1","7.377","min","173.123","μmol/L","Humid","21.172","deg","91942","µV","31.098","°C","1022.000","hPa","36.0","pmil","0","55.680","deg","20.000","°C","100.000","%a.s.","22.210","deg","20.000","°C","971.000","hPa","0.826","-0.01532","0.000401","-0.00012","0","11.08","Humid","26.60","0","20.10","231006.35","SABD0002000011","AAV2.0.0.13","2.1.0.383","PSt7-10","171027-000","6/27/2018 9:55:33 AM","0000-00","0","no battery","V"
"08/23/2019","12:43:24","1","default","104940808","OXY1","7.394","min","173.043","μmol/L","Humid","21.175","deg","91945","µV","31.104","°C","1022.000","hPa","36.0","pmil","0","55.680","deg","20.000","°C","100.000","%a.s.","22.210","deg","20.000","°C","971.000","hPa","0.826","-0.01532","0.000401","-0.00012","0","11.08","Humid","26.60","0","20.10","231019.64","SABD0002000011","AAV2.0.0.13","2.1.0.383","PSt7-10","171027-000","6/27/2018 9:55:33 AM","0000-00","0","no battery","V"
"08/23/2019","12:43:25","1","default","104940808","OXY1","7.411","min","172.981","μmol/L","Humid","21.179","deg","91935","µV","31.104","°C","1022.000","hPa","36.0","pmil","0","55.680","deg","20.000","°C","100.000","%a.s.","22.210","deg","20.000","°C","971.000","hPa","0.826","-0.01532","0.000401","-0.00012","0","11.08","Humid","26.60","0","20.10","231012.63","SABD0002000011","AAV2.0.0.13","2.1.0.383","PSt7-10","171027-000","6/27/2018 9:55:33 AM","0000-00","0","no battery","V"
"08/23/2019","12:43:26","1","default","104940808","OXY1","7.427","min","173.058","μmol/L","Humid","21.174","deg","91936","µV","31.104","°C","1022.000","hPa","36.0","pmil","0","55.680","deg","20.000","°C","100.000","%a.s.","22.210","deg","20.000","°C","971.000","hPa","0.826","-0.01532","0.000401","-0.00012","0","11.08","Humid","26.60","0","20.10","231009.70","SABD0002000011","AAV2.0.0.13","2.1.0.383","PSt7-10","171027-000","6/27/2018 9:55:33 AM","0000-00","0","no battery","V"
"08/23/2019","12:43:27","1","default","104940808","OXY1","7.443","min","173.123","μmol/L","Humid","21.172","deg","91930","µV","31.098","°C","1022.000","hPa","36.0","pmil","0","55.680","deg","20.000","°C","100.000","%a.s.","22.210","deg","20.000","°C","971.000","hPa","0.826","-0.01532","0.000401","-0.00012","0","11.08","Humid","26.60","0","20.10","231003.36","SABD0002000011","AAV2.0.0.13","2.1.0.383","PSt7-10","171027-000","6/27/2018 9:55:33 AM","0000-00","0","no battery","V"
"08/23/2019","12:43:28","1","default","104940808","OXY1","7.460","min","173.028","μmol/L","Humid","21.176","deg","91940","µV","31.104","°C","1022.000","hPa","36.0","pmil","0","55.680","deg","20.000","°C","100.000","%a.s.","22.210","deg","20.000","°C","971.000","hPa","0.826","-0.01532","0.000401","-0.00012","0","11.08","Humid","26.60","0","20.10","230990.34","SABD0002000011","AAV2.0.0.13","2.1.0.383","PSt7-10","171027-000","6/27/2018 9:55:33 AM","0000-00","0","no battery","V"
"08/23/2019","12:43:29","1","default","104940808","OXY1","7.477","min","173.058","μmol/L","Humid","21.174","deg","91925","µV","31.104","°C","1022.000","hPa","36.0","pmil","0","55.680","deg","20.000","°C","100.000","%a.s.","22.210","deg","20.000","°C","971.000","hPa","0.826","-0.01532","0.000401","-0.00012","0","11.08","Humid","26.60","0","20.10","230999.94","SABD0002000011","AAV2.0.0.13","2.1.0.383","PSt7-10","171027-000","6/27/2018 9:55:33 AM","0000-00","0","no battery","V"
"08/23/2019","12:43:30","1","default","104940808","OXY1","7.494","min","172.994","μmol/L","Humid","21.176","deg","91920","µV","31.110","°C","1022.000","hPa","36.0","pmil","0","55.680","deg","20.000","°C","100.000","%a.s.","22.210","deg","20.000","°C","971.000","hPa","0.826","-0.01532","0.000401","-0.00012","0","11.08","Humid","26.60","0","20.10","230987.98","SABD0002000011","AAV2.0.0.13","2.1.0.383","PSt7-10","171027-000","6/27/2018 9:55:33 AM","0000-00","0","no battery","V"
"08/23/2019","12:43:31","1","default","104940808","OXY1","7.510","min","173.070","μmol/L","Humid","21.171","deg","91926","µV","31.110","°C","1022.000","hPa","36.0","pmil","0","55.680","deg","20.000","°C","100.000","%a.s.","22.210","deg","20.000","°C","971.000","hPa","0.826","-0.01532","0.000401","-0.00012","0","11.08","Humid","26.60","0","20.10","230992.12","SABD0002000011","AAV2.0.0.13","2.1.0.383","PSt7-10","171027-000","6/27/2018 9:55:33 AM","0000-00","0","no battery","V"
"08/23/2019","12:43:32","1","default","104940808","OXY1","7.527","min","173.074","μmol/L","Humid","21.173","deg","91924","µV","31.104","°C","1022.000","hPa","36.0","pmil","0","55.680","deg","20.000","°C","100.000","%a.s.","22.210","deg","20.000","°C","971.000","hPa","0.826","-0.01532","0.000401","-0.00012","0","11.08","Humid","26.60","0","20.10","230990.96","SABD0002000011","AAV2.0.0.13","2.1.0.383","PSt7-10","171027-000","6/27/2018 9:55:33 AM","0000-00","0","no battery","V"
"08/23/2019","12:43:33","1","default","104940808","OXY1","7.544","min","173.120","μmol/L","Humid","21.170","deg","91922","µV","31.104","°C","1022.000","hPa","36.0","pmil","0","55.680","deg","20.000","°C","100.000","%a.s.","22.210","deg","20.000","°C","971.000","hPa","0.826","-0.01532","0.000401","-0.00012","0","11.08","Humid","26.60","0","20.10","230994.71","SABD0002000011","AAV2.0.0.13","2.1.0.383","PSt7-10","171027-000","6/27/2018 9:55:33 AM","0000-00","0","no battery","V"
"08/23/2019","12:43:34","1","default","104940808","OXY1","7.561","min","173.135","μmol/L","Humid","21.169","deg","91924","µV","31.104","°C","1022.000","hPa","36.0","pmil","0","55.680","deg","20.000","°C","100.000","%a.s.","22.210","deg","20.000","°C","971.000","hPa","0.826","-0.01532","0.000401","-0.00012","0","11.08","Humid","26.60","0","20.10","231002.28","SABD0002000011","AAV2.0.0.13","2.1.0.383","PSt7-10","171027-000","6/27/2018 9:55:33 AM","0000-00","0","no battery","V"
"08/23/2019","12:43:35","1","default","104940808","OXY1","7.577","min","173.089","μmol/L","Humid","21.172","deg","91920","µV","31.104","°C","1022.000","hPa","36.0","pmil","0","55.680","deg","20.000","°C","100.000","%a.s.","22.210","deg","20.000","°C","971.000","hPa","0.826","-0.01532","0.000401","-0.00012","0","11.08","Humid","26.60","0","20.10","231003.87","SABD0002000011","AAV2.0.0.13","2.1.0.383","PSt7-10","171027-000","6/27/2018 9:55:33 AM","0000-00","0","no battery","V"
"08/23/2019","12:43:36","1","default","104940808","OXY1","7.594","min","172.917","μmol/L","Humid","21.181","deg","91931","µV","31.110","°C","1022.000","hPa","36.0","pmil","0","55.680","deg","20.000","°C","100.000","%a.s.","22.210","deg","20.000","°C","971.000","hPa","0.826","-0.01532","0.000401","-0.00012","0","11.08","Humid","26.60","0","20.10","230994.75","SABD0002000011","AAV2.0.0.13","2.1.0.383","PSt7-10","171027-000","6/27/2018 9:55:33 AM","0000-00","0","no battery","V"
"08/23/2019","12:43:37","1","default","104940808","OXY1","7.610","min","173.086","μmol/L","Humid","21.170","deg","91919","µV","31.110","°C","1022.000","hPa","36.0","pmil","0","55.680","deg","20.000","°C","100.000","%a.s.","22.210","deg","20.000","°C","971.000","hPa","0.826","-0.01532","0.000401","-0.00012","0","11.08","Humid","26.60","0","20.10","230997.46","SABD0002000011","AAV2.0.0.13","2.1.0.383","PSt7-10","171027-000","6/27/2018 9:55:33 AM","0000-00","0","no battery","V"
"08/23/2019","12:43:38","1","default","104940808","OXY1","7.627","min","173.031","μmol/L","Humid","21.178","deg","91930","µV","31.098","°C","1022.000","hPa","36.0","pmil","0","55.680","deg","20.000","°C","100.000","%a.s.","22.210","deg","20.000","°C","971.000","hPa","0.826","-0.01532","0.000401","-0.00012","0","11.08","Humid","26.60","0","20.10","230987.87","SABD0002000011","AAV2.0.0.13","2.1.0.383","PSt7-10","171027-000","6/27/2018 9:55:33 AM","0000-00","0","no battery","V"
"08/23/2019","12:43:39","1","default","104940808","OXY1","7.643","min","173.043","μmol/L","Humid","21.175","deg","91922","µV","31.104","°C","1022.000","hPa","36.0","pmil","0","55.680","deg","20.000","°C","100.000","%a.s.","22.210","deg","20.000","°C","971.000","hPa","0.826","-0.01532","0.000401","-0.00012","0","11.08","Humid","26.60","0","20.10","230994.82","SABD0002000011","AAV2.0.0.13","2.1.0.383","PSt7-10","171027-000","6/27/2018 9:55:33 AM","0000-00","0","no battery","V"
"08/23/2019","12:43:40","1","default","104940808","OXY1","7.660","min","173.043","μmol/L","Humid","21.175","deg","91928","µV","31.104","°C","1022.000","hPa","36.0","pmil","0","55.680","deg","20.000","°C","100.000","%a.s.","22.210","deg","20.000","°C","971.000","hPa","0.826","-0.01532","0.000401","-0.00012","0","11.08","Humid","26.60","0","20.10","230990.12","SABD0002000011","AAV2.0.0.13","2.1.0.383","PSt7-10","171027-000","6/27/2018 9:55:33 AM","0000-00","0","no battery","V"
"08/23/2019","12:43:41","1","default","104940808","OXY1","7.677","min","173.058","μmol/L","Humid","21.174","deg","91930","µV","31.104","°C","1022.000","hPa","36.0","pmil","0","55.680","deg","20.000","°C","100.000","%a.s.","22.210","deg","20.000","°C","971.000","hPa","0.826","-0.01532","0.000401","-0.00012","0","11.08","Humid","26.60","0","20.10","230996.22","SABD0002000011","AAV2.0.0.13","2.1.0.383","PSt7-10","171027-000","6/27/2018 9:55:33 AM","0000-00","0","no battery","V"
"08/23/2019","12:43:42","1","default","104940808","OXY1","7.694","min","173.043","μmol/L","Humid","21.175","deg","91930","µV","31.104","°C","1022.000","hPa","36.0","pmil","0","55.680","deg","20.000","°C","100.000","%a.s.","22.210","deg","20.000","°C","971.000","hPa","0.826","-0.01532","0.000401","-0.00012","0","11.08","Humid","26.60","0","20.10","230999.50","SABD0002000011","AAV2.0.0.13","2.1.0.383","PSt7-10","171027-000","6/27/2018 9:55:33 AM","0000-00","0","no battery","V"
"08/23/2019","12:43:43","1","default","104940808","OXY1","7.711","min","172.978","μmol/L","Humid","21.177","deg","91930","µV","31.110","°C","1022.000","hPa","36.0","pmil","0","55.680","deg","20.000","°C","100.000","%a.s.","22.210","deg","20.000","°C","971.000","hPa","0.826","-0.01532","0.000401","-0.00012","0","11.08","Humid","26.60","0","20.10","230991.38","SABD0002000011","AAV2.0.0.13","2.1.0.383","PSt7-10","171027-000","6/27/2018 9:55:33 AM","0000-00","0","no battery","V"
"08/23/2019","12:43:44","1","default","104940808","OXY1","7.727","min","172.981","μmol/L","Humid","21.179","deg","91921","µV","31.104","°C","1022.000","hPa","36.0","pmil","0","55.680","deg","20.000","°C","100.000","%a.s.","22.210","deg","20.000","°C","971.000","hPa","0.826","-0.01532","0.000401","-0.00012","0","11.08","Humid","26.60","0","20.10","230978.89","SABD0002000011","AAV2.0.0.13","2.1.0.383","PSt7-10","171027-000","6/27/2018 9:55:33 AM","0000-00","0","no battery","V"
"08/23/2019","12:43:45","1","default","104940808","OXY1","7.744","min","173.058","μmol/L","Humid","21.174","deg","91926","µV","31.104","°C","1022.000","hPa","36.0","pmil","0","55.680","deg","20.000","°C","100.000","%a.s.","22.210","deg","20.000","°C","971.000","hPa","0.826","-0.01532","0.000401","-0.00012","0","11.08","Humid","26.60","0","20.10","230993.50","SABD0002000011","AAV2.0.0.13","2.1.0.383","PSt7-10","171027-000","6/27/2018 9:55:33 AM","0000-00","0","no battery","V"
"08/23/2019","12:43:46","1","default","104940808","OXY1","7.760","min","173.077","μmol/L","Humid","21.175","deg","91934","µV","31.098","°C","1022.000","hPa","36.0","pmil","0","55.680","deg","20.000","°C","100.000","%a.s.","22.210","deg","20.000","°C","971.000","hPa","0.826","-0.01532","0.000401","-0.00012","0","11.08","Humid","26.60","0","20.10","230992.19","SABD0002000011","AAV2.0.0.13","2.1.0.383","PSt7-10","171027-000","6/27/2018 9:55:33 AM","0000-00","0","no battery","V"
"08/23/2019","12:43:47","1","default","104940808","OXY1","7.777","min","173.028","μmol/L","Humid","21.176","deg","91918","µV","31.104","°C","1022.000","hPa","36.0","pmil","0","55.680","deg","20.000","°C","100.000","%a.s.","22.210","deg","20.000","°C","971.000","hPa","0.826","-0.01532","0.000401","-0.00012","0","11.08","Humid","26.60","0","20.10","230988.92","SABD0002000011","AAV2.0.0.13","2.1.0.383","PSt7-10","171027-000","6/27/2018 9:55:33 AM","0000-00","0","no battery","V"
"08/23/2019","12:43:48","1","default","104940808","OXY1","7.793","min","173.012","μmol/L","Humid","21.177","deg","91924","µV","31.104","°C","1022.000","hPa","36.0","pmil","0","55.680","deg","20.000","°C","100.000","%a.s.","22.210","deg","20.000","°C","971.000","hPa","0.826","-0.01532","0.000401","-0.00012","0","11.08","Humid","26.60","0","20.10","230978.59","SABD0002000011","AAV2.0.0.13","2.1.0.383","PSt7-10","171027-000","6/27/2018 9:55:33 AM","0000-00","0","no battery","V"
"08/23/2019","12:43:49","1","default","104940808","OXY1","7.810","min","172.901","μmol/L","Humid","21.182","deg","91932","µV","31.110","°C","1022.000","hPa","36.0","pmil","0","55.680","deg","20.000","°C","100.000","%a.s.","22.210","deg","20.000","°C","971.000","hPa","0.826","-0.01532","0.000401","-0.00012","0","11.08","Humid","26.60","0","20.10","230992.81","SABD0002000011","AAV2.0.0.13","2.1.0.383","PSt7-10","171027-000","6/27/2018 9:55:33 AM","0000-00","0","no battery","V"
"08/23/2019","12:43:50","1","default","104940808","OXY1","7.827","min","173.040","μmol/L","Humid","21.173","deg","91927","µV","31.110","°C","1022.000","hPa","36.0","pmil","0","55.680","deg","20.000","°C","100.000","%a.s.","22.210","deg","20.000","°C","971.000","hPa","0.826","-0.01532","0.000401","-0.00012","0","11.08","Humid","26.60","0","20.10","230986.22","SABD0002000011","AAV2.0.0.13","2.1.0.383","PSt7-10","171027-000","6/27/2018 9:55:33 AM","0000-00","0","no battery","V"
"08/23/2019","12:43:51","1","default","104940808","OXY1","7.844","min","172.981","μmol/L","Humid","21.179","deg","91918","µV","31.104","°C","1022.000","hPa","36.0","pmil","0","55.680","deg","20.000","°C","100.000","%a.s.","22.210","deg","20.000","°C","971.000","hPa","0.826","-0.01532","0.000401","-0.00012","0","11.08","Humid","26.60","0","20.10","230986.12","SABD0002000011","AAV2.0.0.13","2.1.0.383","PSt7-10","171027-000","6/27/2018 9:55:33 AM","0000-00","0","no battery","V"
"08/23/2019","12:43:52","1","default","104940808","OXY1","7.861","min","173.108","μmol/L","Humid","21.173","deg","91933","µV","31.098","°C","1022.000","hPa","36.0","pmil","0","55.680","deg","20.000","°C","100.000","%a.s.","22.210","deg","20.000","°C","971.000","hPa","0.826","-0.01532","0.000401","-0.00012","0","11.08","Humid","26.60","0","20.10","230984.82","SABD0002000011","AAV2.0.0.13","2.1.0.383","PSt7-10","171027-000","6/27/2018 9:55:33 AM","0000-00","0","no battery","V"
"08/23/2019","12:43:53","1","default","104940808","OXY1","7.877","min","173.077","μmol/L","Humid","21.175","deg","91914","µV","31.098","°C","1022.000","hPa","36.0","pmil","0","55.680","deg","20.000","°C","100.000","%a.s.","22.210","deg","20.000","°C","971.000","hPa","0.826","-0.01532","0.000401","-0.00012","0","11.08","Humid","26.60","0","20.10","230965.21","SABD0002000011","AAV2.0.0.13","2.1.0.383","PSt7-10","171027-000","6/27/2018 9:55:33 AM","0000-00","0","no battery","V"
"08/23/2019","12:43:54","1","default","104940808","OXY1","7.894","min","173.092","μmol/L","Humid","21.174","deg","91934","µV","31.098","°C","1022.000","hPa","36.0","pmil","0","55.680","deg","20.000","°C","100.000","%a.s.","22.210","deg","20.000","°C","971.000","hPa","0.826","-0.01532","0.000401","-0.00012","0","11.08","Humid","26.60","0","20.10","230975.28","SABD0002000011","AAV2.0.0.13","2.1.0.383","PSt7-10","171027-000","6/27/2018 9:55:33 AM","0000-00","0","no battery","V"
"08/23/2019","12:43:55","1","default","104940808","OXY1","7.910","min","172.981","μmol/L","Humid","21.179","deg","91922","µV","31.104","°C","1022.000","hPa","36.0","pmil","0","55.680","deg","20.000","°C","100.000","%a.s.","22.210","deg","20.000","°C","971.000","hPa","0.826","-0.01532","0.000401","-0.00012","0","11.08","Humid","26.60","0","20.10","230969.98","SABD0002000011","AAV2.0.0.13","2.1.0.383","PSt7-10","171027-000","6/27/2018 9:55:33 AM","0000-00","0","no battery","V"
"08/23/2019","12:43:56","1","default","104940808","OXY1","7.927","min","173.028","μmol/L","Humid","21.176","deg","91922","µV","31.104","°C","1022.000","hPa","36.0","pmil","0","55.680","deg","20.000","°C","100.000","%a.s.","22.210","deg","20.000","°C","971.000","hPa","0.826","-0.01532","0.000401","-0.00012","0","11.08","Humid","26.60","0","20.10","230970.96","SABD0002000011","AAV2.0.0.13","2.1.0.383","PSt7-10","171027-000","6/27/2018 9:55:33 AM","0000-00","0","no battery","V"
"08/23/2019","12:43:57","1","default","104940808","OXY1","7.943","min","173.092","μmol/L","Humid","21.174","deg","91923","µV","31.098","°C","1022.000","hPa","36.0","pmil","0","55.680","deg","20.000","°C","100.000","%a.s.","22.210","deg","20.000","°C","971.000","hPa","0.826","-0.01532","0.000401","-0.00012","0","11.08","Humid","26.60","0","20.10","230962.17","SABD0002000011","AAV2.0.0.13","2.1.0.383","PSt7-10","171027-000","6/27/2018 9:55:33 AM","0000-00","0","no battery","V"
"08/23/2019","12:43:58","1","default","104940808","OXY1","7.960","min","173.031","μmol/L","Humid","21.178","deg","91917","µV","31.098","°C","1022.000","hPa","36.0","pmil","0","55.680","deg","20.000","°C","100.000","%a.s.","22.210","deg","20.000","°C","971.000","hPa","0.826","-0.01532","0.000401","-0.00012","0","11.08","Humid","26.60","0","20.10","230959.40","SABD0002000011","AAV2.0.0.13","2.1.0.383","PSt7-10","171027-000","6/27/2018 9:55:33 AM","0000-00","0","no battery","V"
"08/23/2019","12:43:59","1","default","104940808","OXY1","7.977","min","173.061","μmol/L","Humid","21.176","deg","91925","µV","31.098","°C","1022.000","hPa","36.0","pmil","0","55.680","deg","20.000","°C","100.000","%a.s.","22.210","deg","20.000","°C","971.000","hPa","0.826","-0.01532","0.000401","-0.00012","0","11.08","Humid","26.60","0","20.10","230969.54","SABD0002000011","AAV2.0.0.13","2.1.0.383","PSt7-10","171027-000","6/27/2018 9:55:33 AM","0000-00","0","no battery","V"
"08/23/2019","12:44:00","1","default","104940808","OXY1","7.994","min","172.963","μmol/L","Humid","21.178","deg","91921","µV","31.110","°C","1022.000","hPa","36.0","pmil","0","55.680","deg","20.000","°C","100.000","%a.s.","22.210","deg","20.000","°C","971.000","hPa","0.826","-0.01532","0.000401","-0.00012","0","11.08","Humid","26.60","0","20.10","230967.48","SABD0002000011","AAV2.0.0.13","2.1.0.383","PSt7-10","171027-000","6/27/2018 9:55:33 AM","0000-00","0","no battery","V"
"08/23/2019","12:44:01","1","default","104940808","OXY1","8.011","min","172.994","μmol/L","Humid","21.176","deg","91925","µV","31.110","°C","1022.000","hPa","36.0","pmil","0","55.680","deg","20.000","°C","100.000","%a.s.","22.210","deg","20.000","°C","971.000","hPa","0.826","-0.01532","0.000401","-0.00012","0","11.08","Humid","26.60","0","20.10","230973.42","SABD0002000011","AAV2.0.0.13","2.1.0.383","PSt7-10","171027-000","6/27/2018 9:55:33 AM","0000-00","0","no battery","V"
"08/23/2019","12:44:02","1","default","104940808","OXY1","8.027","min","172.966","μmol/L","Humid","21.180","deg","91922","µV","31.104","°C","1022.000","hPa","36.0","pmil","0","55.680","deg","20.000","°C","100.000","%a.s.","22.210","deg","20.000","°C","971.000","hPa","0.826","-0.01532","0.000401","-0.00012","0","11.08","Humid","26.60","0","20.10","230954.95","SABD0002000011","AAV2.0.0.13","2.1.0.383","PSt7-10","171027-000","6/27/2018 9:55:33 AM","0000-00","0","no battery","V"
"08/23/2019","12:44:03","1","default","104940808","OXY1","8.044","min","172.966","μmol/L","Humid","21.180","deg","91920","µV","31.104","°C","1022.000","hPa","36.0","pmil","0","55.680","deg","20.000","°C","100.000","%a.s.","22.210","deg","20.000","°C","971.000","hPa","0.826","-0.01532","0.000401","-0.00012","0","11.08","Humid","26.60","0","20.10","230957.09","SABD0002000011","AAV2.0.0.13","2.1.0.383","PSt7-10","171027-000","6/27/2018 9:55:33 AM","0000-00","0","no battery","V"
"08/23/2019","12:44:04","1","default","104940808","OXY1","8.060","min","173.031","μmol/L","Humid","21.178","deg","91923","µV","31.098","°C","1022.000","hPa","36.0","pmil","0","55.680","deg","20.000","°C","100.000","%a.s.","22.210","deg","20.000","°C","971.000","hPa","0.826","-0.01532","0.000401","-0.00012","0","11.08","Humid","26.60","0","20.10","230957.89","SABD0002000011","AAV2.0.0.13","2.1.0.383","PSt7-10","171027-000","6/27/2018 9:55:33 AM","0000-00","0","no battery","V"
"08/23/2019","12:44:05","1","default","104940808","OXY1","8.077","min","173.000","μmol/L","Humid","21.180","deg","91917","µV","31.098","°C","1022.000","hPa","36.0","pmil","0","55.680","deg","20.000","°C","100.000","%a.s.","22.210","deg","20.000","°C","971.000","hPa","0.826","-0.01532","0.000401","-0.00012","0","11.08","Humid","26.60","0","20.10","230949.25","SABD0002000011","AAV2.0.0.13","2.1.0.383","PSt7-10","171027-000","6/27/2018 9:55:33 AM","0000-00","0","no battery","V"
"08/23/2019","12:44:06","1","default","104940808","OXY1","8.093","min","173.038","μmol/L","Humid","21.177","deg","91922","µV","31.098","°C","1021.000","hPa","36.0","pmil","0","55.680","deg","20.000","°C","100.000","%a.s.","22.210","deg","20.000","°C","971.000","hPa","0.826","-0.01532","0.000401","-0.00012","0","11.08","Humid","26.60","0","20.10","230966.74","SABD0002000011","AAV2.0.0.13","2.1.0.383","PSt7-10","171027-000","6/27/2018 9:55:33 AM","0000-00","0","no battery","V"
"08/23/2019","12:44:07","1","default","104940808","OXY1","8.110","min","172.951","μmol/L","Humid","21.181","deg","91921","µV","31.104","°C","1022.000","hPa","36.0","pmil","0","55.680","deg","20.000","°C","100.000","%a.s.","22.210","deg","20.000","°C","971.000","hPa","0.826","-0.01532","0.000401","-0.00012","0","11.08","Humid","26.60","0","20.10","230961.86","SABD0002000011","AAV2.0.0.13","2.1.0.383","PSt7-10","171027-000","6/27/2018 9:55:33 AM","0000-00","0","no battery","V"
"08/23/2019","12:44:08","1","default","104940808","OXY1","8.127","min","172.969","μmol/L","Humid","21.182","deg","91921","µV","31.098","°C","1022.000","hPa","36.0","pmil","0","55.680","deg","20.000","°C","100.000","%a.s.","22.210","deg","20.000","°C","971.000","hPa","0.826","-0.01532","0.000401","-0.00012","0","11.08","Humid","26.60","0","20.10","230943.47","SABD0002000011","AAV2.0.0.13","2.1.0.383","PSt7-10","171027-000","6/27/2018 9:55:33 AM","0000-00","0","no battery","V"
"08/23/2019","12:44:09","1","default","104940808","OXY1","8.144","min","173.031","μmol/L","Humid","21.178","deg","91931","µV","31.098","°C","1022.000","hPa","36.0","pmil","0","55.680","deg","20.000","°C","100.000","%a.s.","22.210","deg","20.000","°C","971.000","hPa","0.826","-0.01532","0.000401","-0.00012","0","11.08","Humid","26.60","0","20.10","230964.68","SABD0002000011","AAV2.0.0.13","2.1.0.383","PSt7-10","171027-000","6/27/2018 9:55:33 AM","0000-00","0","no battery","V"
"08/23/2019","12:44:10","1","default","104940808","OXY1","8.161","min","172.981","μmol/L","Humid","21.179","deg","91915","µV","31.104","°C","1022.000","hPa","36.0","pmil","0","55.680","deg","20.000","°C","100.000","%a.s.","22.210","deg","20.000","°C","971.000","hPa","0.826","-0.01532","0.000401","-0.00012","0","11.08","Humid","26.60","0","20.10","230951.94","SABD0002000011","AAV2.0.0.13","2.1.0.383","PSt7-10","171027-000","6/27/2018 9:55:33 AM","0000-00","0","no battery","V"
"08/23/2019","12:44:11","1","default","104940808","OXY1","8.177","min","173.000","μmol/L","Humid","21.180","deg","91917","µV","31.098","°C","1022.000","hPa","36.0","pmil","0","55.680","deg","20.000","°C","100.000","%a.s.","22.210","deg","20.000","°C","971.000","hPa","0.826","-0.01532","0.000401","-0.00012","0","11.08","Humid","26.60","0","20.10","230942.61","SABD0002000011","AAV2.0.0.13","2.1.0.383","PSt7-10","171027-000","6/27/2018 9:55:33 AM","0000-00","0","no battery","V"
"08/23/2019","12:44:12","1","default","104940808","OXY1","8.194","min","173.019","μmol/L","Humid","21.181","deg","91915","µV","31.092","°C","1022.000","hPa","36.0","pmil","0","55.680","deg","20.000","°C","100.000","%a.s.","22.210","deg","20.000","°C","971.000","hPa","0.826","-0.01532","0.000401","-0.00012","0","11.08","Humid","26.60","0","20.10","230945.63","SABD0002000011","AAV2.0.0.13","2.1.0.383","PSt7-10","171027-000","6/27/2018 9:55:33 AM","0000-00","0","no battery","V"
"08/23/2019","12:44:13","1","default","104940808","OXY1","8.210","min","172.981","μmol/L","Humid","21.179","deg","91920","µV","31.104","°C","1022.000","hPa","36.0","pmil","0","55.680","deg","20.000","°C","100.000","%a.s.","22.210","deg","20.000","°C","971.000","hPa","0.826","-0.01532","0.000401","-0.00012","0","11.08","Humid","26.60","0","20.10","230941.89","SABD0002000011","AAV2.0.0.13","2.1.0.383","PSt7-10","171027-000","6/27/2018 9:55:33 AM","0000-00","0","no battery","V"
"08/23/2019","12:44:14","1","default","104940808","OXY1","8.227","min","173.012","μmol/L","Humid","21.177","deg","91922","µV","31.104","°C","1022.000","hPa","36.0","pmil","0","55.680","deg","20.000","°C","100.000","%a.s.","22.210","deg","20.000","°C","971.000","hPa","0.826","-0.01532","0.000401","-0.00012","0","11.08","Humid","26.60","0","20.10","230946.02","SABD0002000011","AAV2.0.0.13","2.1.0.383","PSt7-10","171027-000","6/27/2018 9:55:33 AM","0000-00","0","no battery","V"
"08/23/2019","12:44:15","1","default","104940808","OXY1","8.243","min","172.966","μmol/L","Humid","21.180","deg","91915","µV","31.104","°C","1022.000","hPa","36.0","pmil","0","55.680","deg","20.000","°C","100.000","%a.s.","22.210","deg","20.000","°C","971.000","hPa","0.826","-0.01532","0.000401","-0.00012","0","11.08","Humid","26.60","0","20.10","230937.87","SABD0002000011","AAV2.0.0.13","2.1.0.383","PSt7-10","171027-000","6/27/2018 9:55:33 AM","0000-00","0","no battery","V"
"08/23/2019","12:44:16","1","default","104940808","OXY1","8.260","min","172.997","μmol/L","Humid","21.178","deg","91916","µV","31.104","°C","1022.000","hPa","36.0","pmil","0","55.680","deg","20.000","°C","100.000","%a.s.","22.210","deg","20.000","°C","971.000","hPa","0.826","-0.01532","0.000401","-0.00012","0","11.08","Humid","26.60","0","20.10","230943.30","SABD0002000011","AAV2.0.0.13","2.1.0.383","PSt7-10","171027-000","6/27/2018 9:55:33 AM","0000-00","0","no battery","V"
"08/23/2019","12:44:17","1","default","104940808","OXY1","8.277","min","172.966","μmol/L","Humid","21.180","deg","91908","µV","31.104","°C","1022.000","hPa","36.0","pmil","0","55.680","deg","20.000","°C","100.000","%a.s.","22.210","deg","20.000","°C","971.000","hPa","0.826","-0.01532","0.000401","-0.00012","0","11.08","Humid","26.60","0","20.10","230937.90","SABD0002000011","AAV2.0.0.13","2.1.0.383","PSt7-10","171027-000","6/27/2018 9:55:33 AM","0000-00","0","no battery","V"
"08/23/2019","12:44:18","1","default","104940808","OXY1","8.294","min","172.932","μmol/L","Humid","21.180","deg","91907","µV","31.110","°C","1022.000","hPa","36.0","pmil","0","55.680","deg","20.000","°C","100.000","%a.s.","22.210","deg","20.000","°C","971.000","hPa","0.826","-0.01532","0.000401","-0.00012","0","11.08","Humid","26.60","0","20.10","230935.45","SABD0002000011","AAV2.0.0.13","2.1.0.383","PSt7-10","171027-000","6/27/2018 9:55:33 AM","0000-00","0","no battery","V"
"08/23/2019","12:44:19","1","default","104940808","OXY1","8.311","min","172.978","μmol/L","Humid","21.177","deg","91913","µV","31.110","°C","1022.000","hPa","36.0","pmil","0","55.680","deg","20.000","°C","100.000","%a.s.","22.210","deg","20.000","°C","971.000","hPa","0.826","-0.01532","0.000401","-0.00012","0","11.08","Humid","26.60","0","20.10","230938.07","SABD0002000011","AAV2.0.0.13","2.1.0.383","PSt7-10","171027-000","6/27/2018 9:55:33 AM","0000-00","0","no battery","V"
"08/23/2019","12:44:20","1","default","104940808","OXY1","8.327","min","172.978","μmol/L","Humid","21.177","deg","91907","µV","31.110","°C","1022.000","hPa","36.0","pmil","0","55.680","deg","20.000","°C","100.000","%a.s.","22.210","deg","20.000","°C","971.000","hPa","0.826","-0.01532","0.000401","-0.00012","0","11.08","Humid","26.60","0","20.10","230943.09","SABD0002000011","AAV2.0.0.13","2.1.0.383","PSt7-10","171027-000","6/27/2018 9:55:33 AM","0000-00","0","no battery","V"
"08/23/2019","12:44:21","1","default","104940808","OXY1","8.343","min","172.955","μmol/L","Humid","21.178","deg","91902","µV","31.110","°C","1021.000","hPa","36.0","pmil","0","55.680","deg","20.000","°C","100.000","%a.s.","22.210","deg","20.000","°C","971.000","hPa","0.826","-0.01532","0.000401","-0.00012","0","11.08","Humid","26.60","0","20.10","230935.39","SABD0002000011","AAV2.0.0.13","2.1.0.383","PSt7-10","171027-000","6/27/2018 9:55:33 AM","0000-00","0","no battery","V"
"08/23/2019","12:44:22","1","default","104940808","OXY1","8.360","min","172.994","μmol/L","Humid","21.176","deg","91909","µV","31.110","°C","1022.000","hPa","36.0","pmil","0","55.680","deg","20.000","°C","100.000","%a.s.","22.210","deg","20.000","°C","971.000","hPa","0.826","-0.01532","0.000401","-0.00012","0","11.08","Humid","26.60","0","20.10","230941.71","SABD0002000011","AAV2.0.0.13","2.1.0.383","PSt7-10","171027-000","6/27/2018 9:55:33 AM","0000-00","0","no battery","V"
"08/23/2019","12:44:23","1","default","104940808","OXY1","8.377","min","173.012","μmol/L","Humid","21.177","deg","91901","µV","31.104","°C","1022.000","hPa","36.0","pmil","0","55.680","deg","20.000","°C","100.000","%a.s.","22.210","deg","20.000","°C","971.000","hPa","0.826","-0.01532","0.000401","-0.00012","0","11.08","Humid","26.60","0","20.10","230937.09","SABD0002000011","AAV2.0.0.13","2.1.0.383","PSt7-10","171027-000","6/27/2018 9:55:33 AM","0000-00","0","no battery","V"
"08/23/2019","12:44:24","1","default","104940808","OXY1","8.393","min","172.966","μmol/L","Humid","21.180","deg","91904","µV","31.104","°C","1022.000","hPa","36.0","pmil","0","55.680","deg","20.000","°C","100.000","%a.s.","22.210","deg","20.000","°C","971.000","hPa","0.826","-0.01532","0.000401","-0.00012","0","11.08","Humid","26.60","0","20.10","230936.25","SABD0002000011","AAV2.0.0.13","2.1.0.383","PSt7-10","171027-000","6/27/2018 9:55:33 AM","0000-00","0","no battery","V"
"08/23/2019","12:44:25","1","default","104940808","OXY1","8.410","min","172.981","μmol/L","Humid","21.179","deg","91908","µV","31.104","°C","1022.000","hPa","36.0","pmil","0","55.680","deg","20.000","°C","100.000","%a.s.","22.210","deg","20.000","°C","971.000","hPa","0.826","-0.01532","0.000401","-0.00012","0","11.08","Humid","26.60","0","20.10","230938.36","SABD0002000011","AAV2.0.0.13","2.1.0.383","PSt7-10","171027-000","6/27/2018 9:55:33 AM","0000-00","0","no battery","V"
"08/23/2019","12:44:26","1","default","104940808","OXY1","8.427","min","172.963","μmol/L","Humid","21.178","deg","91902","µV","31.110","°C","1022.000","hPa","36.0","pmil","0","55.680","deg","20.000","°C","100.000","%a.s.","22.210","deg","20.000","°C","971.000","hPa","0.826","-0.01532","0.000401","-0.00012","0","11.08","Humid","26.60","0","20.10","230941.69","SABD0002000011","AAV2.0.0.13","2.1.0.383","PSt7-10","171027-000","6/27/2018 9:55:33 AM","0000-00","0","no battery","V"
"08/23/2019","12:44:27","1","default","104940808","OXY1","8.444","min","172.978","μmol/L","Humid","21.177","deg","91897","µV","31.110","°C","1022.000","hPa","36.0","pmil","0","55.680","deg","20.000","°C","100.000","%a.s.","22.210","deg","20.000","°C","971.000","hPa","0.826","-0.01532","0.000401","-0.00012","0","11.08","Humid","26.60","0","20.10","230936.81","SABD0002000011","AAV2.0.0.13","2.1.0.383","PSt7-10","171027-000","6/27/2018 9:55:33 AM","0000-00","0","no battery","V"
"08/23/2019","12:44:28","1","default","104940808","OXY1","8.461","min","172.994","μmol/L","Humid","21.176","deg","91894","µV","31.110","°C","1022.000","hPa","36.0","pmil","0","55.680","deg","20.000","°C","100.000","%a.s.","22.210","deg","20.000","°C","971.000","hPa","0.826","-0.01532","0.000401","-0.00012","0","11.08","Humid","26.60","0","20.10","230943.87","SABD0002000011","AAV2.0.0.13","2.1.0.383","PSt7-10","171027-000","6/27/2018 9:55:33 AM","0000-00","0","no battery","V"
"08/23/2019","12:44:29","1","default","104940808","OXY1","8.477","min","172.997","μmol/L","Humid","21.178","deg","91891","µV","31.104","°C","1022.000","hPa","36.0","pmil","0","55.680","deg","20.000","°C","100.000","%a.s.","22.210","deg","20.000","°C","971.000","hPa","0.826","-0.01532","0.000401","-0.00012","0","11.08","Humid","26.60","0","20.10","230924.00","SABD0002000011","AAV2.0.0.13","2.1.0.383","PSt7-10","171027-000","6/27/2018 9:55:33 AM","0000-00","0","no battery","V"
"08/23/2019","12:44:30","1","default","104940808","OXY1","8.493","min","172.975","μmol/L","Humid","21.175","deg","91895","µV","31.116","°C","1022.000","hPa","36.0","pmil","0","55.680","deg","20.000","°C","100.000","%a.s.","22.210","deg","20.000","°C","971.000","hPa","0.826","-0.01532","0.000401","-0.00012","0","11.08","Humid","26.60","0","20.10","230922.49","SABD0002000011","AAV2.0.0.13","2.1.0.383","PSt7-10","171027-000","6/27/2018 9:55:33 AM","0000-00","0","no battery","V"
"08/23/2019","12:44:31","1","default","104940808","OXY1","8.510","min","172.868","μmol/L","Humid","21.182","deg","91892","µV","31.116","°C","1022.000","hPa","36.0","pmil","0","55.680","deg","20.000","°C","100.000","%a.s.","22.210","deg","20.000","°C","971.000","hPa","0.826","-0.01532","0.000401","-0.00012","0","11.08","Humid","26.60","0","20.10","230932.48","SABD0002000011","AAV2.0.0.13","2.1.0.383","PSt7-10","171027-000","6/27/2018 9:55:33 AM","0000-00","0","no battery","V"
"08/23/2019","12:44:32","1","default","104940808","OXY1","8.527","min","173.040","μmol/L","Humid","21.173","deg","91894","µV","31.110","°C","1022.000","hPa","36.0","pmil","0","55.680","deg","20.000","°C","100.000","%a.s.","22.210","deg","20.000","°C","971.000","hPa","0.826","-0.01532","0.000401","-0.00012","0","11.08","Humid","26.60","0","20.10","230923.69","SABD0002000011","AAV2.0.0.13","2.1.0.383","PSt7-10","171027-000","6/27/2018 9:55:33 AM","0000-00","0","no battery","V"
"08/23/2019","12:44:33","1","default","104940808","OXY1","8.544","min","172.963","μmol/L","Humid","21.178","deg","91893","µV","31.110","°C","1022.000","hPa","36.0","pmil","0","55.680","deg","20.000","°C","100.000","%a.s.","22.210","deg","20.000","°C","971.000","hPa","0.826","-0.01532","0.000401","-0.00012","0","11.08","Humid","26.60","0","20.10","230921.86","SABD0002000011","AAV2.0.0.13","2.1.0.383","PSt7-10","171027-000","6/27/2018 9:55:33 AM","0000-00","0","no battery","V"
"08/23/2019","12:44:34","1","default","104940808","OXY1","8.560","min","172.963","μmol/L","Humid","21.178","deg","91892","µV","31.110","°C","1022.000","hPa","36.0","pmil","0","55.680","deg","20.000","°C","100.000","%a.s.","22.210","deg","20.000","°C","971.000","hPa","0.826","-0.01532","0.000401","-0.00012","0","11.08","Humid","26.60","0","20.10","230925.46","SABD0002000011","AAV2.0.0.13","2.1.0.383","PSt7-10","171027-000","6/27/2018 9:55:33 AM","0000-00","0","no battery","V"
"08/23/2019","12:44:35","1","default","104940808","OXY1","8.577","min","172.948","μmol/L","Humid","21.179","deg","91881","µV","31.110","°C","1022.000","hPa","36.0","pmil","0","55.680","deg","20.000","°C","100.000","%a.s.","22.210","deg","20.000","°C","971.000","hPa","0.826","-0.01532","0.000401","-0.00012","0","11.08","Humid","26.60","0","20.10","230927.19","SABD0002000011","AAV2.0.0.13","2.1.0.383","PSt7-10","171027-000","6/27/2018 9:55:33 AM","0000-00","0","no battery","V"
"08/23/2019","12:44:36","1","default","104940808","OXY1","8.594","min","173.024","μmol/L","Humid","21.174","deg","91882","µV","31.110","°C","1022.000","hPa","36.0","pmil","0","55.680","deg","20.000","°C","100.000","%a.s.","22.210","deg","20.000","°C","971.000","hPa","0.826","-0.01532","0.000401","-0.00012","0","11.08","Humid","26.60","0","20.10","230923.03","SABD0002000011","AAV2.0.0.13","2.1.0.383","PSt7-10","171027-000","6/27/2018 9:55:33 AM","0000-00","0","no battery","V"
"08/23/2019","12:44:37","1","default","104940808","OXY1","8.611","min","173.006","μmol/L","Humid","21.173","deg","91883","µV","31.116","°C","1022.000","hPa","36.0","pmil","0","55.680","deg","20.000","°C","100.000","%a.s.","22.210","deg","20.000","°C","971.000","hPa","0.826","-0.01532","0.000401","-0.00012","0","11.08","Humid","26.60","0","20.10","230934.51","SABD0002000011","AAV2.0.0.13","2.1.0.383","PSt7-10","171027-000","6/27/2018 9:55:33 AM","0000-00","0","no battery","V"
"08/23/2019","12:44:38","1","default","104940808","OXY1","8.627","min","172.914","μmol/L","Humid","21.179","deg","91880","µV","31.116","°C","1022.000","hPa","36.0","pmil","0","55.680","deg","20.000","°C","100.000","%a.s.","22.210","deg","20.000","°C","971.000","hPa","0.826","-0.01532","0.000401","-0.00012","0","11.08","Humid","26.60","0","20.10","230937.10","SABD0002000011","AAV2.0.0.13","2.1.0.383","PSt7-10","171027-000","6/27/2018 9:55:33 AM","0000-00","0","no battery","V"
"08/23/2019","12:44:39","1","default","104940808","OXY1","8.643","min","173.024","μmol/L","Humid","21.174","deg","91869","µV","31.110","°C","1022.000","hPa","36.0","pmil","0","55.680","deg","20.000","°C","100.000","%a.s.","22.210","deg","20.000","°C","971.000","hPa","0.826","-0.01532","0.000401","-0.00012","0","11.08","Humid","26.60","0","20.10","230935.10","SABD0002000011","AAV2.0.0.13","2.1.0.383","PSt7-10","171027-000","6/27/2018 9:55:33 AM","0000-00","0","no battery","V"
"08/23/2019","12:44:40","1","default","104940808","OXY1","8.660","min","172.990","μmol/L","Humid","21.174","deg","91882","µV","31.116","°C","1022.000","hPa","36.0","pmil","0","55.680","deg","20.000","°C","100.000","%a.s.","22.210","deg","20.000","°C","971.000","hPa","0.826","-0.01532","0.000401","-0.00012","0","11.08","Humid","26.60","0","20.10","230929.45","SABD0002000011","AAV2.0.0.13","2.1.0.383","PSt7-10","171027-000","6/27/2018 9:55:33 AM","0000-00","0","no battery","V"
"08/23/2019","12:44:41","1","default","104940808","OXY1","8.677","min","172.994","μmol/L","Humid","21.176","deg","91879","µV","31.110","°C","1022.000","hPa","36.0","pmil","0","55.680","deg","20.000","°C","100.000","%a.s.","22.210","deg","20.000","°C","971.000","hPa","0.826","-0.01532","0.000401","-0.00012","0","11.08","Humid","26.60","0","20.10","230922.50","SABD0002000011","AAV2.0.0.13","2.1.0.383","PSt7-10","171027-000","6/27/2018 9:55:33 AM","0000-00","0","no battery","V"
"08/23/2019","12:44:42","1","default","104940808","OXY1","8.694","min","173.040","μmol/L","Humid","21.173","deg","91883","µV","31.110","°C","1022.000","hPa","36.0","pmil","0","55.680","deg","20.000","°C","100.000","%a.s.","22.210","deg","20.000","°C","971.000","hPa","0.826","-0.01532","0.000401","-0.00012","0","11.08","Humid","26.60","0","20.10","230929.26","SABD0002000011","AAV2.0.0.13","2.1.0.383","PSt7-10","171027-000","6/27/2018 9:55:33 AM","0000-00","0","no battery","V"
"08/23/2019","12:44:43","1","default","104940808","OXY1","8.710","min","173.043","μmol/L","Humid","21.175","deg","91874","µV","31.104","°C","1022.000","hPa","36.0","pmil","0","55.680","deg","20.000","°C","100.000","%a.s.","22.210","deg","20.000","°C","971.000","hPa","0.826","-0.01532","0.000401","-0.00012","0","11.08","Humid","26.60","0","20.10","230924.70","SABD0002000011","AAV2.0.0.13","2.1.0.383","PSt7-10","171027-000","6/27/2018 9:55:33 AM","0000-00","0","no battery","V"
"08/23/2019","12:44:44","1","default","104940808","OXY1","8.727","min","173.024","μmol/L","Humid","21.174","deg","91870","µV","31.110","°C","1022.000","hPa","36.0","pmil","0","55.680","deg","20.000","°C","100.000","%a.s.","22.210","deg","20.000","°C","971.000","hPa","0.826","-0.01532","0.000401","-0.00012","0","11.08","Humid","26.60","0","20.10","230914.06","SABD0002000011","AAV2.0.0.13","2.1.0.383","PSt7-10","171027-000","6/27/2018 9:55:33 AM","0000-00","0","no battery","V"
"08/23/2019","12:44:45","1","default","104940808","OXY1","8.744","min","173.009","μmol/L","Humid","21.175","deg","91878","µV","31.110","°C","1022.000","hPa","36.0","pmil","0","55.680","deg","20.000","°C","100.000","%a.s.","22.210","deg","20.000","°C","971.000","hPa","0.826","-0.01532","0.000401","-0.00012","0","11.08","Humid","26.60","0","20.10","230926.89","SABD0002000011","AAV2.0.0.13","2.1.0.383","PSt7-10","171027-000","6/27/2018 9:55:33 AM","0000-00","0","no battery","V"
"08/23/2019","12:44:46","1","default","104940808","OXY1","8.761","min","173.009","μmol/L","Humid","21.175","deg","91876","µV","31.110","°C","1022.000","hPa","36.0","pmil","0","55.680","deg","20.000","°C","100.000","%a.s.","22.210","deg","20.000","°C","971.000","hPa","0.826","-0.01532","0.000401","-0.00012","0","11.08","Humid","26.60","0","20.10","230918.08","SABD0002000011","AAV2.0.0.13","2.1.0.383","PSt7-10","171027-000","6/27/2018 9:55:33 AM","0000-00","0","no battery","V"
"08/23/2019","12:44:47","1","default","104940808","OXY1","8.777","min","173.024","μmol/L","Humid","21.174","deg","91866","µV","31.110","°C","1022.000","hPa","36.0","pmil","0","55.680","deg","20.000","°C","100.000","%a.s.","22.210","deg","20.000","°C","971.000","hPa","0.826","-0.01532","0.000401","-0.00012","0","11.08","Humid","26.60","0","20.10","230918.43","SABD0002000011","AAV2.0.0.13","2.1.0.383","PSt7-10","171027-000","6/27/2018 9:55:33 AM","0000-00","0","no battery","V"
"08/23/2019","12:44:48","1","default","104940808","OXY1","8.793","min","172.963","μmol/L","Humid","21.178","deg","91870","µV","31.110","°C","1022.000","hPa","36.0","pmil","0","55.680","deg","20.000","°C","100.000","%a.s.","22.210","deg","20.000","°C","971.000","hPa","0.826","-0.01532","0.000401","-0.00012","0","11.08","Humid","26.60","0","20.10","230911.43","SABD0002000011","AAV2.0.0.13","2.1.0.383","PSt7-10","171027-000","6/27/2018 9:55:33 AM","0000-00","0","no battery","V"
"08/23/2019","12:44:49","1","default","104940808","OXY1","8.810","min","173.009","μmol/L","Humid","21.175","deg","91877","µV","31.110","°C","1022.000","hPa","36.0","pmil","0","55.680","deg","20.000","°C","100.000","%a.s.","22.210","deg","20.000","°C","971.000","hPa","0.826","-0.01532","0.000401","-0.00012","0","11.08","Humid","26.60","0","20.10","230906.27","SABD0002000011","AAV2.0.0.13","2.1.0.383","PSt7-10","171027-000","6/27/2018 9:55:33 AM","0000-00","0","no battery","V"
"08/23/2019","12:44:50","1","default","104940808","OXY1","8.827","min","172.963","μmol/L","Humid","21.178","deg","91875","µV","31.110","°C","1022.000","hPa","36.0","pmil","0","55.680","deg","20.000","°C","100.000","%a.s.","22.210","deg","20.000","°C","971.000","hPa","0.826","-0.01532","0.000401","-0.00012","0","11.08","Humid","26.60","0","20.10","230907.06","SABD0002000011","AAV2.0.0.13","2.1.0.383","PSt7-10","171027-000","6/27/2018 9:55:33 AM","0000-00","0","no battery","V"
"08/23/2019","12:44:51","1","default","104940808","OXY1","8.844","min","173.058","μmol/L","Humid","21.174","deg","91875","µV","31.104","°C","1022.000","hPa","36.0","pmil","0","55.680","deg","20.000","°C","100.000","%a.s.","22.210","deg","20.000","°C","971.000","hPa","0.826","-0.01532","0.000401","-0.00012","0","11.08","Humid","26.60","0","20.10","230902.68","SABD0002000011","AAV2.0.0.13","2.1.0.383","PSt7-10","171027-000","6/27/2018 9:55:33 AM","0000-00","0","no battery","V"
"08/23/2019","12:44:52","1","default","104940808","OXY1","8.860","min","172.905","μmol/L","Humid","21.184","deg","91872","µV","31.104","°C","1022.000","hPa","36.0","pmil","0","55.680","deg","20.000","°C","100.000","%a.s.","22.210","deg","20.000","°C","971.000","hPa","0.826","-0.01532","0.000401","-0.00012","0","11.08","Humid","26.60","0","20.10","230901.35","SABD0002000011","AAV2.0.0.13","2.1.0.383","PSt7-10","171027-000","6/27/2018 9:55:33 AM","0000-00","0","no battery","V"
"08/23/2019","12:44:53","1","default","104940808","OXY1","8.877","min","172.975","μmol/L","Humid","21.175","deg","91868","µV","31.116","°C","1022.000","hPa","36.0","pmil","0","55.680","deg","20.000","°C","100.000","%a.s.","22.210","deg","20.000","°C","971.000","hPa","0.826","-0.01532","0.000401","-0.00012","0","11.08","Humid","26.60","0","20.10","230911.23","SABD0002000011","AAV2.0.0.13","2.1.0.383","PSt7-10","171027-000","6/27/2018 9:55:33 AM","0000-00","0","no battery","V"
"08/23/2019","12:44:54","1","default","104940808","OXY1","8.894","min","173.050","μmol/L","Humid","21.174","deg","91872","µV","31.104","°C","1021.000","hPa","36.0","pmil","0","55.680","deg","20.000","°C","100.000","%a.s.","22.210","deg","20.000","°C","971.000","hPa","0.826","-0.01532","0.000401","-0.00012","0","11.08","Humid","26.60","0","20.10","230902.63","SABD0002000011","AAV2.0.0.13","2.1.0.383","PSt7-10","171027-000","6/27/2018 9:55:33 AM","0000-00","0","no battery","V"
"08/23/2019","12:44:55","1","default","104940808","OXY1","8.910","min","172.894","μmol/L","Humid","21.182","deg","91870","µV","31.110","°C","1021.000","hPa","36.0","pmil","0","55.680","deg","20.000","°C","100.000","%a.s.","22.210","deg","20.000","°C","971.000","hPa","0.826","-0.01532","0.000401","-0.00012","0","11.08","Humid","26.60","0","20.10","230889.26","SABD0002000011","AAV2.0.0.13","2.1.0.383","PSt7-10","171027-000","6/27/2018 9:55:33 AM","0000-00","0","no battery","V"
"08/23/2019","12:44:56","1","default","104940808","OXY1","8.927","min","172.948","μmol/L","Humid","21.179","deg","91873","µV","31.110","°C","1022.000","hPa","36.0","pmil","0","55.680","deg","20.000","°C","100.000","%a.s.","22.210","deg","20.000","°C","971.000","hPa","0.826","-0.01532","0.000401","-0.00012","0","11.08","Humid","26.60","0","20.10","230889.75","SABD0002000011","AAV2.0.0.13","2.1.0.383","PSt7-10","171027-000","6/27/2018 9:55:33 AM","0000-00","0","no battery","V"
"08/23/2019","12:44:57","1","default","104940808","OXY1","8.944","min","172.963","μmol/L","Humid","21.178","deg","91878","µV","31.110","°C","1022.000","hPa","36.0","pmil","0","55.680","deg","20.000","°C","100.000","%a.s.","22.210","deg","20.000","°C","971.000","hPa","0.826","-0.01532","0.000401","-0.00012","0","11.08","Humid","26.60","0","20.10","230898.47","SABD0002000011","AAV2.0.0.13","2.1.0.383","PSt7-10","171027-000","6/27/2018 9:55:33 AM","0000-00","0","no battery","V"
"08/23/2019","12:44:58","1","default","104940808","OXY1","8.961","min","172.936","μmol/L","Humid","21.177","deg","91876","µV","31.116","°C","1021.000","hPa","36.0","pmil","0","55.680","deg","20.000","°C","100.000","%a.s.","22.210","deg","20.000","°C","971.000","hPa","0.826","-0.01532","0.000401","-0.00012","0","11.08","Humid","26.60","0","20.10","230893.84","SABD0002000011","AAV2.0.0.13","2.1.0.383","PSt7-10","171027-000","6/27/2018 9:55:33 AM","0000-00","0","no battery","V"
"08/23/2019","12:44:59","1","default","104940808","OXY1","8.977","min","172.883","μmol/L","Humid","21.181","deg","91874","µV","31.116","°C","1022.000","hPa","36.0","pmil","0","55.680","deg","20.000","°C","100.000","%a.s.","22.210","deg","20.000","°C","971.000","hPa","0.826","-0.01532","0.000401","-0.00012","0","11.08","Humid","26.60","0","20.10","230904.66","SABD0002000011","AAV2.0.0.13","2.1.0.383","PSt7-10","171027-000","6/27/2018 9:55:33 AM","0000-00","0","no battery","V"
"08/23/2019","12:45:00","1","default","104940808","OXY1","8.994","min","172.849","μmol/L","Humid","21.181","deg","91871","µV","31.122","°C","1022.000","hPa","36.0","pmil","0","55.680","deg","20.000","°C","100.000","%a.s.","22.210","deg","20.000","°C","971.000","hPa","0.826","-0.01532","0.000401","-0.00012","0","11.08","Humid","26.60","0","20.10","230901.76","SABD0002000011","AAV2.0.0.13","2.1.0.383","PSt7-10","171027-000","6/27/2018 9:55:33 AM","0000-00","0","no battery","V"
"08/23/2019","12:45:01","1","default","104940808","OXY1","9.011","min","172.994","μmol/L","Humid","21.176","deg","91867","µV","31.110","°C","1022.000","hPa","36.0","pmil","0","55.680","deg","20.000","°C","100.000","%a.s.","22.210","deg","20.000","°C","971.000","hPa","0.826","-0.01532","0.000401","-0.00012","0","11.08","Humid","26.60","0","20.10","230891.59","SABD0002000011","AAV2.0.0.13","2.1.0.383","PSt7-10","171027-000","6/27/2018 9:55:33 AM","0000-00","0","no battery","V"
"08/23/2019","12:45:02","1","default","104940808","OXY1","9.027","min","172.963","μmol/L","Humid","21.178","deg","91870","µV","31.110","°C","1022.000","hPa","36.0","pmil","0","55.680","deg","20.000","°C","100.000","%a.s.","22.210","deg","20.000","°C","971.000","hPa","0.826","-0.01532","0.000401","-0.00012","0","11.08","Humid","26.60","0","20.10","230891.09","SABD0002000011","AAV2.0.0.13","2.1.0.383","PSt7-10","171027-000","6/27/2018 9:55:33 AM","0000-00","0","no battery","V"
"08/23/2019","12:45:03","1","default","104940808","OXY1","9.044","min","172.978","μmol/L","Humid","21.177","deg","91869","µV","31.110","°C","1022.000","hPa","36.0","pmil","0","55.680","deg","20.000","°C","100.000","%a.s.","22.210","deg","20.000","°C","971.000","hPa","0.826","-0.01532","0.000401","-0.00012","0","11.08","Humid","26.60","0","20.10","230889.48","SABD0002000011","AAV2.0.0.13","2.1.0.383","PSt7-10","171027-000","6/27/2018 9:55:33 AM","0000-00","0","no battery","V"
"08/23/2019","12:45:04","1","default","104940808","OXY1","9.060","min","172.997","μmol/L","Humid","21.178","deg","91880","µV","31.104","°C","1022.000","hPa","36.0","pmil","0","55.680","deg","20.000","°C","100.000","%a.s.","22.210","deg","20.000","°C","971.000","hPa","0.826","-0.01532","0.000401","-0.00012","0","11.08","Humid","26.60","0","20.10","230900.21","SABD0002000011","AAV2.0.0.13","2.1.0.383","PSt7-10","171027-000","6/27/2018 9:55:33 AM","0000-00","0","no battery","V"
"08/23/2019","12:45:05","1","default","104940808","OXY1","9.077","min","172.978","μmol/L","Humid","21.177","deg","91864","µV","31.110","°C","1022.000","hPa","36.0","pmil","0","55.680","deg","20.000","°C","100.000","%a.s.","22.210","deg","20.000","°C","971.000","hPa","0.826","-0.01532","0.000401","-0.00012","0","11.08","Humid","26.60","0","20.10","230897.01","SABD0002000011","AAV2.0.0.13","2.1.0.383","PSt7-10","171027-000","6/27/2018 9:55:33 AM","0000-00","0","no battery","V"
"08/23/2019","12:45:06","1","default","104940808","OXY1","9.093","min","172.944","μmol/L","Humid","21.177","deg","91875","µV","31.116","°C","1022.000","hPa","36.0","pmil","0","55.680","deg","20.000","°C","100.000","%a.s.","22.210","deg","20.000","°C","971.000","hPa","0.826","-0.01532","0.000401","-0.00012","0","11.08","Humid","26.60","0","20.10","230889.50","SABD0002000011","AAV2.0.0.13","2.1.0.383","PSt7-10","171027-000","6/27/2018 9:55:33 AM","0000-00","0","no battery","V"
"08/23/2019","12:45:07","1","default","104940808","OXY1","9.110","min","173.012","μmol/L","Humid","21.177","deg","91873","µV","31.104","°C","1022.000","hPa","36.0","pmil","0","55.680","deg","20.000","°C","100.000","%a.s.","22.210","deg","20.000","°C","971.000","hPa","0.826","-0.01532","0.000401","-0.00012","0","11.08","Humid","26.60","0","20.10","230893.34","SABD0002000011","AAV2.0.0.13","2.1.0.383","PSt7-10","171027-000","6/27/2018 9:55:33 AM","0000-00","0","no battery","V"
"08/23/2019","12:45:08","1","default","104940808","OXY1","9.127","min","172.871","μmol/L","Humid","21.184","deg","91873","µV","31.110","°C","1022.000","hPa","36.0","pmil","0","55.680","deg","20.000","°C","100.000","%a.s.","22.210","deg","20.000","°C","971.000","hPa","0.826","-0.01532","0.000401","-0.00012","0","11.08","Humid","26.60","0","20.10","230881.10","SABD0002000011","AAV2.0.0.13","2.1.0.383","PSt7-10","171027-000","6/27/2018 9:55:33 AM","0000-00","0","no battery","V"
"08/23/2019","12:45:09","1","default","104940808","OXY1","9.144","min","172.963","μmol/L","Humid","21.178","deg","91872","µV","31.110","°C","1022.000","hPa","36.0","pmil","0","55.680","deg","20.000","°C","100.000","%a.s.","22.210","deg","20.000","°C","971.000","hPa","0.826","-0.01532","0.000401","-0.00012","0","11.08","Humid","26.60","0","20.10","230886.00","SABD0002000011","AAV2.0.0.13","2.1.0.383","PSt7-10","171027-000","6/27/2018 9:55:33 AM","0000-00","0","no battery","V"
"08/23/2019","12:45:10","1","default","104940808","OXY1","9.161","min","172.883","μmol/L","Humid","21.181","deg","91873","µV","31.116","°C","1022.000","hPa","36.0","pmil","0","55.680","deg","20.000","°C","100.000","%a.s.","22.210","deg","20.000","°C","971.000","hPa","0.826","-0.01532","0.000401","-0.00012","0","11.08","Humid","26.60","0","20.10","230884.32","SABD0002000011","AAV2.0.0.13","2.1.0.383","PSt7-10","171027-000","6/27/2018 9:55:33 AM","0000-00","0","no battery","V"
"08/23/2019","12:45:11","1","default","104940808","OXY1","9.177","min","172.932","μmol/L","Humid","21.180","deg","91863","µV","31.110","°C","1022.000","hPa","36.0","pmil","0","55.680","deg","20.000","°C","100.000","%a.s.","22.210","deg","20.000","°C","971.000","hPa","0.826","-0.01532","0.000401","-0.00012","0","11.08","Humid","26.60","0","20.10","230886.45","SABD0002000011","AAV2.0.0.13","2.1.0.383","PSt7-10","171027-000","6/27/2018 9:55:33 AM","0000-00","0","no battery","V"
"08/23/2019","12:45:12","1","default","104940808","OXY1","9.194","min","173.043","μmol/L","Humid","21.175","deg","91872","µV","31.104","°C","1022.000","hPa","36.0","pmil","0","55.680","deg","20.000","°C","100.000","%a.s.","22.210","deg","20.000","°C","971.000","hPa","0.826","-0.01532","0.000401","-0.00012","0","11.08","Humid","26.60","0","20.10","230881.83","SABD0002000011","AAV2.0.0.13","2.1.0.383","PSt7-10","171027-000","6/27/2018 9:55:33 AM","0000-00","0","no battery","V"
"08/23/2019","12:45:13","1","default","104940808","OXY1","9.210","min","172.978","μmol/L","Humid","21.177","deg","91884","µV","31.110","°C","1022.000","hPa","36.0","pmil","0","55.680","deg","20.000","°C","100.000","%a.s.","22.210","deg","20.000","°C","971.000","hPa","0.826","-0.01532","0.000401","-0.00012","0","11.08","Humid","26.60","0","20.10","230878.94","SABD0002000011","AAV2.0.0.13","2.1.0.383","PSt7-10","171027-000","6/27/2018 9:55:33 AM","0000-00","0","no battery","V"
"08/23/2019","12:45:14","1","default","104940808","OXY1","9.227","min","172.855","μmol/L","Humid","21.185","deg","91877","µV","31.110","°C","1022.000","hPa","36.0","pmil","0","55.680","deg","20.000","°C","100.000","%a.s.","22.210","deg","20.000","°C","971.000","hPa","0.826","-0.01532","0.000401","-0.00012","0","11.08","Humid","26.60","0","20.10","230885.22","SABD0002000011","AAV2.0.0.13","2.1.0.383","PSt7-10","171027-000","6/27/2018 9:55:33 AM","0000-00","0","no battery","V"
"08/23/2019","12:45:15","1","default","104940808","OXY1","9.243","min","172.997","μmol/L","Humid","21.178","deg","91873","µV","31.104","°C","1022.000","hPa","36.0","pmil","0","55.680","deg","20.000","°C","100.000","%a.s.","22.210","deg","20.000","°C","971.000","hPa","0.826","-0.01532","0.000401","-0.00012","0","11.08","Humid","26.60","0","20.10","230874.03","SABD0002000011","AAV2.0.0.13","2.1.0.383","PSt7-10","171027-000","6/27/2018 9:55:33 AM","0000-00","0","no battery","V"
"08/23/2019","12:45:16","1","default","104940808","OXY1","9.260","min","172.981","μmol/L","Humid","21.179","deg","91877","µV","31.104","°C","1022.000","hPa","36.0","pmil","0","55.680","deg","20.000","°C","100.000","%a.s.","22.210","deg","20.000","°C","971.000","hPa","0.826","-0.01532","0.000401","-0.00012","0","11.08","Humid","26.60","0","20.10","230868.90","SABD0002000011","AAV2.0.0.13","2.1.0.383","PSt7-10","171027-000","6/27/2018 9:55:33 AM","0000-00","0","no battery","V"
"08/23/2019","12:45:17","1","default","104940808","OXY1","9.277","min","173.004","μmol/L","Humid","21.177","deg","91866","µV","31.104","°C","1021.000","hPa","36.0","pmil","0","55.680","deg","20.000","°C","100.000","%a.s.","22.210","deg","20.000","°C","971.000","hPa","0.826","-0.01532","0.000401","-0.00012","0","11.08","Humid","26.60","0","20.10","230873.43","SABD0002000011","AAV2.0.0.13","2.1.0.383","PSt7-10","171027-000","6/27/2018 9:55:33 AM","0000-00","0","no battery","V"
"08/23/2019","12:45:18","1","default","104940808","OXY1","9.294","min","172.874","μmol/L","Humid","21.186","deg","91863","µV","31.104","°C","1022.000","hPa","36.0","pmil","0","55.680","deg","20.000","°C","100.000","%a.s.","22.210","deg","20.000","°C","971.000","hPa","0.826","-0.01532","0.000401","-0.00012","0","11.08","Humid","26.60","0","20.10","230871.04","SABD0002000011","AAV2.0.0.13","2.1.0.383","PSt7-10","171027-000","6/27/2018 9:55:33 AM","0000-00","0","no battery","V"
"08/23/2019","12:45:19","1","default","104940808","OXY1","9.311","min","172.935","μmol/L","Humid","21.182","deg","91865","µV","31.104","°C","1022.000","hPa","36.0","pmil","0","55.680","deg","20.000","°C","100.000","%a.s.","22.210","deg","20.000","°C","971.000","hPa","0.826","-0.01532","0.000401","-0.00012","0","11.08","Humid","26.60","0","20.10","230872.85","SABD0002000011","AAV2.0.0.13","2.1.0.383","PSt7-10","171027-000","6/27/2018 9:55:33 AM","0000-00","0","no battery","V"
"08/23/2019","12:45:20","1","default","104940808","OXY1","9.327","min","172.932","μmol/L","Humid","21.180","deg","91867","µV","31.110","°C","1022.000","hPa","36.0","pmil","0","55.680","deg","20.000","°C","100.000","%a.s.","22.210","deg","20.000","°C","971.000","hPa","0.826","-0.01532","0.000401","-0.00012","0","11.08","Humid","26.60","0","20.10","230876.01","SABD0002000011","AAV2.0.0.13","2.1.0.383","PSt7-10","171027-000","6/27/2018 9:55:33 AM","0000-00","0","no battery","V"
"08/23/2019","12:45:21","1","default","104940808","OXY1","9.343","min","172.981","μmol/L","Humid","21.179","deg","91859","µV","31.104","°C","1022.000","hPa","36.0","pmil","0","55.680","deg","20.000","°C","100.000","%a.s.","22.210","deg","20.000","°C","971.000","hPa","0.826","-0.01532","0.000401","-0.00012","0","11.08","Humid","26.60","0","20.10","230862.07","SABD0002000011","AAV2.0.0.13","2.1.0.383","PSt7-10","171027-000","6/27/2018 9:55:33 AM","0000-00","0","no battery","V"
"08/23/2019","12:45:22","1","default","104940808","OXY1","9.360","min","172.948","μmol/L","Humid","21.179","deg","91864","µV","31.110","°C","1022.000","hPa","36.0","pmil","0","55.680","deg","20.000","°C","100.000","%a.s.","22.210","deg","20.000","°C","971.000","hPa","0.826","-0.01532","0.000401","-0.00012","0","11.08","Humid","26.60","0","20.10","230883.45","SABD0002000011","AAV2.0.0.13","2.1.0.383","PSt7-10","171027-000","6/27/2018 9:55:33 AM","0000-00","0","no battery","V"
"08/23/2019","12:45:23","1","default","104940808","OXY1","9.377","min","172.940","μmol/L","Humid","21.179","deg","91863","µV","31.110","°C","1021.000","hPa","36.0","pmil","0","55.680","deg","20.000","°C","100.000","%a.s.","22.210","deg","20.000","°C","971.000","hPa","0.826","-0.01532","0.000401","-0.00012","0","11.08","Humid","26.60","0","20.10","230873.17","SABD0002000011","AAV2.0.0.13","2.1.0.383","PSt7-10","171027-000","6/27/2018 9:55:33 AM","0000-00","0","no battery","V"
"08/23/2019","12:45:24","1","default","104940808","OXY1","9.394","min","173.024","μmol/L","Humid","21.174","deg","91865","µV","31.110","°C","1022.000","hPa","36.0","pmil","0","55.680","deg","20.000","°C","100.000","%a.s.","22.210","deg","20.000","°C","971.000","hPa","0.826","-0.01532","0.000401","-0.00012","0","11.08","Humid","26.60","0","20.10","230866.78","SABD0002000011","AAV2.0.0.13","2.1.0.383","PSt7-10","171027-000","6/27/2018 9:55:33 AM","0000-00","0","no battery","V"
"08/23/2019","12:45:25","1","default","104940808","OXY1","9.410","min","172.978","μmol/L","Humid","21.177","deg","91855","µV","31.110","°C","1022.000","hPa","36.0","pmil","0","55.680","deg","20.000","°C","100.000","%a.s.","22.210","deg","20.000","°C","971.000","hPa","0.826","-0.01532","0.000401","-0.00012","0","11.08","Humid","26.60","0","20.10","230864.82","SABD0002000011","AAV2.0.0.13","2.1.0.383","PSt7-10","171027-000","6/27/2018 9:55:33 AM","0000-00","0","no battery","V"
"08/23/2019","12:45:26","1","default","104940808","OXY1","9.427","min","172.901","μmol/L","Humid","21.182","deg","91865","µV","31.110","°C","1022.000","hPa","36.0","pmil","0","55.680","deg","20.000","°C","100.000","%a.s.","22.210","deg","20.000","°C","971.000","hPa","0.826","-0.01532","0.000401","-0.00012","0","11.08","Humid","26.60","0","20.10","230875.07","SABD0002000011","AAV2.0.0.13","2.1.0.383","PSt7-10","171027-000","6/27/2018 9:55:33 AM","0000-00","0","no battery","V"
"08/23/2019","12:45:27","1","default","104940808","OXY1","9.444","min","172.924","μmol/L","Humid","21.180","deg","91863","µV","31.110","°C","1021.000","hPa","36.0","pmil","0","55.680","deg","20.000","°C","100.000","%a.s.","22.210","deg","20.000","°C","971.000","hPa","0.826","-0.01532","0.000401","-0.00012","0","11.08","Humid","26.60","0","20.10","230863.09","SABD0002000011","AAV2.0.0.13","2.1.0.383","PSt7-10","171027-000","6/27/2018 9:55:33 AM","0000-00","0","no battery","V"
"08/23/2019","12:45:28","1","default","104940808","OXY1","9.461","min","172.929","μmol/L","Humid","21.178","deg","91860","µV","31.116","°C","1022.000","hPa","36.0","pmil","0","55.680","deg","20.000","°C","100.000","%a.s.","22.210","deg","20.000","°C","971.000","hPa","0.826","-0.01532","0.000401","-0.00012","0","11.08","Humid","26.60","0","20.10","230862.33","SABD0002000011","AAV2.0.0.13","2.1.0.383","PSt7-10","171027-000","6/27/2018 9:55:33 AM","0000-00","0","no battery","V"
"08/23/2019","12:45:29","1","default","104940808","OXY1","9.477","min","172.994","μmol/L","Humid","21.176","deg","91861","µV","31.110","°C","1022.000","hPa","36.0","pmil","0","55.680","deg","20.000","°C","100.000","%a.s.","22.210","deg","20.000","°C","971.000","hPa","0.826","-0.01532","0.000401","-0.00012","0","11.08","Humid","26.60","0","20.10","230858.21","SABD0002000011","AAV2.0.0.13","2.1.0.383","PSt7-10","171027-000","6/27/2018 9:55:33 AM","0000-00","0","no battery","V"
"08/23/2019","12:45:30","1","default","104940808","OXY1","9.493","min","172.944","μmol/L","Humid","21.177","deg","91856","µV","31.116","°C","1022.000","hPa","36.0","pmil","0","55.680","deg","20.000","°C","100.000","%a.s.","22.210","deg","20.000","°C","971.000","hPa","0.826","-0.01532","0.000401","-0.00012","0","11.08","Humid","26.60","0","20.10","230856.62","SABD0002000011","AAV2.0.0.13","2.1.0.383","PSt7-10","171027-000","6/27/2018 9:55:33 AM","0000-00","0","no battery","V"
"08/23/2019","12:45:31","1","default","104940808","OXY1","9.510","min","172.898","μmol/L","Humid","21.180","deg","91859","µV","31.116","°C","1022.000","hPa","36.0","pmil","0","55.680","deg","20.000","°C","100.000","%a.s.","22.210","deg","20.000","°C","971.000","hPa","0.826","-0.01532","0.000401","-0.00012","0","11.08","Humid","26.60","0","20.10","230858.91","SABD0002000011","AAV2.0.0.13","2.1.0.383","PSt7-10","171027-000","6/27/2018 9:55:33 AM","0000-00","0","no battery","V"
"08/23/2019","12:45:32","1","default","104940808","OXY1","9.527","min","172.901","μmol/L","Humid","21.182","deg","91860","µV","31.110","°C","1022.000","hPa","36.0","pmil","0","55.680","deg","20.000","°C","100.000","%a.s.","22.210","deg","20.000","°C","971.000","hPa","0.826","-0.01532","0.000401","-0.00012","0","11.08","Humid","26.60","0","20.10","230861.80","SABD0002000011","AAV2.0.0.13","2.1.0.383","PSt7-10","171027-000","6/27/2018 9:55:33 AM","0000-00","0","no battery","V"
"08/23/2019","12:45:33","1","default","104940808","OXY1","9.544","min","172.852","μmol/L","Humid","21.183","deg","91861","µV","31.116","°C","1022.000","hPa","36.0","pmil","0","55.680","deg","20.000","°C","100.000","%a.s.","22.210","deg","20.000","°C","971.000","hPa","0.826","-0.01532","0.000401","-0.00012","0","11.08","Humid","26.60","0","20.10","230856.15","SABD0002000011","AAV2.0.0.13","2.1.0.383","PSt7-10","171027-000","6/27/2018 9:55:33 AM","0000-00","0","no battery","V"
"08/23/2019","12:45:34","1","default","104940808","OXY1","9.560","min","172.932","μmol/L","Humid","21.180","deg","91863","µV","31.110","°C","1022.000","hPa","36.0","pmil","0","55.680","deg","20.000","°C","100.000","%a.s.","22.210","deg","20.000","°C","971.000","hPa","0.826","-0.01532","0.000401","-0.00012","0","11.08","Humid","26.60","0","20.10","230859.46","SABD0002000011","AAV2.0.0.13","2.1.0.383","PSt7-10","171027-000","6/27/2018 9:55:33 AM","0000-00","0","no battery","V"
"08/23/2019","12:45:35","1","default","104940808","OXY1","9.577","min","172.868","μmol/L","Humid","21.182","deg","91862","µV","31.116","°C","1022.000","hPa","36.0","pmil","0","55.680","deg","20.000","°C","100.000","%a.s.","22.210","deg","20.000","°C","971.000","hPa","0.826","-0.01532","0.000401","-0.00012","0","11.08","Humid","26.60","0","20.10","230864.54","SABD0002000011","AAV2.0.0.13","2.1.0.383","PSt7-10","171027-000","6/27/2018 9:55:33 AM","0000-00","0","no battery","V"
"08/23/2019","12:45:36","1","default","104940808","OXY1","9.594","min","172.901","μmol/L","Humid","21.182","deg","91867","µV","31.110","°C","1022.000","hPa","36.0","pmil","0","55.680","deg","20.000","°C","100.000","%a.s.","22.210","deg","20.000","°C","971.000","hPa","0.826","-0.01532","0.000401","-0.00012","0","11.08","Humid","26.60","0","20.10","230869.36","SABD0002000011","AAV2.0.0.13","2.1.0.383","PSt7-10","171027-000","6/27/2018 9:55:33 AM","0000-00","0","no battery","V"
"08/23/2019","12:45:37","1","default","104940808","OXY1","9.611","min","172.901","μmol/L","Humid","21.182","deg","91859","µV","31.110","°C","1022.000","hPa","36.0","pmil","0","55.680","deg","20.000","°C","100.000","%a.s.","22.210","deg","20.000","°C","971.000","hPa","0.826","-0.01532","0.000401","-0.00012","0","11.08","Humid","26.60","0","20.10","230847.30","SABD0002000011","AAV2.0.0.13","2.1.0.383","PSt7-10","171027-000","6/27/2018 9:55:33 AM","0000-00","0","no battery","V"
"08/23/2019","12:45:38","1","default","104940808","OXY1","9.627","min","172.917","μmol/L","Humid","21.181","deg","91854","µV","31.110","°C","1022.000","hPa","36.0","pmil","0","55.680","deg","20.000","°C","100.000","%a.s.","22.210","deg","20.000","°C","971.000","hPa","0.826","-0.01532","0.000401","-0.00012","0","11.08","Humid","26.60","0","20.10","230848.02","SABD0002000011","AAV2.0.0.13","2.1.0.383","PSt7-10","171027-000","6/27/2018 9:55:33 AM","0000-00","0","no battery","V"
"08/23/2019","12:45:39","1","default","104940808","OXY1","9.643","min","172.901","μmol/L","Humid","21.182","deg","91859","µV","31.110","°C","1022.000","hPa","36.0","pmil","0","55.680","deg","20.000","°C","100.000","%a.s.","22.210","deg","20.000","°C","971.000","hPa","0.826","-0.01532","0.000401","-0.00012","0","11.08","Humid","26.60","0","20.10","230852.27","SABD0002000011","AAV2.0.0.13","2.1.0.383","PSt7-10","171027-000","6/27/2018 9:55:33 AM","0000-00","0","no battery","V"
"08/23/2019","12:45:40","1","default","104940808","OXY1","9.660","min","172.803","μmol/L","Humid","21.184","deg","91859","µV","31.122","°C","1022.000","hPa","36.0","pmil","0","55.680","deg","20.000","°C","100.000","%a.s.","22.210","deg","20.000","°C","971.000","hPa","0.826","-0.01532","0.000401","-0.00012","0","11.08","Humid","26.60","0","20.10","230844.39","SABD0002000011","AAV2.0.0.13","2.1.0.383","PSt7-10","171027-000","6/27/2018 9:55:33 AM","0000-00","0","no battery","V"
"08/23/2019","12:45:41","1","default","104940808","OXY1","9.677","min","172.806","μmol/L","Humid","21.186","deg","91864","µV","31.116","°C","1022.000","hPa","36.0","pmil","0","55.680","deg","20.000","°C","100.000","%a.s.","22.210","deg","20.000","°C","971.000","hPa","0.826","-0.01532","0.000401","-0.00012","0","11.08","Humid","26.60","0","20.10","230847.77","SABD0002000011","AAV2.0.0.13","2.1.0.383","PSt7-10","171027-000","6/27/2018 9:55:33 AM","0000-00","0","no battery","V"
"08/23/2019","12:45:42","1","default","104940808","OXY1","9.694","min","172.852","μmol/L","Humid","21.183","deg","91858","µV","31.116","°C","1022.000","hPa","36.0","pmil","0","55.680","deg","20.000","°C","100.000","%a.s.","22.210","deg","20.000","°C","971.000","hPa","0.826","-0.01532","0.000401","-0.00012","0","11.08","Humid","26.60","0","20.10","230853.31","SABD0002000011","AAV2.0.0.13","2.1.0.383","PSt7-10","171027-000","6/27/2018 9:55:33 AM","0000-00","0","no battery","V"
"08/23/2019","12:45:43","1","default","104940808","OXY1","9.710","min","172.852","μmol/L","Humid","21.183","deg","91863","µV","31.116","°C","1022.000","hPa","36.0","pmil","0","55.680","deg","20.000","°C","100.000","%a.s.","22.210","deg","20.000","°C","971.000","hPa","0.826","-0.01532","0.000401","-0.00012","0","11.08","Humid","26.60","0","20.10","230840.91","SABD0002000011","AAV2.0.0.13","2.1.0.383","PSt7-10","171027-000","6/27/2018 9:55:33 AM","0000-00","0","no battery","V"
"08/23/2019","12:45:44","1","default","104940808","OXY1","9.727","min","172.856","μmol/L","Humid","21.180","deg","91851","µV","31.122","°C","1021.000","hPa","36.0","pmil","0","55.680","deg","20.000","°C","100.000","%a.s.","22.210","deg","20.000","°C","971.000","hPa","0.826","-0.01532","0.000401","-0.00012","0","11.08","Humid","26.60","0","20.10","230837.88","SABD0002000011","AAV2.0.0.13","2.1.0.383","PSt7-10","171027-000","6/27/2018 9:55:33 AM","0000-00","0","no battery","V"
"08/23/2019","12:45:45","1","default","104940808","OXY1","9.744","min","172.803","μmol/L","Humid","21.184","deg","91853","µV","31.122","°C","1022.000","hPa","36.0","pmil","0","55.680","deg","20.000","°C","100.000","%a.s.","22.210","deg","20.000","°C","971.000","hPa","0.826","-0.01532","0.000401","-0.00012","0","11.08","Humid","26.60","0","20.10","230842.30","SABD0002000011","AAV2.0.0.13","2.1.0.383","PSt7-10","171027-000","6/27/2018 9:55:33 AM","0000-00","0","no battery","V"
"08/23/2019","12:45:46","1","default","104940808","OXY1","9.761","min","172.834","μmol/L","Humid","21.182","deg","91847","µV","31.122","°C","1022.000","hPa","36.0","pmil","0","55.680","deg","20.000","°C","100.000","%a.s.","22.210","deg","20.000","°C","971.000","hPa","0.826","-0.01532","0.000401","-0.00012","0","11.08","Humid","26.60","0","20.10","230844.18","SABD0002000011","AAV2.0.0.13","2.1.0.383","PSt7-10","171027-000","6/27/2018 9:55:33 AM","0000-00","0","no battery","V"
"08/23/2019","12:45:47","1","default","104940808","OXY1","9.777","min","172.784","μmol/L","Humid","21.183","deg","91847","µV","31.128","°C","1022.000","hPa","36.0","pmil","0","55.680","deg","20.000","°C","100.000","%a.s.","22.210","deg","20.000","°C","971.000","hPa","0.826","-0.01532","0.000401","-0.00012","0","11.08","Humid","26.60","0","20.10","230855.88","SABD0002000011","AAV2.0.0.13","2.1.0.383","PSt7-10","171027-000","6/27/2018 9:55:33 AM","0000-00","0","no battery","V"
"08/23/2019","12:45:48","1","default","104940808","OXY1","9.793","min","172.910","μmol/L","Humid","21.177","deg","91841","µV","31.122","°C","1022.000","hPa","36.0","pmil","0","55.680","deg","20.000","°C","100.000","%a.s.","22.210","deg","20.000","°C","971.000","hPa","0.826","-0.01532","0.000401","-0.00012","0","11.08","Humid","26.60","0","20.10","230841.07","SABD0002000011","AAV2.0.0.13","2.1.0.383","PSt7-10","171027-000","6/27/2018 9:55:33 AM","0000-00","0","no battery","V"
"08/23/2019","12:45:49","1","default","104940808","OXY1","9.810","min","172.880","μmol/L","Humid","21.179","deg","91834","µV","31.122","°C","1022.000","hPa","36.0","pmil","0","55.680","deg","20.000","°C","100.000","%a.s.","22.210","deg","20.000","°C","971.000","hPa","0.826","-0.01532","0.000401","-0.00012","0","11.08","Humid","26.60","0","20.10","230826.34","SABD0002000011","AAV2.0.0.13","2.1.0.383","PSt7-10","171027-000","6/27/2018 9:55:33 AM","0000-00","0","no battery","V"
"08/23/2019","12:45:50","1","default","104940808","OXY1","9.827","min","172.914","μmol/L","Humid","21.179","deg","91834","µV","31.116","°C","1022.000","hPa","36.0","pmil","0","55.680","deg","20.000","°C","100.000","%a.s.","22.210","deg","20.000","°C","971.000","hPa","0.826","-0.01532","0.000401","-0.00012","0","11.08","Humid","26.60","0","20.10","230825.96","SABD0002000011","AAV2.0.0.13","2.1.0.383","PSt7-10","171027-000","6/27/2018 9:55:33 AM","0000-00","0","no battery","V"
"08/23/2019","12:45:51","1","default","104940808","OXY1","9.844","min","172.880","μmol/L","Humid","21.179","deg","91840","µV","31.122","°C","1022.000","hPa","36.0","pmil","0","55.680","deg","20.000","°C","100.000","%a.s.","22.210","deg","20.000","°C","971.000","hPa","0.826","-0.01532","0.000401","-0.00012","0","11.08","Humid","26.60","0","20.10","230832.14","SABD0002000011","AAV2.0.0.13","2.1.0.383","PSt7-10","171027-000","6/27/2018 9:55:33 AM","0000-00","0","no battery","V"
"08/23/2019","12:45:52","1","default","104940808","OXY1","9.860","min","172.990","μmol/L","Humid","21.174","deg","91832","µV","31.116","°C","1022.000","hPa","36.0","pmil","0","55.680","deg","20.000","°C","100.000","%a.s.","22.210","deg","20.000","°C","971.000","hPa","0.826","-0.01532","0.000401","-0.00012","0","11.08","Humid","26.60","0","20.10","230835.57","SABD0002000011","AAV2.0.0.13","2.1.0.383","PSt7-10","171027-000","6/27/2018 9:55:33 AM","0000-00","0","no battery","V"
"08/23/2019","12:45:53","1","default","104940808","OXY1","9.877","min","172.933","μmol/L","Humid","21.175","deg","91835","µV","31.122","°C","1021.000","hPa","36.0","pmil","0","55.680","deg","20.000","°C","100.000","%a.s.","22.210","deg","20.000","°C","971.000","hPa","0.826","-0.01532","0.000401","-0.00012","0","11.08","Humid","26.60","0","20.10","230845.57","SABD0002000011","AAV2.0.0.13","2.1.0.383","PSt7-10","171027-000","6/27/2018 9:55:33 AM","0000-00","0","no battery","V"
"08/23/2019","12:45:54","1","default","104940808","OXY1","9.894","min","172.929","μmol/L","Humid","21.178","deg","91836","µV","31.116","°C","1022.000","hPa","36.0","pmil","0","55.680","deg","20.000","°C","100.000","%a.s.","22.210","deg","20.000","°C","971.000","hPa","0.826","-0.01532","0.000401","-0.00012","0","11.08","Humid","26.60","0","20.10","230840.93","SABD0002000011","AAV2.0.0.13","2.1.0.383","PSt7-10","171027-000","6/27/2018 9:55:33 AM","0000-00","0","no battery","V"
"08/23/2019","12:45:55","1","default","104940808","OXY1","9.910","min","173.009","μmol/L","Humid","21.175","deg","91833","µV","31.110","°C","1022.000","hPa","36.0","pmil","0","55.680","deg","20.000","°C","100.000","%a.s.","22.210","deg","20.000","°C","971.000","hPa","0.826","-0.01532","0.000401","-0.00012","0","11.08","Humid","26.60","0","20.10","230828.13","SABD0002000011","AAV2.0.0.13","2.1.0.383","PSt7-10","171027-000","6/27/2018 9:55:33 AM","0000-00","0","no battery","V"
"08/23/2019","12:45:56","1","default","104940808","OXY1","9.927","min","172.948","μmol/L","Humid","21.179","deg","91840","µV","31.110","°C","1022.000","hPa","36.0","pmil","0","55.680","deg","20.000","°C","100.000","%a.s.","22.210","deg","20.000","°C","971.000","hPa","0.826","-0.01532","0.000401","-0.00012","0","11.08","Humid","26.60","0","20.10","230832.66","SABD0002000011","AAV2.0.0.13","2.1.0.383","PSt7-10","171027-000","6/27/2018 9:55:33 AM","0000-00","0","no battery","V"
"08/23/2019","12:45:57","1","default","104940808","OXY1","9.943","min","173.012","μmol/L","Humid","21.177","deg","91829","µV","31.104","°C","1022.000","hPa","36.0","pmil","0","55.680","deg","20.000","°C","100.000","%a.s.","22.210","deg","20.000","°C","971.000","hPa","0.826","-0.01532","0.000401","-0.00012","0","11.08","Humid","26.60","0","20.10","230834.44","SABD0002000011","AAV2.0.0.13","2.1.0.383","PSt7-10","171027-000","6/27/2018 9:55:33 AM","0000-00","0","no battery","V"
"08/23/2019","12:45:58","1","default","104940808","OXY1","9.960","min","172.901","μmol/L","Humid","21.182","deg","91834","µV","31.110","°C","1022.000","hPa","36.0","pmil","0","55.680","deg","20.000","°C","100.000","%a.s.","22.210","deg","20.000","°C","971.000","hPa","0.826","-0.01532","0.000401","-0.00012","0","11.08","Humid","26.60","0","20.10","230828.23","SABD0002000011","AAV2.0.0.13","2.1.0.383","PSt7-10","171027-000","6/27/2018 9:55:33 AM","0000-00","0","no battery","V"
"08/23/2019","12:45:59","1","default","104940808","OXY1","9.977","min","172.883","μmol/L","Humid","21.181","deg","91838","µV","31.116","°C","1022.000","hPa","36.0","pmil","0","55.680","deg","20.000","°C","100.000","%a.s.","22.210","deg","20.000","°C","971.000","hPa","0.826","-0.01532","0.000401","-0.00012","0","11.08","Humid","26.60","0","20.10","230824.77","SABD0002000011","AAV2.0.0.13","2.1.0.383","PSt7-10","171027-000","6/27/2018 9:55:33 AM","0000-00","0","no battery","V"
"08/23/2019","12:46:00","1","default","104940808","OXY1","9.994","min","172.901","μmol/L","Humid","21.182","deg","91839","µV","31.110","°C","1022.000","hPa","36.0","pmil","0","55.680","deg","20.000","°C","100.000","%a.s.","22.210","deg","20.000","°C","971.000","hPa","0.826","-0.01532","0.000401","-0.00012","0","11.08","Humid","26.60","0","20.10","230825.51","SABD0002000011","AAV2.0.0.13","2.1.0.383","PSt7-10","171027-000","6/27/2018 9:55:33 AM","0000-00","0","no battery","V"
"08/23/2019","12:46:01","1","default","104940808","OXY1","10.011","min","172.932","μmol/L","Humid","21.180","deg","91834","µV","31.110","°C","1022.000","hPa","36.0","pmil","0","55.680","deg","20.000","°C","100.000","%a.s.","22.210","deg","20.000","°C","971.000","hPa","0.826","-0.01532","0.000401","-0.00012","0","11.08","Humid","26.60","0","20.10","230829.00","SABD0002000011","AAV2.0.0.13","2.1.0.383","PSt7-10","171027-000","6/27/2018 9:55:33 AM","0000-00","0","no battery","V"
"08/23/2019","12:46:02","1","default","104940808","OXY1","10.027","min","172.951","μmol/L","Humid","21.181","deg","91835","µV","31.104","°C","1022.000","hPa","36.0","pmil","0","55.680","deg","20.000","°C","100.000","%a.s.","22.210","deg","20.000","°C","971.000","hPa","0.826","-0.01532","0.000401","-0.00012","0","11.08","Humid","26.60","0","20.10","230827.31","SABD0002000011","AAV2.0.0.13","2.1.0.383","PSt7-10","171027-000","6/27/2018 9:55:33 AM","0000-00","0","no battery","V"
"08/23/2019","12:46:03","1","default","104940808","OXY1","10.044","min","172.963","μmol/L","Humid","21.178","deg","91830","µV","31.110","°C","1022.000","hPa","36.0","pmil","0","55.680","deg","20.000","°C","100.000","%a.s.","22.210","deg","20.000","°C","971.000","hPa","0.826","-0.01532","0.000401","-0.00012","0","11.08","Humid","26.60","0","20.10","230821.01","SABD0002000011","AAV2.0.0.13","2.1.0.383","PSt7-10","171027-000","6/27/2018 9:55:33 AM","0000-00","0","no battery","V"
"08/23/2019","12:46:04","1","default","104940808","OXY1","10.060","min","172.901","μmol/L","Humid","21.182","deg","91829","µV","31.110","°C","1022.000","hPa","36.0","pmil","0","55.680","deg","20.000","°C","100.000","%a.s.","22.210","deg","20.000","°C","971.000","hPa","0.826","-0.01532","0.000401","-0.00012","0","11.08","Humid","26.60","0","20.10","230822.59","SABD0002000011","AAV2.0.0.13","2.1.0.383","PSt7-10","171027-000","6/27/2018 9:55:33 AM","0000-00","0","no battery","V"
"08/23/2019","12:46:05","1","default","104940808","OXY1","10.077","min","172.932","μmol/L","Humid","21.180","deg","91832","µV","31.110","°C","1022.000","hPa","36.0","pmil","0","55.680","deg","20.000","°C","100.000","%a.s.","22.210","deg","20.000","°C","971.000","hPa","0.826","-0.01532","0.000401","-0.00012","0","11.08","Humid","26.60","0","20.10","230813.14","SABD0002000011","AAV2.0.0.13","2.1.0.383","PSt7-10","171027-000","6/27/2018 9:55:33 AM","0000-00","0","no battery","V"
"08/23/2019","12:46:06","1","default","104940808","OXY1","10.093","min","172.917","μmol/L","Humid","21.181","deg","91831","µV","31.110","°C","1022.000","hPa","36.0","pmil","0","55.680","deg","20.000","°C","100.000","%a.s.","22.210","deg","20.000","°C","971.000","hPa","0.826","-0.01532","0.000401","-0.00012","0","11.08","Humid","26.60","0","20.10","230811.38","SABD0002000011","AAV2.0.0.13","2.1.0.383","PSt7-10","171027-000","6/27/2018 9:55:33 AM","0000-00","0","no battery","V"
"08/23/2019","12:46:07","1","default","104940808","OXY1","10.110","min","172.901","μmol/L","Humid","21.182","deg","91830","µV","31.110","°C","1022.000","hPa","36.0","pmil","0","55.680","deg","20.000","°C","100.000","%a.s.","22.210","deg","20.000","°C","971.000","hPa","0.826","-0.01532","0.000401","-0.00012","0","11.08","Humid","26.60","0","20.10","230821.49","SABD0002000011","AAV2.0.0.13","2.1.0.383","PSt7-10","171027-000","6/27/2018 9:55:33 AM","0000-00","0","no battery","V"
"08/23/2019","12:46:08","1","default","104940808","OXY1","10.127","min","172.914","μmol/L","Humid","21.179","deg","91828","µV","31.116","°C","1022.000","hPa","36.0","pmil","0","55.680","deg","20.000","°C","100.000","%a.s.","22.210","deg","20.000","°C","971.000","hPa","0.826","-0.01532","0.000401","-0.00012","0","11.08","Humid","26.60","0","20.10","230816.53","SABD0002000011","AAV2.0.0.13","2.1.0.383","PSt7-10","171027-000","6/27/2018 9:55:33 AM","0000-00","0","no battery","V"
"08/23/2019","12:46:09","1","default","104940808","OXY1","10.144","min","172.917","μmol/L","Humid","21.181","deg","91825","µV","31.110","°C","1022.000","hPa","36.0","pmil","0","55.680","deg","20.000","°C","100.000","%a.s.","22.210","deg","20.000","°C","971.000","hPa","0.826","-0.01532","0.000401","-0.00012","0","11.08","Humid","26.60","0","20.10","230809.84","SABD0002000011","AAV2.0.0.13","2.1.0.383","PSt7-10","171027-000","6/27/2018 9:55:33 AM","0000-00","0","no battery","V"
"08/23/2019","12:46:10","1","default","104940808","OXY1","10.161","min","172.898","μmol/L","Humid","21.180","deg","91829","µV","31.116","°C","1022.000","hPa","36.0","pmil","0","55.680","deg","20.000","°C","100.000","%a.s.","22.210","deg","20.000","°C","971.000","hPa","0.826","-0.01532","0.000401","-0.00012","0","11.08","Humid","26.60","0","20.10","230815.76","SABD0002000011","AAV2.0.0.13","2.1.0.383","PSt7-10","171027-000","6/27/2018 9:55:33 AM","0000-00","0","no battery","V"
"08/23/2019","12:46:11","1","default","104940808","OXY1","10.177","min","172.880","μmol/L","Humid","21.179","deg","91829","µV","31.122","°C","1022.000","hPa","36.0","pmil","0","55.680","deg","20.000","°C","100.000","%a.s.","22.210","deg","20.000","°C","971.000","hPa","0.826","-0.01532","0.000401","-0.00012","0","11.08","Humid","26.60","0","20.10","230822.98","SABD0002000011","AAV2.0.0.13","2.1.0.383","PSt7-10","171027-000","6/27/2018 9:55:33 AM","0000-00","0","no battery","V"
"08/23/2019","12:46:12","1","default","104940808","OXY1","10.194","min","172.837","μmol/L","Humid","21.184","deg","91828","µV","31.116","°C","1022.000","hPa","36.0","pmil","0","55.680","deg","20.000","°C","100.000","%a.s.","22.210","deg","20.000","°C","971.000","hPa","0.826","-0.01532","0.000401","-0.00012","0","11.08","Humid","26.60","0","20.10","230810.27","SABD0002000011","AAV2.0.0.13","2.1.0.383","PSt7-10","171027-000","6/27/2018 9:55:33 AM","0000-00","0","no battery","V"
"08/23/2019","12:46:13","1","default","104940808","OXY1","10.210","min","172.791","μmol/L","Humid","21.187","deg","91827","µV","31.116","°C","1022.000","hPa","36.0","pmil","0","55.680","deg","20.000","°C","100.000","%a.s.","22.210","deg","20.000","°C","971.000","hPa","0.826","-0.01532","0.000401","-0.00012","0","11.08","Humid","26.60","0","20.10","230798.31","SABD0002000011","AAV2.0.0.13","2.1.0.383","PSt7-10","171027-000","6/27/2018 9:55:33 AM","0000-00","0","no battery","V"
"08/23/2019","12:46:14","1","default","104940808","OXY1","10.227","min","172.868","μmol/L","Humid","21.182","deg","91832","µV","31.116","°C","1022.000","hPa","36.0","pmil","0","55.680","deg","20.000","°C","100.000","%a.s.","22.210","deg","20.000","°C","971.000","hPa","0.826","-0.01532","0.000401","-0.00012","0","11.08","Humid","26.60","0","20.10","230813.64","SABD0002000011","AAV2.0.0.13","2.1.0.383","PSt7-10","171027-000","6/27/2018 9:55:33 AM","0000-00","0","no battery","V"
"08/23/2019","12:46:15","1","default","104940808","OXY1","10.244","min","172.822","μmol/L","Humid","21.185","deg","91837","µV","31.116","°C","1022.000","hPa","36.0","pmil","0","55.680","deg","20.000","°C","100.000","%a.s.","22.210","deg","20.000","°C","971.000","hPa","0.826","-0.01532","0.000401","-0.00012","0","11.08","Humid","26.60","0","20.10","230812.60","SABD0002000011","AAV2.0.0.13","2.1.0.383","PSt7-10","171027-000","6/27/2018 9:55:33 AM","0000-00","0","no battery","V"
"08/23/2019","12:46:16","1","default","104940808","OXY1","10.261","min","172.822","μmol/L","Humid","21.185","deg","91840","µV","31.116","°C","1022.000","hPa","36.0","pmil","0","55.680","deg","20.000","°C","100.000","%a.s.","22.210","deg","20.000","°C","971.000","hPa","0.826","-0.01532","0.000401","-0.00012","0","11.08","Humid","26.60","0","20.10","230808.28","SABD0002000011","AAV2.0.0.13","2.1.0.383","PSt7-10","171027-000","6/27/2018 9:55:33 AM","0000-00","0","no battery","V"
"08/23/2019","12:46:17","1","default","104940808","OXY1","10.277","min","172.855","μmol/L","Humid","21.185","deg","91843","µV","31.110","°C","1022.000","hPa","36.0","pmil","0","55.680","deg","20.000","°C","100.000","%a.s.","22.210","deg","20.000","°C","971.000","hPa","0.826","-0.01532","0.000401","-0.00012","0","11.08","Humid","26.60","0","20.10","230818.00","SABD0002000011","AAV2.0.0.13","2.1.0.383","PSt7-10","171027-000","6/27/2018 9:55:33 AM","0000-00","0","no battery","V"
"08/23/2019","12:46:18","1","default","104940808","OXY1","10.293","min","172.901","μmol/L","Humid","21.182","deg","91850","µV","31.110","°C","1022.000","hPa","36.0","pmil","0","55.680","deg","20.000","°C","100.000","%a.s.","22.210","deg","20.000","°C","971.000","hPa","0.826","-0.01532","0.000401","-0.00012","0","11.08","Humid","26.60","0","20.10","230808.73","SABD0002000011","AAV2.0.0.13","2.1.0.383","PSt7-10","171027-000","6/27/2018 9:55:33 AM","0000-00","0","no battery","V"
"08/23/2019","12:46:19","1","default","104940808","OXY1","10.310","min","172.791","μmol/L","Humid","21.187","deg","91845","µV","31.116","°C","1022.000","hPa","36.0","pmil","0","55.680","deg","20.000","°C","100.000","%a.s.","22.210","deg","20.000","°C","971.000","hPa","0.826","-0.01532","0.000401","-0.00012","0","11.08","Humid","26.60","0","20.10","230810.38","SABD0002000011","AAV2.0.0.13","2.1.0.383","PSt7-10","171027-000","6/27/2018 9:55:33 AM","0000-00","0","no battery","V"
"08/23/2019","12:46:20","1","default","104940808","OXY1","10.327","min","172.776","μmol/L","Humid","21.188","deg","91839","µV","31.116","°C","1022.000","hPa","36.0","pmil","0","55.680","deg","20.000","°C","100.000","%a.s.","22.210","deg","20.000","°C","971.000","hPa","0.826","-0.01532","0.000401","-0.00012","0","11.08","Humid","26.60","0","20.10","230811.13","SABD0002000011","AAV2.0.0.13","2.1.0.383","PSt7-10","171027-000","6/27/2018 9:55:33 AM","0000-00","0","no battery","V"
"08/23/2019","12:46:21","1","default","104940808","OXY1","10.344","min","172.825","μmol/L","Humid","21.187","deg","91848","µV","31.110","°C","1022.000","hPa","36.0","pmil","0","55.680","deg","20.000","°C","100.000","%a.s.","22.210","deg","20.000","°C","971.000","hPa","0.826","-0.01532","0.000401","-0.00012","0","11.08","Humid","26.60","0","20.10","230806.61","SABD0002000011","AAV2.0.0.13","2.1.0.383","PSt7-10","171027-000","6/27/2018 9:55:33 AM","0000-00","0","no battery","V"
"08/23/2019","12:46:22","1","default","104940808","OXY1","10.360","min","172.852","μmol/L","Humid","21.183","deg","91837","µV","31.116","°C","1022.000","hPa","36.0","pmil","0","55.680","deg","20.000","°C","100.000","%a.s.","22.210","deg","20.000","°C","971.000","hPa","0.826","-0.01532","0.000401","-0.00012","0","11.08","Humid","26.60","0","20.10","230822.66","SABD0002000011","AAV2.0.0.13","2.1.0.383","PSt7-10","171027-000","6/27/2018 9:55:33 AM","0000-00","0","no battery","V"
"08/23/2019","12:46:23","1","default","104940808","OXY1","10.377","min","172.834","μmol/L","Humid","21.182","deg","91840","µV","31.122","°C","1022.000","hPa","36.0","pmil","0","55.680","deg","20.000","°C","100.000","%a.s.","22.210","deg","20.000","°C","971.000","hPa","0.826","-0.01532","0.000401","-0.00012","0","11.08","Humid","26.60","0","20.10","230806.36","SABD0002000011","AAV2.0.0.13","2.1.0.383","PSt7-10","171027-000","6/27/2018 9:55:33 AM","0000-00","0","no battery","V"
"08/23/2019","12:46:24","1","default","104940808","OXY1","10.394","min","172.803","μmol/L","Humid","21.184","deg","91847","µV","31.122","°C","1022.000","hPa","36.0","pmil","0","55.680","deg","20.000","°C","100.000","%a.s.","22.210","deg","20.000","°C","971.000","hPa","0.826","-0.01532","0.000401","-0.00012","0","11.08","Humid","26.60","0","20.10","230815.98","SABD0002000011","AAV2.0.0.13","2.1.0.383","PSt7-10","171027-000","6/27/2018 9:55:33 AM","0000-00","0","no battery","V"
"08/23/2019","12:46:25","1","default","104940808","OXY1","10.411","min","172.815","μmol/L","Humid","21.181","deg","91840","µV","31.128","°C","1022.000","hPa","36.0","pmil","0","55.680","deg","20.000","°C","100.000","%a.s.","22.210","deg","20.000","°C","971.000","hPa","0.826","-0.01532","0.000401","-0.00012","0","11.08","Humid","26.60","0","20.10","230802.58","SABD0002000011","AAV2.0.0.13","2.1.0.383","PSt7-10","171027-000","6/27/2018 9:55:33 AM","0000-00","0","no battery","V"
"08/23/2019","12:46:26","1","default","104940808","OXY1","10.427","min","172.826","μmol/L","Humid","21.182","deg","91846","µV","31.122","°C","1021.000","hPa","36.0","pmil","0","55.680","deg","20.000","°C","100.000","%a.s.","22.210","deg","20.000","°C","971.000","hPa","0.826","-0.01532","0.000401","-0.00012","0","11.08","Humid","26.60","0","20.10","230806.83","SABD0002000011","AAV2.0.0.13","2.1.0.383","PSt7-10","171027-000","6/27/2018 9:55:33 AM","0000-00","0","no battery","V"
"08/23/2019","12:46:27","1","default","104940808","OXY1","10.443","min","172.772","μmol/L","Humid","21.186","deg","91847","µV","31.122","°C","1022.000","hPa","36.0","pmil","0","55.680","deg","20.000","°C","100.000","%a.s.","22.210","deg","20.000","°C","971.000","hPa","0.826","-0.01532","0.000401","-0.00012","0","11.08","Humid","26.60","0","20.10","230810.75","SABD0002000011","AAV2.0.0.13","2.1.0.383","PSt7-10","171027-000","6/27/2018 9:55:33 AM","0000-00","0","no battery","V"
"08/23/2019","12:46:28","1","default","104940808","OXY1","10.460","min","172.837","μmol/L","Humid","21.184","deg","91860","µV","31.116","°C","1022.000","hPa","36.0","pmil","0","55.680","deg","20.000","°C","100.000","%a.s.","22.210","deg","20.000","°C","971.000","hPa","0.826","-0.01532","0.000401","-0.00012","0","11.08","Humid","26.60","0","20.10","230807.61","SABD0002000011","AAV2.0.0.13","2.1.0.383","PSt7-10","171027-000","6/27/2018 9:55:33 AM","0000-00","0","no battery","V"
"08/23/2019","12:46:29","1","default","104940808","OXY1","10.477","min","172.806","μmol/L","Humid","21.186","deg","91862","µV","31.116","°C","1022.000","hPa","36.0","pmil","0","55.680","deg","20.000","°C","100.000","%a.s.","22.210","deg","20.000","°C","971.000","hPa","0.826","-0.01532","0.000401","-0.00012","0","11.08","Humid","26.60","0","20.10","230793.91","SABD0002000011","AAV2.0.0.13","2.1.0.383","PSt7-10","171027-000","6/27/2018 9:55:33 AM","0000-00","0","no battery","V"
"08/23/2019","12:46:30","1","default","104940808","OXY1","10.494","min","172.806","μmol/L","Humid","21.186","deg","91842","µV","31.116","°C","1022.000","hPa","36.0","pmil","0","55.680","deg","20.000","°C","100.000","%a.s.","22.210","deg","20.000","°C","971.000","hPa","0.826","-0.01532","0.000401","-0.00012","0","11.08","Humid","26.60","0","20.10","230800.79","SABD0002000011","AAV2.0.0.13","2.1.0.383","PSt7-10","171027-000","6/27/2018 9:55:33 AM","0000-00","0","no battery","V"
"08/23/2019","12:46:31","1","default","104940808","OXY1","10.510","min","172.818","μmol/L","Humid","21.183","deg","91831","µV","31.122","°C","1022.000","hPa","36.0","pmil","0","55.680","deg","20.000","°C","100.000","%a.s.","22.210","deg","20.000","°C","971.000","hPa","0.826","-0.01532","0.000401","-0.00012","0","11.08","Humid","26.60","0","20.10","230787.22","SABD0002000011","AAV2.0.0.13","2.1.0.383","PSt7-10","171027-000","6/27/2018 9:55:33 AM","0000-00","0","no battery","V"
"08/23/2019","12:46:32","1","default","104940808","OXY1","10.527","min","172.840","μmol/L","Humid","21.186","deg","91837","µV","31.110","°C","1022.000","hPa","36.0","pmil","0","55.680","deg","20.000","°C","100.000","%a.s.","22.210","deg","20.000","°C","971.000","hPa","0.826","-0.01532","0.000401","-0.00012","0","11.08","Humid","26.60","0","20.10","230795.93","SABD0002000011","AAV2.0.0.13","2.1.0.383","PSt7-10","171027-000","6/27/2018 9:55:33 AM","0000-00","0","no battery","V"
"08/23/2019","12:46:33","1","default","104940808","OXY1","10.544","min","172.806","μmol/L","Humid","21.186","deg","91830","µV","31.116","°C","1022.000","hPa","36.0","pmil","0","55.680","deg","20.000","°C","100.000","%a.s.","22.210","deg","20.000","°C","971.000","hPa","0.826","-0.01532","0.000401","-0.00012","0","11.08","Humid","26.60","0","20.10","230795.87","SABD0002000011","AAV2.0.0.13","2.1.0.383","PSt7-10","171027-000","6/27/2018 9:55:33 AM","0000-00","0","no battery","V"
"08/23/2019","12:46:34","1","default","104940808","OXY1","10.561","min","172.852","μmol/L","Humid","21.183","deg","91839","µV","31.116","°C","1022.000","hPa","36.0","pmil","0","55.680","deg","20.000","°C","100.000","%a.s.","22.210","deg","20.000","°C","971.000","hPa","0.826","-0.01532","0.000401","-0.00012","0","11.08","Humid","26.60","0","20.10","230801.71","SABD0002000011","AAV2.0.0.13","2.1.0.383","PSt7-10","171027-000","6/27/2018 9:55:33 AM","0000-00","0","no battery","V"
"08/23/2019","12:46:35","1","default","104940808","OXY1","10.577","min","172.837","μmol/L","Humid","21.184","deg","91837","µV","31.116","°C","1022.000","hPa","36.0","pmil","0","55.680","deg","20.000","°C","100.000","%a.s.","22.210","deg","20.000","°C","971.000","hPa","0.826","-0.01532","0.000401","-0.00012","0","11.08","Humid","26.60","0","20.10","230793.32","SABD0002000011","AAV2.0.0.13","2.1.0.383","PSt7-10","171027-000","6/27/2018 9:55:33 AM","0000-00","0","no battery","V"
"08/23/2019","12:46:36","1","default","104940808","OXY1","10.593","min","172.803","μmol/L","Humid","21.184","deg","91839","µV","31.122","°C","1022.000","hPa","36.0","pmil","0","55.680","deg","20.000","°C","100.000","%a.s.","22.210","deg","20.000","°C","971.000","hPa","0.826","-0.01532","0.000401","-0.00012","0","11.08","Humid","26.60","0","20.10","230791.00","SABD0002000011","AAV2.0.0.13","2.1.0.383","PSt7-10","171027-000","6/27/2018 9:55:33 AM","0000-00","0","no battery","V"
"08/23/2019","12:46:37","1","default","104940808","OXY1","10.610","min","172.742","μmol/L","Humid","21.188","deg","91834","µV","31.122","°C","1022.000","hPa","36.0","pmil","0","55.680","deg","20.000","°C","100.000","%a.s.","22.210","deg","20.000","°C","971.000","hPa","0.826","-0.01532","0.000401","-0.00012","0","11.08","Humid","26.60","0","20.10","230784.69","SABD0002000011","AAV2.0.0.13","2.1.0.383","PSt7-10","171027-000","6/27/2018 9:55:33 AM","0000-00","0","no battery","V"
"08/23/2019","12:46:38","1","default","104940808","OXY1","10.627","min","172.803","μmol/L","Humid","21.184","deg","91836","µV","31.122","°C","1022.000","hPa","36.0","pmil","0","55.680","deg","20.000","°C","100.000","%a.s.","22.210","deg","20.000","°C","971.000","hPa","0.826","-0.01532","0.000401","-0.00012","0","11.08","Humid","26.60","0","20.10","230784.12","SABD0002000011","AAV2.0.0.13","2.1.0.383","PSt7-10","171027-000","6/27/2018 9:55:33 AM","0000-00","0","no battery","V"
"08/23/2019","12:46:39","1","default","104940808","OXY1","10.644","min","172.803","μmol/L","Humid","21.184","deg","91834","µV","31.122","°C","1022.000","hPa","36.0","pmil","0","55.680","deg","20.000","°C","100.000","%a.s.","22.210","deg","20.000","°C","971.000","hPa","0.826","-0.01532","0.000401","-0.00012","0","11.08","Humid","26.60","0","20.10","230793.50","SABD0002000011","AAV2.0.0.13","2.1.0.383","PSt7-10","171027-000","6/27/2018 9:55:33 AM","0000-00","0","no battery","V"
"08/23/2019","12:46:40","1","default","104940808","OXY1","10.660","min","172.898","μmol/L","Humid","21.180","deg","91830","µV","31.116","°C","1022.000","hPa","36.0","pmil","0","55.680","deg","20.000","°C","100.000","%a.s.","22.210","deg","20.000","°C","971.000","hPa","0.826","-0.01532","0.000401","-0.00012","0","11.08","Humid","26.60","0","20.10","230795.65","SABD0002000011","AAV2.0.0.13","2.1.0.383","PSt7-10","171027-000","6/27/2018 9:55:33 AM","0000-00","0","no battery","V"
"08/23/2019","12:46:41","1","default","104940808","OXY1","10.677","min","172.803","μmol/L","Humid","21.184","deg","91831","µV","31.122","°C","1022.000","hPa","36.0","pmil","0","55.680","deg","20.000","°C","100.000","%a.s.","22.210","deg","20.000","°C","971.000","hPa","0.826","-0.01532","0.000401","-0.00012","0","11.08","Humid","26.60","0","20.10","230782.11","SABD0002000011","AAV2.0.0.13","2.1.0.383","PSt7-10","171027-000","6/27/2018 9:55:33 AM","0000-00","0","no battery","V"
"08/23/2019","12:46:42","1","default","104940808","OXY1","10.694","min","172.822","μmol/L","Humid","21.185","deg","91834","µV","31.116","°C","1022.000","hPa","36.0","pmil","0","55.680","deg","20.000","°C","100.000","%a.s.","22.210","deg","20.000","°C","971.000","hPa","0.826","-0.01532","0.000401","-0.00012","0","11.08","Humid","26.60","0","20.10","230790.74","SABD0002000011","AAV2.0.0.13","2.1.0.383","PSt7-10","171027-000","6/27/2018 9:55:33 AM","0000-00","0","no battery","V"
"08/23/2019","12:46:43","1","default","104940808","OXY1","10.711","min","172.822","μmol/L","Humid","21.185","deg","91827","µV","31.116","°C","1022.000","hPa","36.0","pmil","0","55.680","deg","20.000","°C","100.000","%a.s.","22.210","deg","20.000","°C","971.000","hPa","0.826","-0.01532","0.000401","-0.00012","0","11.08","Humid","26.60","0","20.10","230791.69","SABD0002000011","AAV2.0.0.13","2.1.0.383","PSt7-10","171027-000","6/27/2018 9:55:33 AM","0000-00","0","no battery","V"
"08/23/2019","12:46:44","1","default","104940808","OXY1","10.727","min","172.822","μmol/L","Humid","21.185","deg","91820","µV","31.116","°C","1022.000","hPa","36.0","pmil","0","55.680","deg","20.000","°C","100.000","%a.s.","22.210","deg","20.000","°C","971.000","hPa","0.826","-0.01532","0.000401","-0.00012","0","11.08","Humid","26.60","0","20.10","230777.64","SABD0002000011","AAV2.0.0.13","2.1.0.383","PSt7-10","171027-000","6/27/2018 9:55:33 AM","0000-00","0","no battery","V"
"08/23/2019","12:46:45","1","default","104940808","OXY1","10.744","min","172.754","μmol/L","Humid","21.185","deg","91825","µV","31.128","°C","1022.000","hPa","36.0","pmil","0","55.680","deg","20.000","°C","100.000","%a.s.","22.210","deg","20.000","°C","971.000","hPa","0.826","-0.01532","0.000401","-0.00012","0","11.08","Humid","26.60","0","20.10","230779.07","SABD0002000011","AAV2.0.0.13","2.1.0.383","PSt7-10","171027-000","6/27/2018 9:55:33 AM","0000-00","0","no battery","V"
"08/23/2019","12:46:46","1","default","104940808","OXY1","10.761","min","172.837","μmol/L","Humid","21.184","deg","91823","µV","31.116","°C","1022.000","hPa","36.0","pmil","0","55.680","deg","20.000","°C","100.000","%a.s.","22.210","deg","20.000","°C","971.000","hPa","0.826","-0.01532","0.000401","-0.00012","0","11.08","Humid","26.60","0","20.10","230788.93","SABD0002000011","AAV2.0.0.13","2.1.0.383","PSt7-10","171027-000","6/27/2018 9:55:33 AM","0000-00","0","no battery","V"
"08/23/2019","12:46:47","1","default","104940808","OXY1","10.777","min","172.772","μmol/L","Humid","21.186","deg","91816","µV","31.122","°C","1022.000","hPa","36.0","pmil","0","55.680","deg","20.000","°C","100.000","%a.s.","22.210","deg","20.000","°C","971.000","hPa","0.826","-0.01532","0.000401","-0.00012","0","11.08","Humid","26.60","0","20.10","230779.47","SABD0002000011","AAV2.0.0.13","2.1.0.383","PSt7-10","171027-000","6/27/2018 9:55:33 AM","0000-00","0","no battery","V"
"08/23/2019","12:46:48","1","default","104940808","OXY1","10.793","min","172.834","μmol/L","Humid","21.182","deg","91815","µV","31.122","°C","1022.000","hPa","36.0","pmil","0","55.680","deg","20.000","°C","100.000","%a.s.","22.210","deg","20.000","°C","971.000","hPa","0.826","-0.01532","0.000401","-0.00012","0","11.08","Humid","26.60","0","20.10","230773.20","SABD0002000011","AAV2.0.0.13","2.1.0.383","PSt7-10","171027-000","6/27/2018 9:55:33 AM","0000-00","0","no battery","V"
"08/23/2019","12:46:49","1","default","104940808","OXY1","10.810","min","172.864","μmol/L","Humid","21.180","deg","91817","µV","31.122","°C","1022.000","hPa","36.0","pmil","0","55.680","deg","20.000","°C","100.000","%a.s.","22.210","deg","20.000","°C","971.000","hPa","0.826","-0.01532","0.000401","-0.00012","0","11.08","Humid","26.60","0","20.10","230773.07","SABD0002000011","AAV2.0.0.13","2.1.0.383","PSt7-10","171027-000","6/27/2018 9:55:33 AM","0000-00","0","no battery","V"
"08/23/2019","12:46:50","1","default","104940808","OXY1","10.827","min","172.754","μmol/L","Humid","21.185","deg","91823","µV","31.128","°C","1022.000","hPa","36.0","pmil","0","55.680","deg","20.000","°C","100.000","%a.s.","22.210","deg","20.000","°C","971.000","hPa","0.826","-0.01532","0.000401","-0.00012","0","11.08","Humid","26.60","0","20.10","230774.87","SABD0002000011","AAV2.0.0.13","2.1.0.383","PSt7-10","171027-000","6/27/2018 9:55:33 AM","0000-00","0","no battery","V"
"08/23/2019","12:46:51","1","default","104940808","OXY1","10.844","min","172.757","μmol/L","Humid","21.187","deg","91820","µV","31.122","°C","1022.000","hPa","36.0","pmil","0","55.680","deg","20.000","°C","100.000","%a.s.","22.210","deg","20.000","°C","971.000","hPa","0.826","-0.01532","0.000401","-0.00012","0","11.08","Humid","26.60","0","20.10","230793.32","SABD0002000011","AAV2.0.0.13","2.1.0.383","PSt7-10","171027-000","6/27/2018 9:55:33 AM","0000-00","0","no battery","V"
"08/23/2019","12:46:52","1","default","104940808","OXY1","10.860","min","172.795","μmol/L","Humid","21.184","deg","91816","µV","31.122","°C","1021.000","hPa","36.0","pmil","0","55.680","deg","20.000","°C","100.000","%a.s.","22.210","deg","20.000","°C","971.000","hPa","0.826","-0.01532","0.000401","-0.00012","0","11.08","Humid","26.60","0","20.10","230772.47","SABD0002000011","AAV2.0.0.13","2.1.0.383","PSt7-10","171027-000","6/27/2018 9:55:33 AM","0000-00","0","no battery","V"
"08/23/2019","12:46:53","1","default","104940808","OXY1","10.877","min","172.834","μmol/L","Humid","21.182","deg","91811","µV","31.122","°C","1022.000","hPa","36.0","pmil","0","55.680","deg","20.000","°C","100.000","%a.s.","22.210","deg","20.000","°C","971.000","hPa","0.826","-0.01532","0.000401","-0.00012","0","11.08","Humid","26.60","0","20.10","230762.82","SABD0002000011","AAV2.0.0.13","2.1.0.383","PSt7-10","171027-000","6/27/2018 9:55:33 AM","0000-00","0","no battery","V"
"08/23/2019","12:46:54","1","default","104940808","OXY1","10.894","min","172.803","μmol/L","Humid","21.184","deg","91816","µV","31.122","°C","1022.000","hPa","36.0","pmil","0","55.680","deg","20.000","°C","100.000","%a.s.","22.210","deg","20.000","°C","971.000","hPa","0.826","-0.01532","0.000401","-0.00012","0","11.08","Humid","26.60","0","20.10","230778.45","SABD0002000011","AAV2.0.0.13","2.1.0.383","PSt7-10","171027-000","6/27/2018 9:55:33 AM","0000-00","0","no battery","V"
"08/23/2019","12:46:55","1","default","104940808","OXY1","10.911","min","172.849","μmol/L","Humid","21.181","deg","91815","µV","31.122","°C","1022.000","hPa","36.0","pmil","0","55.680","deg","20.000","°C","100.000","%a.s.","22.210","deg","20.000","°C","971.000","hPa","0.826","-0.01532","0.000401","-0.00012","0","11.08","Humid","26.60","0","20.10","230778.19","SABD0002000011","AAV2.0.0.13","2.1.0.383","PSt7-10","171027-000","6/27/2018 9:55:33 AM","0000-00","0","no battery","V"
"08/23/2019","12:46:56","1","default","104940808","OXY1","10.927","min","172.846","μmol/L","Humid","21.179","deg","91817","µV","31.128","°C","1022.000","hPa","36.0","pmil","0","55.680","deg","20.000","°C","100.000","%a.s.","22.210","deg","20.000","°C","971.000","hPa","0.826","-0.01532","0.000401","-0.00012","0","11.08","Humid","26.60","0","20.10","230766.65","SABD0002000011","AAV2.0.0.13","2.1.0.383","PSt7-10","171027-000","6/27/2018 9:55:33 AM","0000-00","0","no battery","V"
"08/23/2019","12:46:57","1","default","104940808","OXY1","10.943","min","172.769","μmol/L","Humid","21.184","deg","91811","µV","31.128","°C","1022.000","hPa","36.0","pmil","0","55.680","deg","20.000","°C","100.000","%a.s.","22.210","deg","20.000","°C","971.000","hPa","0.826","-0.01532","0.000401","-0.00012","0","11.08","Humid","26.60","0","20.10","230771.69","SABD0002000011","AAV2.0.0.13","2.1.0.383","PSt7-10","171027-000","6/27/2018 9:55:33 AM","0000-00","0","no battery","V"
"08/23/2019","12:46:58","1","default","104940808","OXY1","10.960","min","172.864","μmol/L","Humid","21.180","deg","91820","µV","31.122","°C","1022.000","hPa","36.0","pmil","0","55.680","deg","20.000","°C","100.000","%a.s.","22.210","deg","20.000","°C","971.000","hPa","0.826","-0.01532","0.000401","-0.00012","0","11.08","Humid","26.60","0","20.10","230776.20","SABD0002000011","AAV2.0.0.13","2.1.0.383","PSt7-10","171027-000","6/27/2018 9:55:33 AM","0000-00","0","no battery","V"
"08/23/2019","12:46:59","1","default","104940808","OXY1","10.977","min","172.834","μmol/L","Humid","21.182","deg","91812","µV","31.122","°C","1022.000","hPa","36.0","pmil","0","55.680","deg","20.000","°C","100.000","%a.s.","22.210","deg","20.000","°C","971.000","hPa","0.826","-0.01532","0.000401","-0.00012","0","11.08","Humid","26.60","0","20.10","230772.57","SABD0002000011","AAV2.0.0.13","2.1.0.383","PSt7-10","171027-000","6/27/2018 9:55:33 AM","0000-00","0","no battery","V"
"08/23/2019","12:47:00","1","default","104940808","OXY1","10.994","min","172.895","μmol/L","Humid","21.178","deg","91805","µV","31.122","°C","1022.000","hPa","36.0","pmil","0","55.680","deg","20.000","°C","100.000","%a.s.","22.210","deg","20.000","°C","971.000","hPa","0.826","-0.01532","0.000401","-0.00012","0","11.08","Humid","26.60","0","20.10","230762.71","SABD0002000011","AAV2.0.0.13","2.1.0.383","PSt7-10","171027-000","6/27/2018 9:55:33 AM","0000-00","0","no battery","V"
"08/23/2019","12:47:01","1","default","104940808","OXY1","11.010","min","172.861","μmol/L","Humid","21.178","deg","91798","µV","31.128","°C","1022.000","hPa","36.0","pmil","0","55.680","deg","20.000","°C","100.000","%a.s.","22.210","deg","20.000","°C","971.000","hPa","0.826","-0.01532","0.000401","-0.00012","0","11.08","Humid","26.60","0","20.10","230762.18","SABD0002000011","AAV2.0.0.13","2.1.0.383","PSt7-10","171027-000","6/27/2018 9:55:33 AM","0000-00","0","no battery","V"
"08/23/2019","12:47:02","1","default","104940808","OXY1","11.027","min","172.895","μmol/L","Humid","21.178","deg","91801","µV","31.122","°C","1022.000","hPa","36.0","pmil","0","55.680","deg","20.000","°C","100.000","%a.s.","22.210","deg","20.000","°C","971.000","hPa","0.826","-0.01532","0.000401","-0.00012","0","11.08","Humid","26.60","0","20.10","230760.85","SABD0002000011","AAV2.0.0.13","2.1.0.383","PSt7-10","171027-000","6/27/2018 9:55:33 AM","0000-00","0","no battery","V"
"08/23/2019","12:47:03","1","default","104940808","OXY1","11.044","min","172.849","μmol/L","Humid","21.181","deg","91802","µV","31.122","°C","1022.000","hPa","36.0","pmil","0","55.680","deg","20.000","°C","100.000","%a.s.","22.210","deg","20.000","°C","971.000","hPa","0.826","-0.01532","0.000401","-0.00012","0","11.08","Humid","26.60","0","20.10","230762.64","SABD0002000011","AAV2.0.0.13","2.1.0.383","PSt7-10","171027-000","6/27/2018 9:55:33 AM","0000-00","0","no battery","V"
"08/23/2019","12:47:04","1","default","104940808","OXY1","11.060","min","172.914","μmol/L","Humid","21.179","deg","91812","µV","31.116","°C","1022.000","hPa","36.0","pmil","0","55.680","deg","20.000","°C","100.000","%a.s.","22.210","deg","20.000","°C","971.000","hPa","0.826","-0.01532","0.000401","-0.00012","0","11.08","Humid","26.60","0","20.10","230769.87","SABD0002000011","AAV2.0.0.13","2.1.0.383","PSt7-10","171027-000","6/27/2018 9:55:33 AM","0000-00","0","no battery","V"
"08/23/2019","12:47:05","1","default","104940808","OXY1","11.077","min","172.846","μmol/L","Humid","21.179","deg","91810","µV","31.128","°C","1022.000","hPa","36.0","pmil","0","55.680","deg","20.000","°C","100.000","%a.s.","22.210","deg","20.000","°C","971.000","hPa","0.826","-0.01532","0.000401","-0.00012","0","11.08","Humid","26.60","0","20.10","230767.51","SABD0002000011","AAV2.0.0.13","2.1.0.383","PSt7-10","171027-000","6/27/2018 9:55:33 AM","0000-00","0","no battery","V"
"08/23/2019","12:47:06","1","default","104940808","OXY1","11.093","min","172.852","μmol/L","Humid","21.183","deg","91809","µV","31.116","°C","1022.000","hPa","36.0","pmil","0","55.680","deg","20.000","°C","100.000","%a.s.","22.210","deg","20.000","°C","971.000","hPa","0.826","-0.01532","0.000401","-0.00012","0","11.08","Humid","26.60","0","20.10","230758.58","SABD0002000011","AAV2.0.0.13","2.1.0.383","PSt7-10","171027-000","6/27/2018 9:55:33 AM","0000-00","0","no battery","V"
"08/23/2019","12:47:07","1","default","104940808","OXY1","11.110","min","172.742","μmol/L","Humid","21.188","deg","91809","µV","31.122","°C","1022.000","hPa","36.0","pmil","0","55.680","deg","20.000","°C","100.000","%a.s.","22.210","deg","20.000","°C","971.000","hPa","0.826","-0.01532","0.000401","-0.00012","0","11.08","Humid","26.60","0","20.10","230756.83","SABD0002000011","AAV2.0.0.13","2.1.0.383","PSt7-10","171027-000","6/27/2018 9:55:33 AM","0000-00","0","no battery","V"
"08/23/2019","12:47:08","1","default","104940808","OXY1","11.127","min","172.803","μmol/L","Humid","21.184","deg","91812","µV","31.122","°C","1022.000","hPa","36.0","pmil","0","55.680","deg","20.000","°C","100.000","%a.s.","22.210","deg","20.000","°C","971.000","hPa","0.826","-0.01532","0.000401","-0.00012","0","11.08","Humid","26.60","0","20.10","230755.71","SABD0002000011","AAV2.0.0.13","2.1.0.383","PSt7-10","171027-000","6/27/2018 9:55:33 AM","0000-00","0","no battery","V"
"08/23/2019","12:47:09","1","default","104940808","OXY1","11.144","min","172.895","μmol/L","Humid","21.178","deg","91807","µV","31.122","°C","1022.000","hPa","36.0","pmil","0","55.680","deg","20.000","°C","100.000","%a.s.","22.210","deg","20.000","°C","971.000","hPa","0.826","-0.01532","0.000401","-0.00012","0","11.08","Humid","26.60","0","20.10","230756.09","SABD0002000011","AAV2.0.0.13","2.1.0.383","PSt7-10","171027-000","6/27/2018 9:55:33 AM","0000-00","0","no battery","V"
"08/23/2019","12:47:10","1","default","104940808","OXY1","11.160","min","172.784","μmol/L","Humid","21.183","deg","91808","µV","31.128","°C","1022.000","hPa","36.0","pmil","0","55.680","deg","20.000","°C","100.000","%a.s.","22.210","deg","20.000","°C","971.000","hPa","0.826","-0.01532","0.000401","-0.00012","0","11.08","Humid","26.60","0","20.10","230754.58","SABD0002000011","AAV2.0.0.13","2.1.0.383","PSt7-10","171027-000","6/27/2018 9:55:33 AM","0000-00","0","no battery","V"
"08/23/2019","12:47:11","1","default","104940808","OXY1","11.177","min","172.852","μmol/L","Humid","21.183","deg","91808","µV","31.116","°C","1022.000","hPa","36.0","pmil","0","55.680","deg","20.000","°C","100.000","%a.s.","22.210","deg","20.000","°C","971.000","hPa","0.826","-0.01532","0.000401","-0.00012","0","11.08","Humid","26.60","0","20.10","230764.69","SABD0002000011","AAV2.0.0.13","2.1.0.383","PSt7-10","171027-000","6/27/2018 9:55:33 AM","0000-00","0","no battery","V"
"08/23/2019","12:47:12","1","default","104940808","OXY1","11.194","min","172.868","μmol/L","Humid","21.182","deg","91799","µV","31.116","°C","1022.000","hPa","36.0","pmil","0","55.680","deg","20.000","°C","100.000","%a.s.","22.210","deg","20.000","°C","971.000","hPa","0.826","-0.01532","0.000401","-0.00012","0","11.08","Humid","26.60","0","20.10","230759.46","SABD0002000011","AAV2.0.0.13","2.1.0.383","PSt7-10","171027-000","6/27/2018 9:55:33 AM","0000-00","0","no battery","V"
"08/23/2019","12:47:13","1","default","104940808","OXY1","11.210","min","172.754","μmol/L","Humid","21.185","deg","91799","µV","31.128","°C","1022.000","hPa","36.0","pmil","0","55.680","deg","20.000","°C","100.000","%a.s.","22.210","deg","20.000","°C","971.000","hPa","0.826","-0.01532","0.000401","-0.00012","0","11.08","Humid","26.60","0","20.10","230770.24","SABD0002000011","AAV2.0.0.13","2.1.0.383","PSt7-10","171027-000","6/27/2018 9:55:33 AM","0000-00","0","no battery","V"
"08/23/2019","12:47:14","1","default","104940808","OXY1","11.227","min","172.872","μmol/L","Humid","21.179","deg","91800","µV","31.122","°C","1021.000","hPa","36.0","pmil","0","55.680","deg","20.000","°C","100.000","%a.s.","22.210","deg","20.000","°C","971.000","hPa","0.826","-0.01532","0.000401","-0.00012","0","11.08","Humid","26.60","0","20.10","230771.18","SABD0002000011","AAV2.0.0.13","2.1.0.383","PSt7-10","171027-000","6/27/2018 9:55:33 AM","0000-00","0","no battery","V"
"08/23/2019","12:47:15","1","default","104940808","OXY1","11.243","min","172.861","μmol/L","Humid","21.178","deg","91785","µV","31.128","°C","1022.000","hPa","36.0","pmil","0","55.680","deg","20.000","°C","100.000","%a.s.","22.210","deg","20.000","°C","971.000","hPa","0.826","-0.01532","0.000401","-0.00012","0","11.08","Humid","26.60","0","20.10","230766.79","SABD0002000011","AAV2.0.0.13","2.1.0.383","PSt7-10","171027-000","6/27/2018 9:55:33 AM","0000-00","0","no battery","V"
"08/23/2019","12:47:16","1","default","104940808","OXY1","11.260","min","172.834","μmol/L","Humid","21.182","deg","91799","µV","31.122","°C","1022.000","hPa","36.0","pmil","0","55.680","deg","20.000","°C","100.000","%a.s.","22.210","deg","20.000","°C","971.000","hPa","0.826","-0.01532","0.000401","-0.00012","0","11.08","Humid","26.60","0","20.10","230773.24","SABD0002000011","AAV2.0.0.13","2.1.0.383","PSt7-10","171027-000","6/27/2018 9:55:33 AM","0000-00","0","no battery","V"
"08/23/2019","12:47:17","1","default","104940808","OXY1","11.277","min","172.849","μmol/L","Humid","21.181","deg","91797","µV","31.122","°C","1022.000","hPa","36.0","pmil","0","55.680","deg","20.000","°C","100.000","%a.s.","22.210","deg","20.000","°C","971.000","hPa","0.826","-0.01532","0.000401","-0.00012","0","11.08","Humid","26.60","0","20.10","230777.12","SABD0002000011","AAV2.0.0.13","2.1.0.383","PSt7-10","171027-000","6/27/2018 9:55:33 AM","0000-00","0","no battery","V"
"08/23/2019","12:47:18","1","default","104940808","OXY1","11.294","min","172.868","μmol/L","Humid","21.182","deg","91793","µV","31.116","°C","1022.000","hPa","36.0","pmil","0","55.680","deg","20.000","°C","100.000","%a.s.","22.210","deg","20.000","°C","971.000","hPa","0.826","-0.01532","0.000401","-0.00012","0","11.08","Humid","26.60","0","20.10","230772.70","SABD0002000011","AAV2.0.0.13","2.1.0.383","PSt7-10","171027-000","6/27/2018 9:55:33 AM","0000-00","0","no battery","V"
"08/23/2019","12:47:19","1","default","104940808","OXY1","11.311","min","172.864","μmol/L","Humid","21.180","deg","91790","µV","31.122","°C","1022.000","hPa","36.0","pmil","0","55.680","deg","20.000","°C","100.000","%a.s.","22.210","deg","20.000","°C","971.000","hPa","0.826","-0.01532","0.000401","-0.00012","0","11.08","Humid","26.60","0","20.10","230760.27","SABD0002000011","AAV2.0.0.13","2.1.0.383","PSt7-10","171027-000","6/27/2018 9:55:33 AM","0000-00","0","no battery","V"
"08/23/2019","12:47:20","1","default","104940808","OXY1","11.327","min","172.868","μmol/L","Humid","21.182","deg","91788","µV","31.116","°C","1022.000","hPa","36.0","pmil","0","55.680","deg","20.000","°C","100.000","%a.s.","22.210","deg","20.000","°C","971.000","hPa","0.826","-0.01532","0.000401","-0.00012","0","11.08","Humid","26.60","0","20.10","230772.12","SABD0002000011","AAV2.0.0.13","2.1.0.383","PSt7-10","171027-000","6/27/2018 9:55:33 AM","0000-00","0","no battery","V"
"08/23/2019","12:47:21","1","default","104940808","OXY1","11.344","min","172.861","μmol/L","Humid","21.178","deg","91792","µV","31.128","°C","1022.000","hPa","36.0","pmil","0","55.680","deg","20.000","°C","100.000","%a.s.","22.210","deg","20.000","°C","971.000","hPa","0.826","-0.01532","0.000401","-0.00012","0","11.08","Humid","26.60","0","20.10","230765.66","SABD0002000011","AAV2.0.0.13","2.1.0.383","PSt7-10","171027-000","6/27/2018 9:55:33 AM","0000-00","0","no battery","V"
"08/23/2019","12:47:22","1","default","104940808","OXY1","11.360","min","172.846","μmol/L","Humid","21.179","deg","91791","µV","31.128","°C","1022.000","hPa","36.0","pmil","0","55.680","deg","20.000","°C","100.000","%a.s.","22.210","deg","20.000","°C","971.000","hPa","0.826","-0.01532","0.000401","-0.00012","0","11.08","Humid","26.60","0","20.10","230772.18","SABD0002000011","AAV2.0.0.13","2.1.0.383","PSt7-10","171027-000","6/27/2018 9:55:33 AM","0000-00","0","no battery","V"
"08/23/2019","12:47:23","1","default","104940808","OXY1","11.377","min","172.834","μmol/L","Humid","21.182","deg","91783","µV","31.122","°C","1022.000","hPa","36.0","pmil","0","55.680","deg","20.000","°C","100.000","%a.s.","22.210","deg","20.000","°C","971.000","hPa","0.826","-0.01532","0.000401","-0.00012","0","11.08","Humid","26.60","0","20.10","230759.91","SABD0002000011","AAV2.0.0.13","2.1.0.383","PSt7-10","171027-000","6/27/2018 9:55:33 AM","0000-00","0","no battery","V"
"08/23/2019","12:47:24","1","default","104940808","OXY1","11.393","min","172.818","μmol/L","Humid","21.183","deg","91788","µV","31.122","°C","1022.000","hPa","36.0","pmil","0","55.680","deg","20.000","°C","100.000","%a.s.","22.210","deg","20.000","°C","971.000","hPa","0.826","-0.01532","0.000401","-0.00012","0","11.08","Humid","26.60","0","20.10","230751.79","SABD0002000011","AAV2.0.0.13","2.1.0.383","PSt7-10","171027-000","6/27/2018 9:55:33 AM","0000-00","0","no battery","V"
"08/23/2019","12:47:25","1","default","104940808","OXY1","11.410","min","172.803","μmol/L","Humid","21.184","deg","91784","µV","31.122","°C","1022.000","hPa","36.0","pmil","0","55.680","deg","20.000","°C","100.000","%a.s.","22.210","deg","20.000","°C","971.000","hPa","0.826","-0.01532","0.000401","-0.00012","0","11.08","Humid","26.60","0","20.10","230750.80","SABD0002000011","AAV2.0.0.13","2.1.0.383","PSt7-10","171027-000","6/27/2018 9:55:33 AM","0000-00","0","no battery","V"
"08/23/2019","12:47:26","1","default","104940808","OXY1","11.427","min","172.818","μmol/L","Humid","21.183","deg","91785","µV","31.122","°C","1022.000","hPa","36.0","pmil","0","55.680","deg","20.000","°C","100.000","%a.s.","22.210","deg","20.000","°C","971.000","hPa","0.826","-0.01532","0.000401","-0.00012","0","11.08","Humid","26.60","0","20.10","230746.64","SABD0002000011","AAV2.0.0.13","2.1.0.383","PSt7-10","171027-000","6/27/2018 9:55:33 AM","0000-00","0","no battery","V"
"08/23/2019","12:47:27","1","default","104940808","OXY1","11.444","min","172.803","μmol/L","Humid","21.184","deg","91795","µV","31.122","°C","1022.000","hPa","36.0","pmil","0","55.680","deg","20.000","°C","100.000","%a.s.","22.210","deg","20.000","°C","971.000","hPa","0.826","-0.01532","0.000401","-0.00012","0","11.08","Humid","26.60","0","20.10","230753.90","SABD0002000011","AAV2.0.0.13","2.1.0.383","PSt7-10","171027-000","6/27/2018 9:55:33 AM","0000-00","0","no battery","V"
"08/23/2019","12:47:28","1","default","104940808","OXY1","11.461","min","172.788","μmol/L","Humid","21.185","deg","91787","µV","31.122","°C","1022.000","hPa","36.0","pmil","0","55.680","deg","20.000","°C","100.000","%a.s.","22.210","deg","20.000","°C","971.000","hPa","0.826","-0.01532","0.000401","-0.00012","0","11.08","Humid","26.60","0","20.10","230755.69","SABD0002000011","AAV2.0.0.13","2.1.0.383","PSt7-10","171027-000","6/27/2018 9:55:33 AM","0000-00","0","no battery","V"
"08/23/2019","12:47:29","1","default","104940808","OXY1","11.477","min","172.746","μmol/L","Humid","21.185","deg","91789","µV","31.128","°C","1021.000","hPa","36.0","pmil","0","55.680","deg","20.000","°C","100.000","%a.s.","22.210","deg","20.000","°C","971.000","hPa","0.826","-0.01532","0.000401","-0.00012","0","11.08","Humid","26.60","0","20.10","230745.94","SABD0002000011","AAV2.0.0.13","2.1.0.383","PSt7-10","171027-000","6/27/2018 9:55:33 AM","0000-00","0","no battery","V"
"08/23/2019","12:47:30","1","default","104940808","OXY1","11.494","min","172.784","μmol/L","Humid","21.183","deg","91789","µV","31.128","°C","1022.000","hPa","36.0","pmil","0","55.680","deg","20.000","°C","100.000","%a.s.","22.210","deg","20.000","°C","971.000","hPa","0.826","-0.01532","0.000401","-0.00012","0","11.08","Humid","26.60","0","20.10","230752.71","SABD0002000011","AAV2.0.0.13","2.1.0.383","PSt7-10","171027-000","6/27/2018 9:55:33 AM","0000-00","0","no battery","V"
"08/23/2019","12:47:31","1","default","104940808","OXY1","11.510","min","172.883","μmol/L","Humid","21.181","deg","91793","µV","31.116","°C","1022.000","hPa","36.0","pmil","0","55.680","deg","20.000","°C","100.000","%a.s.","22.210","deg","20.000","°C","971.000","hPa","0.826","-0.01532","0.000401","-0.00012","0","11.08","Humid","26.60","0","20.10","230748.04","SABD0002000011","AAV2.0.0.13","2.1.0.383","PSt7-10","171027-000","6/27/2018 9:55:33 AM","0000-00","0","no battery","V"
"08/23/2019","12:47:32","1","default","104940808","OXY1","11.527","min","172.788","μmol/L","Humid","21.185","deg","91784","µV","31.122","°C","1022.000","hPa","36.0","pmil","0","55.680","deg","20.000","°C","100.000","%a.s.","22.210","deg","20.000","°C","971.000","hPa","0.826","-0.01532","0.000401","-0.00012","0","11.08","Humid","26.60","0","20.10","230752.92","SABD0002000011","AAV2.0.0.13","2.1.0.383","PSt7-10","171027-000","6/27/2018 9:55:33 AM","0000-00","0","no battery","V"
"08/23/2019","12:47:33","1","default","104940808","OXY1","11.543","min","172.901","μmol/L","Humid","21.182","deg","91780","µV","31.110","°C","1022.000","hPa","36.0","pmil","0","55.680","deg","20.000","°C","100.000","%a.s.","22.210","deg","20.000","°C","971.000","hPa","0.826","-0.01532","0.000401","-0.00012","0","11.08","Humid","26.60","0","20.10","230742.98","SABD0002000011","AAV2.0.0.13","2.1.0.383","PSt7-10","171027-000","6/27/2018 9:55:33 AM","0000-00","0","no battery","V"
"08/23/2019","12:47:34","1","default","104940808","OXY1","11.560","min","172.834","μmol/L","Humid","21.182","deg","91789","µV","31.122","°C","1022.000","hPa","36.0","pmil","0","55.680","deg","20.000","°C","100.000","%a.s.","22.210","deg","20.000","°C","971.000","hPa","0.826","-0.01532","0.000401","-0.00012","0","11.08","Humid","26.60","0","20.10","230758.08","SABD0002000011","AAV2.0.0.13","2.1.0.383","PSt7-10","171027-000","6/27/2018 9:55:33 AM","0000-00","0","no battery","V"
"08/23/2019","12:47:35","1","default","104940808","OXY1","11.577","min","172.764","μmol/L","Humid","21.186","deg","91788","µV","31.122","°C","1021.000","hPa","36.0","pmil","0","55.680","deg","20.000","°C","100.000","%a.s.","22.210","deg","20.000","°C","971.000","hPa","0.826","-0.01532","0.000401","-0.00012","0","11.08","Humid","26.60","0","20.10","230747.30","SABD0002000011","AAV2.0.0.13","2.1.0.383","PSt7-10","171027-000","6/27/2018 9:55:33 AM","0000-00","0","no battery","V"
"08/23/2019","12:47:36","1","default","104940808","OXY1","11.594","min","172.803","μmol/L","Humid","21.184","deg","91788","µV","31.122","°C","1022.000","hPa","36.0","pmil","0","55.680","deg","20.000","°C","100.000","%a.s.","22.210","deg","20.000","°C","971.000","hPa","0.826","-0.01532","0.000401","-0.00012","0","11.08","Humid","26.60","0","20.10","230743.89","SABD0002000011","AAV2.0.0.13","2.1.0.383","PSt7-10","171027-000","6/27/2018 9:55:33 AM","0000-00","0","no battery","V"
"08/23/2019","12:47:37","1","default","104940808","OXY1","11.611","min","172.788","μmol/L","Humid","21.185","deg","91786","µV","31.122","°C","1022.000","hPa","36.0","pmil","0","55.680","deg","20.000","°C","100.000","%a.s.","22.210","deg","20.000","°C","971.000","hPa","0.826","-0.01532","0.000401","-0.00012","0","11.08","Humid","26.60","0","20.10","230740.41","SABD0002000011","AAV2.0.0.13","2.1.0.383","PSt7-10","171027-000","6/27/2018 9:55:33 AM","0000-00","0","no battery","V"
"08/23/2019","12:47:38","1","default","104940808","OXY1","11.627","min","172.791","μmol/L","Humid","21.187","deg","91784","µV","31.116","°C","1022.000","hPa","36.0","pmil","0","55.680","deg","20.000","°C","100.000","%a.s.","22.210","deg","20.000","°C","971.000","hPa","0.826","-0.01532","0.000401","-0.00012","0","11.08","Humid","26.60","0","20.10","230730.12","SABD0002000011","AAV2.0.0.13","2.1.0.383","PSt7-10","171027-000","6/27/2018 9:55:33 AM","0000-00","0","no battery","V"
"08/23/2019","12:47:39","1","default","104940808","OXY1","11.643","min","172.757","μmol/L","Humid","21.187","deg","91789","µV","31.122","°C","1022.000","hPa","36.0","pmil","0","55.680","deg","20.000","°C","100.000","%a.s.","22.210","deg","20.000","°C","971.000","hPa","0.826","-0.01532","0.000401","-0.00012","0","11.08","Humid","26.60","0","20.10","230735.09","SABD0002000011","AAV2.0.0.13","2.1.0.383","PSt7-10","171027-000","6/27/2018 9:55:33 AM","0000-00","0","no battery","V"
"08/23/2019","12:47:40","1","default","104940808","OXY1","11.660","min","172.776","μmol/L","Humid","21.188","deg","91792","µV","31.116","°C","1022.000","hPa","36.0","pmil","0","55.680","deg","20.000","°C","100.000","%a.s.","22.210","deg","20.000","°C","971.000","hPa","0.826","-0.01532","0.000401","-0.00012","0","11.08","Humid","26.60","0","20.10","230739.63","SABD0002000011","AAV2.0.0.13","2.1.0.383","PSt7-10","171027-000","6/27/2018 9:55:33 AM","0000-00","0","no battery","V"
"08/23/2019","12:47:41","1","default","104940808","OXY1","11.677","min","172.818","μmol/L","Humid","21.183","deg","91788","µV","31.122","°C","1022.000","hPa","36.0","pmil","0","55.680","deg","20.000","°C","100.000","%a.s.","22.210","deg","20.000","°C","971.000","hPa","0.826","-0.01532","0.000401","-0.00012","0","11.08","Humid","26.60","0","20.10","230741.57","SABD0002000011","AAV2.0.0.13","2.1.0.383","PSt7-10","171027-000","6/27/2018 9:55:33 AM","0000-00","0","no battery","V"
"08/23/2019","12:47:42","1","default","104940808","OXY1","11.694","min","172.742","μmol/L","Humid","21.188","deg","91791","µV","31.122","°C","1022.000","hPa","36.0","pmil","0","55.680","deg","20.000","°C","100.000","%a.s.","22.210","deg","20.000","°C","971.000","hPa","0.826","-0.01532","0.000401","-0.00012","0","11.08","Humid","26.60","0","20.10","230744.94","SABD0002000011","AAV2.0.0.13","2.1.0.383","PSt7-10","171027-000","6/27/2018 9:55:33 AM","0000-00","0","no battery","V"
"08/23/2019","12:47:43","1","default","104940808","OXY1","11.710","min","172.800","μmol/L","Humid","21.182","deg","91786","µV","31.128","°C","1022.000","hPa","36.0","pmil","0","55.680","deg","20.000","°C","100.000","%a.s.","22.210","deg","20.000","°C","971.000","hPa","0.826","-0.01532","0.000401","-0.00012","0","11.08","Humid","26.60","0","20.10","230736.54","SABD0002000011","AAV2.0.0.13","2.1.0.383","PSt7-10","171027-000","6/27/2018 9:55:33 AM","0000-00","0","no battery","V"
"08/23/2019","12:47:44","1","default","104940808","OXY1","11.727","min","172.738","μmol/L","Humid","21.186","deg","91782","µV","31.128","°C","1022.000","hPa","36.0","pmil","0","55.680","deg","20.000","°C","100.000","%a.s.","22.210","deg","20.000","°C","971.000","hPa","0.826","-0.01532","0.000401","-0.00012","0","11.08","Humid","26.60","0","20.10","230726.65","SABD0002000011","AAV2.0.0.13","2.1.0.383","PSt7-10","171027-000","6/27/2018 9:55:33 AM","0000-00","0","no battery","V"
"08/23/2019","12:47:45","1","default","104940808","OXY1","11.744","min","172.692","μmol/L","Humid","21.189","deg","91781","µV","31.128","°C","1022.000","hPa","36.0","pmil","0","55.680","deg","20.000","°C","100.000","%a.s.","22.210","deg","20.000","°C","971.000","hPa","0.826","-0.01532","0.000401","-0.00012","0","11.08","Humid","26.60","0","20.10","230737.37","SABD0002000011","AAV2.0.0.13","2.1.0.383","PSt7-10","171027-000","6/27/2018 9:55:33 AM","0000-00","0","no battery","V"
"08/23/2019","12:47:46","1","default","104940808","OXY1","11.761","min","172.738","μmol/L","Humid","21.186","deg","91785","µV","31.128","°C","1022.000","hPa","36.0","pmil","0","55.680","deg","20.000","°C","100.000","%a.s.","22.210","deg","20.000","°C","971.000","hPa","0.826","-0.01532","0.000401","-0.00012","0","11.08","Humid","26.60","0","20.10","230725.96","SABD0002000011","AAV2.0.0.13","2.1.0.383","PSt7-10","171027-000","6/27/2018 9:55:33 AM","0000-00","0","no battery","V"
"08/23/2019","12:47:47","1","default","104940808","OXY1","11.777","min","172.769","μmol/L","Humid","21.184","deg","91778","µV","31.128","°C","1022.000","hPa","36.0","pmil","0","55.680","deg","20.000","°C","100.000","%a.s.","22.210","deg","20.000","°C","971.000","hPa","0.826","-0.01532","0.000401","-0.00012","0","11.08","Humid","26.60","0","20.10","230733.89","SABD0002000011","AAV2.0.0.13","2.1.0.383","PSt7-10","171027-000","6/27/2018 9:55:33 AM","0000-00","0","no battery","V"
"08/23/2019","12:47:48","1","default","104940808","OXY1","11.794","min","172.818","μmol/L","Humid","21.183","deg","91774","µV","31.122","°C","1022.000","hPa","36.0","pmil","0","55.680","deg","20.000","°C","100.000","%a.s.","22.210","deg","20.000","°C","971.000","hPa","0.826","-0.01532","0.000401","-0.00012","0","11.08","Humid","26.60","0","20.10","230730.82","SABD0002000011","AAV2.0.0.13","2.1.0.383","PSt7-10","171027-000","6/27/2018 9:55:33 AM","0000-00","0","no battery","V"
"08/23/2019","12:47:49","1","default","104940808","OXY1","11.810","min","172.769","μmol/L","Humid","21.184","deg","91777","µV","31.128","°C","1022.000","hPa","36.0","pmil","0","55.680","deg","20.000","°C","100.000","%a.s.","22.210","deg","20.000","°C","971.000","hPa","0.826","-0.01532","0.000401","-0.00012","0","11.08","Humid","26.60","0","20.10","230723.36","SABD0002000011","AAV2.0.0.13","2.1.0.383","PSt7-10","171027-000","6/27/2018 9:55:33 AM","0000-00","0","no battery","V"
"08/23/2019","12:47:50","1","default","104940808","OXY1","11.827","min","172.800","μmol/L","Humid","21.182","deg","91776","µV","31.128","°C","1022.000","hPa","36.0","pmil","0","55.680","deg","20.000","°C","100.000","%a.s.","22.210","deg","20.000","°C","971.000","hPa","0.826","-0.01532","0.000401","-0.00012","0","11.08","Humid","26.60","0","20.10","230726.48","SABD0002000011","AAV2.0.0.13","2.1.0.383","PSt7-10","171027-000","6/27/2018 9:55:33 AM","0000-00","0","no battery","V"
"08/23/2019","12:47:51","1","default","104940808","OXY1","11.843","min","172.818","μmol/L","Humid","21.183","deg","91773","µV","31.122","°C","1022.000","hPa","36.0","pmil","0","55.680","deg","20.000","°C","100.000","%a.s.","22.210","deg","20.000","°C","971.000","hPa","0.826","-0.01532","0.000401","-0.00012","0","11.08","Humid","26.60","0","20.10","230722.65","SABD0002000011","AAV2.0.0.13","2.1.0.383","PSt7-10","171027-000","6/27/2018 9:55:33 AM","0000-00","0","no battery","V"
"08/23/2019","12:47:52","1","default","104940808","OXY1","11.860","min","172.800","μmol/L","Humid","21.182","deg","91778","µV","31.128","°C","1022.000","hPa","36.0","pmil","0","55.680","deg","20.000","°C","100.000","%a.s.","22.210","deg","20.000","°C","971.000","hPa","0.826","-0.01532","0.000401","-0.00012","0","11.08","Humid","26.60","0","20.10","230724.22","SABD0002000011","AAV2.0.0.13","2.1.0.383","PSt7-10","171027-000","6/27/2018 9:55:33 AM","0000-00","0","no battery","V"
"08/23/2019","12:47:53","1","default","104940808","OXY1","11.877","min","172.715","μmol/L","Humid","21.187","deg","91774","µV","31.128","°C","1021.000","hPa","36.0","pmil","0","55.680","deg","20.000","°C","100.000","%a.s.","22.210","deg","20.000","°C","971.000","hPa","0.826","-0.01532","0.000401","-0.00012","0","11.08","Humid","26.60","0","20.10","230710.66","SABD0002000011","AAV2.0.0.13","2.1.0.383","PSt7-10","171027-000","6/27/2018 9:55:33 AM","0000-00","0","no battery","V"
"08/23/2019","12:47:54","1","default","104940808","OXY1","11.894","min","172.795","μmol/L","Humid","21.184","deg","91776","µV","31.122","°C","1021.000","hPa","36.0","pmil","0","55.680","deg","20.000","°C","100.000","%a.s.","22.210","deg","20.000","°C","971.000","hPa","0.826","-0.01532","0.000401","-0.00012","0","11.08","Humid","26.60","0","20.10","230720.02","SABD0002000011","AAV2.0.0.13","2.1.0.383","PSt7-10","171027-000","6/27/2018 9:55:33 AM","0000-00","0","no battery","V"
"08/23/2019","12:47:55","1","default","104940808","OXY1","11.911","min","172.769","μmol/L","Humid","21.184","deg","91768","µV","31.128","°C","1022.000","hPa","36.0","pmil","0","55.680","deg","20.000","°C","100.000","%a.s.","22.210","deg","20.000","°C","971.000","hPa","0.826","-0.01532","0.000401","-0.00012","0","11.08","Humid","26.60","0","20.10","230725.09","SABD0002000011","AAV2.0.0.13","2.1.0.383","PSt7-10","171027-000","6/27/2018 9:55:33 AM","0000-00","0","no battery","V"
"08/23/2019","12:47:56","1","default","104940808","OXY1","11.927","min","172.751","μmol/L","Humid","21.183","deg","91769","µV","31.135","°C","1022.000","hPa","36.0","pmil","0","55.680","deg","20.000","°C","100.000","%a.s.","22.210","deg","20.000","°C","971.000","hPa","0.826","-0.01532","0.000401","-0.00012","0","11.08","Humid","26.60","0","20.10","230720.62","SABD0002000011","AAV2.0.0.13","2.1.0.383","PSt7-10","171027-000","6/27/2018 9:55:33 AM","0000-00","0","no battery","V"
"08/23/2019","12:47:57","1","default","104940808","OXY1","11.944","min","172.732","μmol/L","Humid","21.182","deg","91772","µV","31.141","°C","1022.000","hPa","36.0","pmil","0","55.680","deg","20.000","°C","100.000","%a.s.","22.210","deg","20.000","°C","971.000","hPa","0.826","-0.01532","0.000401","-0.00012","0","11.08","Humid","26.60","0","20.10","230719.00","SABD0002000011","AAV2.0.0.13","2.1.0.383","PSt7-10","171027-000","6/27/2018 9:55:33 AM","0000-00","0","no battery","V"
"08/23/2019","12:47:58","1","default","104940808","OXY1","11.960","min","172.766","μmol/L","Humid","21.182","deg","91774","µV","31.135","°C","1022.000","hPa","36.0","pmil","0","55.680","deg","20.000","°C","100.000","%a.s.","22.210","deg","20.000","°C","971.000","hPa","0.826","-0.01532","0.000401","-0.00012","0","11.08","Humid","26.60","0","20.10","230716.38","SABD0002000011","AAV2.0.0.13","2.1.0.383","PSt7-10","171027-000","6/27/2018 9:55:33 AM","0000-00","0","no battery","V"
"08/23/2019","12:47:59","1","default","104940808","OXY1","11.977","min","172.671","μmol/L","Humid","21.186","deg","91777","µV","31.141","°C","1022.000","hPa","36.0","pmil","0","55.680","deg","20.000","°C","100.000","%a.s.","22.210","deg","20.000","°C","971.000","hPa","0.826","-0.01532","0.000401","-0.00012","0","11.08","Humid","26.60","0","20.10","230721.01","SABD0002000011","AAV2.0.0.13","2.1.0.383","PSt7-10","171027-000","6/27/2018 9:55:33 AM","0000-00","0","no battery","V"
"08/23/2019","12:48:00","1","default","104940808","OXY1","11.993","min","172.738","μmol/L","Humid","21.186","deg","91773","µV","31.128","°C","1022.000","hPa","36.0","pmil","0","55.680","deg","20.000","°C","100.000","%a.s.","22.210","deg","20.000","°C","971.000","hPa","0.826","-0.01532","0.000401","-0.00012","0","11.08","Humid","26.60","0","20.10","230722.98","SABD0002000011","AAV2.0.0.13","2.1.0.383","PSt7-10","171027-000","6/27/2018 9:55:33 AM","0000-00","0","no battery","V"
"08/23/2019","12:48:01","1","default","104940808","OXY1","12.010","min","172.692","μmol/L","Humid","21.189","deg","91783","µV","31.128","°C","1022.000","hPa","36.0","pmil","0","55.680","deg","20.000","°C","100.000","%a.s.","22.210","deg","20.000","°C","971.000","hPa","0.826","-0.01532","0.000401","-0.00012","0","11.08","Humid","26.60","0","20.10","230729.36","SABD0002000011","AAV2.0.0.13","2.1.0.383","PSt7-10","171027-000","6/27/2018 9:55:33 AM","0000-00","0","no battery","V"
"08/23/2019","12:48:02","1","default","104940808","OXY1","12.027","min","172.726","μmol/L","Humid","21.189","deg","91781","µV","31.122","°C","1022.000","hPa","36.0","pmil","0","55.680","deg","20.000","°C","100.000","%a.s.","22.210","deg","20.000","°C","971.000","hPa","0.826","-0.01532","0.000401","-0.00012","0","11.08","Humid","26.60","0","20.10","230714.78","SABD0002000011","AAV2.0.0.13","2.1.0.383","PSt7-10","171027-000","6/27/2018 9:55:33 AM","0000-00","0","no battery","V"
"08/23/2019","12:48:03","1","default","104940808","OXY1","12.044","min","172.772","μmol/L","Humid","21.186","deg","91786","µV","31.122","°C","1022.000","hPa","36.0","pmil","0","55.680","deg","20.000","°C","100.000","%a.s.","22.210","deg","20.000","°C","971.000","hPa","0.826","-0.01532","0.000401","-0.00012","0","11.08","Humid","26.60","0","20.10","230733.26","SABD0002000011","AAV2.0.0.13","2.1.0.383","PSt7-10","171027-000","6/27/2018 9:55:33 AM","0000-00","0","no battery","V"
"08/23/2019","12:48:04","1","default","104940808","OXY1","12.060","min","172.791","μmol/L","Humid","21.187","deg","91779","µV","31.116","°C","1022.000","hPa","36.0","pmil","0","55.680","deg","20.000","°C","100.000","%a.s.","22.210","deg","20.000","°C","971.000","hPa","0.826","-0.01532","0.000401","-0.00012","0","11.08","Humid","26.60","0","20.10","230713.73","SABD0002000011","AAV2.0.0.13","2.1.0.383","PSt7-10","171027-000","6/27/2018 9:55:33 AM","0000-00","0","no battery","V"
"08/23/2019","12:48:05","1","default","104940808","OXY1","12.077","min","172.696","μmol/L","Humid","21.191","deg","91782","µV","31.122","°C","1022.000","hPa","36.0","pmil","0","55.680","deg","20.000","°C","100.000","%a.s.","22.210","deg","20.000","°C","971.000","hPa","0.826","-0.01532","0.000401","-0.00012","0","11.08","Humid","26.60","0","20.10","230718.37","SABD0002000011","AAV2.0.0.13","2.1.0.383","PSt7-10","171027-000","6/27/2018 9:55:33 AM","0000-00","0","no battery","V"
"08/23/2019","12:48:06","1","default","104940808","OXY1","12.094","min","172.723","μmol/L","Humid","21.187","deg","91778","µV","31.128","°C","1022.000","hPa","36.0","pmil","0","55.680","deg","20.000","°C","100.000","%a.s.","22.210","deg","20.000","°C","971.000","hPa","0.826","-0.01532","0.000401","-0.00012","0","11.08","Humid","26.60","0","20.10","230712.11","SABD0002000011","AAV2.0.0.13","2.1.0.383","PSt7-10","171027-000","6/27/2018 9:55:33 AM","0000-00","0","no battery","V"
"08/23/2019","12:48:07","1","default","104940808","OXY1","12.110","min","172.662","μmol/L","Humid","21.191","deg","91779","µV","31.128","°C","1022.000","hPa","36.0","pmil","0","55.680","deg","20.000","°C","100.000","%a.s.","22.210","deg","20.000","°C","971.000","hPa","0.826","-0.01532","0.000401","-0.00012","0","11.08","Humid","26.60","0","20.10","230721.93","SABD0002000011","AAV2.0.0.13","2.1.0.383","PSt7-10","171027-000","6/27/2018 9:55:33 AM","0000-00","0","no battery","V"
"08/23/2019","12:48:08","1","default","104940808","OXY1","12.127","min","172.662","μmol/L","Humid","21.191","deg","91777","µV","31.128","°C","1022.000","hPa","36.0","pmil","0","55.680","deg","20.000","°C","100.000","%a.s.","22.210","deg","20.000","°C","971.000","hPa","0.826","-0.01532","0.000401","-0.00012","0","11.08","Humid","26.60","0","20.10","230719.32","SABD0002000011","AAV2.0.0.13","2.1.0.383","PSt7-10","171027-000","6/27/2018 9:55:33 AM","0000-00","0","no battery","V"
"08/23/2019","12:48:09","1","default","104940808","OXY1","12.143","min","172.646","μmol/L","Humid","21.192","deg","91781","µV","31.128","°C","1022.000","hPa","36.0","pmil","0","55.680","deg","20.000","°C","100.000","%a.s.","22.210","deg","20.000","°C","971.000","hPa","0.826","-0.01532","0.000401","-0.00012","0","11.08","Humid","26.60","0","20.10","230699.67","SABD0002000011","AAV2.0.0.13","2.1.0.383","PSt7-10","171027-000","6/27/2018 9:55:33 AM","0000-00","0","no battery","V"
"08/23/2019","12:48:10","1","default","104940808","OXY1","12.160","min","172.754","μmol/L","Humid","21.185","deg","91779","µV","31.128","°C","1022.000","hPa","36.0","pmil","0","55.680","deg","20.000","°C","100.000","%a.s.","22.210","deg","20.000","°C","971.000","hPa","0.826","-0.01532","0.000401","-0.00012","0","11.08","Humid","26.60","0","20.10","230715.07","SABD0002000011","AAV2.0.0.13","2.1.0.383","PSt7-10","171027-000","6/27/2018 9:55:33 AM","0000-00","0","no battery","V"
"08/23/2019","12:48:11","1","default","104940808","OXY1","12.177","min","172.723","μmol/L","Humid","21.187","deg","91776","µV","31.128","°C","1022.000","hPa","36.0","pmil","0","55.680","deg","20.000","°C","100.000","%a.s.","22.210","deg","20.000","°C","971.000","hPa","0.826","-0.01532","0.000401","-0.00012","0","11.08","Humid","26.60","0","20.10","230713.22","SABD0002000011","AAV2.0.0.13","2.1.0.383","PSt7-10","171027-000","6/27/2018 9:55:33 AM","0000-00","0","no battery","V"
"08/23/2019","12:48:12","1","default","104940808","OXY1","12.194","min","172.754","μmol/L","Humid","21.185","deg","91782","µV","31.128","°C","1022.000","hPa","36.0","pmil","0","55.680","deg","20.000","°C","100.000","%a.s.","22.210","deg","20.000","°C","971.000","hPa","0.826","-0.01532","0.000401","-0.00012","0","11.08","Humid","26.60","0","20.10","230709.16","SABD0002000011","AAV2.0.0.13","2.1.0.383","PSt7-10","171027-000","6/27/2018 9:55:33 AM","0000-00","0","no battery","V"
"08/23/2019","12:48:13","1","default","104940808","OXY1","12.210","min","172.738","μmol/L","Humid","21.186","deg","91776","µV","31.128","°C","1022.000","hPa","36.0","pmil","0","55.680","deg","20.000","°C","100.000","%a.s.","22.210","deg","20.000","°C","971.000","hPa","0.826","-0.01532","0.000401","-0.00012","0","11.08","Humid","26.60","0","20.10","230700.95","SABD0002000011","AAV2.0.0.13","2.1.0.383","PSt7-10","171027-000","6/27/2018 9:55:33 AM","0000-00","0","no battery","V"
"08/23/2019","12:48:14","1","default","104940808","OXY1","12.227","min","172.705","μmol/L","Humid","21.186","deg","91770","µV","31.135","°C","1022.000","hPa","36.0","pmil","0","55.680","deg","20.000","°C","100.000","%a.s.","22.210","deg","20.000","°C","971.000","hPa","0.826","-0.01532","0.000401","-0.00012","0","11.08","Humid","26.60","0","20.10","230697.25","SABD0002000011","AAV2.0.0.13","2.1.0.383","PSt7-10","171027-000","6/27/2018 9:55:33 AM","0000-00","0","no battery","V"
"08/23/2019","12:48:15","1","default","104940808","OXY1","12.244","min","172.708","μmol/L","Humid","21.188","deg","91777","µV","31.128","°C","1022.000","hPa","36.0","pmil","0","55.680","deg","20.000","°C","100.000","%a.s.","22.210","deg","20.000","°C","971.000","hPa","0.826","-0.01532","0.000401","-0.00012","0","11.08","Humid","26.60","0","20.10","230705.58","SABD0002000011","AAV2.0.0.13","2.1.0.383","PSt7-10","171027-000","6/27/2018 9:55:33 AM","0000-00","0","no battery","V"
"08/23/2019","12:48:16","1","default","104940808","OXY1","12.261","min","172.742","μmol/L","Humid","21.188","deg","91777","µV","31.122","°C","1022.000","hPa","36.0","pmil","0","55.680","deg","20.000","°C","100.000","%a.s.","22.210","deg","20.000","°C","971.000","hPa","0.826","-0.01532","0.000401","-0.00012","0","11.08","Humid","26.60","0","20.10","230706.55","SABD0002000011","AAV2.0.0.13","2.1.0.383","PSt7-10","171027-000","6/27/2018 9:55:33 AM","0000-00","0","no battery","V"
"08/23/2019","12:48:17","1","default","104940808","OXY1","12.277","min","172.659","μmol/L","Humid","21.189","deg","91782","µV","31.135","°C","1022.000","hPa","36.0","pmil","0","55.680","deg","20.000","°C","100.000","%a.s.","22.210","deg","20.000","°C","971.000","hPa","0.826","-0.01532","0.000401","-0.00012","0","11.08","Humid","26.60","0","20.10","230712.69","SABD0002000011","AAV2.0.0.13","2.1.0.383","PSt7-10","171027-000","6/27/2018 9:55:33 AM","0000-00","0","no battery","V"
"08/23/2019","12:48:18","1","default","104940808","OXY1","12.294","min","172.634","μmol/L","Humid","21.195","deg","91779","µV","31.122","°C","1022.000","hPa","36.0","pmil","0","55.680","deg","20.000","°C","100.000","%a.s.","22.210","deg","20.000","°C","971.000","hPa","0.826","-0.01532","0.000401","-0.00012","0","11.08","Humid","26.60","0","20.10","230696.40","SABD0002000011","AAV2.0.0.13","2.1.0.383","PSt7-10","171027-000","6/27/2018 9:55:33 AM","0000-00","0","no battery","V"
"08/23/2019","12:48:19","1","default","104940808","OXY1","12.310","min","172.742","μmol/L","Humid","21.188","deg","91783","µV","31.122","°C","1022.000","hPa","36.0","pmil","0","55.680","deg","20.000","°C","100.000","%a.s.","22.210","deg","20.000","°C","971.000","hPa","0.826","-0.01532","0.000401","-0.00012","0","11.08","Humid","26.60","0","20.10","230705.52","SABD0002000011","AAV2.0.0.13","2.1.0.383","PSt7-10","171027-000","6/27/2018 9:55:33 AM","0000-00","0","no battery","V"
"08/23/2019","12:48:20","1","default","104940808","OXY1","12.327","min","172.742","μmol/L","Humid","21.188","deg","91767","µV","31.122","°C","1022.000","hPa","36.0","pmil","0","55.680","deg","20.000","°C","100.000","%a.s.","22.210","deg","20.000","°C","971.000","hPa","0.826","-0.01532","0.000401","-0.00012","0","11.08","Humid","26.60","0","20.10","230687.31","SABD0002000011","AAV2.0.0.13","2.1.0.383","PSt7-10","171027-000","6/27/2018 9:55:33 AM","0000-00","0","no battery","V"
"08/23/2019","12:48:21","1","default","104940808","OXY1","12.343","min","172.692","μmol/L","Humid","21.189","deg","91776","µV","31.128","°C","1022.000","hPa","36.0","pmil","0","55.680","deg","20.000","°C","100.000","%a.s.","22.210","deg","20.000","°C","971.000","hPa","0.826","-0.01532","0.000401","-0.00012","0","11.08","Humid","26.60","0","20.10","230701.21","SABD0002000011","AAV2.0.0.13","2.1.0.383","PSt7-10","171027-000","6/27/2018 9:55:33 AM","0000-00","0","no battery","V"
"08/23/2019","12:48:22","1","default","104940808","OXY1","12.360","min","172.760","μmol/L","Humid","21.189","deg","91768","µV","31.116","°C","1022.000","hPa","36.0","pmil","0","55.680","deg","20.000","°C","100.000","%a.s.","22.210","deg","20.000","°C","971.000","hPa","0.826","-0.01532","0.000401","-0.00012","0","11.08","Humid","26.60","0","20.10","230698.13","SABD0002000011","AAV2.0.0.13","2.1.0.383","PSt7-10","171027-000","6/27/2018 9:55:33 AM","0000-00","0","no battery","V"
"08/23/2019","12:48:23","1","default","104940808","OXY1","12.377","min","172.803","μmol/L","Humid","21.184","deg","91764","µV","31.122","°C","1022.000","hPa","36.0","pmil","0","55.680","deg","20.000","°C","100.000","%a.s.","22.210","deg","20.000","°C","971.000","hPa","0.826","-0.01532","0.000401","-0.00012","0","11.08","Humid","26.60","0","20.10","230694.43","SABD0002000011","AAV2.0.0.13","2.1.0.383","PSt7-10","171027-000","6/27/2018 9:55:33 AM","0000-00","0","no battery","V"
"08/23/2019","12:48:24","1","default","104940808","OXY1","12.394","min","172.723","μmol/L","Humid","21.187","deg","91763","µV","31.128","°C","1022.000","hPa","36.0","pmil","0","55.680","deg","20.000","°C","100.000","%a.s.","22.210","deg","20.000","°C","971.000","hPa","0.826","-0.01532","0.000401","-0.00012","0","11.08","Humid","26.60","0","20.10","230695.65","SABD0002000011","AAV2.0.0.13","2.1.0.383","PSt7-10","171027-000","6/27/2018 9:55:33 AM","0000-00","0","no battery","V"
"08/23/2019","12:48:25","1","default","104940808","OXY1","12.411","min","172.803","μmol/L","Humid","21.184","deg","91760","µV","31.122","°C","1022.000","hPa","36.0","pmil","0","55.680","deg","20.000","°C","100.000","%a.s.","22.210","deg","20.000","°C","971.000","hPa","0.826","-0.01532","0.000401","-0.00012","0","11.08","Humid","26.60","0","20.10","230704.46","SABD0002000011","AAV2.0.0.13","2.1.0.383","PSt7-10","171027-000","6/27/2018 9:55:33 AM","0000-00","0","no battery","V"
"08/23/2019","12:48:26","1","default","104940808","OXY1","12.427","min","172.788","μmol/L","Humid","21.185","deg","91752","µV","31.122","°C","1022.000","hPa","36.0","pmil","0","55.680","deg","20.000","°C","100.000","%a.s.","22.210","deg","20.000","°C","971.000","hPa","0.826","-0.01532","0.000401","-0.00012","0","11.08","Humid","26.60","0","20.10","230684.44","SABD0002000011","AAV2.0.0.13","2.1.0.383","PSt7-10","171027-000","6/27/2018 9:55:33 AM","0000-00","0","no battery","V"
"08/23/2019","12:48:27","1","default","104940808","OXY1","12.444","min","172.837","μmol/L","Humid","21.184","deg","91751","µV","31.116","°C","1022.000","hPa","36.0","pmil","0","55.680","deg","20.000","°C","100.000","%a.s.","22.210","deg","20.000","°C","971.000","hPa","0.826","-0.01532","0.000401","-0.00012","0","11.08","Humid","26.60","0","20.10","230680.63","SABD0002000011","AAV2.0.0.13","2.1.0.383","PSt7-10","171027-000","6/27/2018 9:55:33 AM","0000-00","0","no battery","V"
"08/23/2019","12:48:28","1","default","104940808","OXY1","12.460","min","172.834","μmol/L","Humid","21.182","deg","91759","µV","31.122","°C","1022.000","hPa","36.0","pmil","0","55.680","deg","20.000","°C","100.000","%a.s.","22.210","deg","20.000","°C","971.000","hPa","0.826","-0.01532","0.000401","-0.00012","0","11.08","Humid","26.60","0","20.10","230684.95","SABD0002000011","AAV2.0.0.13","2.1.0.383","PSt7-10","171027-000","6/27/2018 9:55:33 AM","0000-00","0","no battery","V"
"08/23/2019","12:48:29","1","default","104940808","OXY1","12.477","min","172.708","μmol/L","Humid","21.188","deg","91760","µV","31.128","°C","1022.000","hPa","36.0","pmil","0","55.680","deg","20.000","°C","100.000","%a.s.","22.210","deg","20.000","°C","971.000","hPa","0.826","-0.01532","0.000401","-0.00012","0","11.08","Humid","26.60","0","20.10","230696.64","SABD0002000011","AAV2.0.0.13","2.1.0.383","PSt7-10","171027-000","6/27/2018 9:55:33 AM","0000-00","0","no battery","V"
"08/23/2019","12:48:30","1","default","104940808","OXY1","12.493","min","172.742","μmol/L","Humid","21.188","deg","91755","µV","31.122","°C","1022.000","hPa","36.0","pmil","0","55.680","deg","20.000","°C","100.000","%a.s.","22.210","deg","20.000","°C","971.000","hPa","0.826","-0.01532","0.000401","-0.00012","0","11.08","Humid","26.60","0","20.10","230683.95","SABD0002000011","AAV2.0.0.13","2.1.0.383","PSt7-10","171027-000","6/27/2018 9:55:33 AM","0000-00","0","no battery","V"
"08/23/2019","12:48:31","1","default","104940808","OXY1","12.510","min","172.715","μmol/L","Humid","21.187","deg","91763","µV","31.128","°C","1021.000","hPa","36.0","pmil","0","55.680","deg","20.000","°C","100.000","%a.s.","22.210","deg","20.000","°C","971.000","hPa","0.826","-0.01532","0.000401","-0.00012","0","11.08","Humid","26.60","0","20.10","230690.82","SABD0002000011","AAV2.0.0.13","2.1.0.383","PSt7-10","171027-000","6/27/2018 9:55:33 AM","0000-00","0","no battery","V"
"08/23/2019","12:48:32","1","default","104940808","OXY1","12.527","min","172.705","μmol/L","Humid","21.186","deg","91761","µV","31.135","°C","1022.000","hPa","36.0","pmil","0","55.680","deg","20.000","°C","100.000","%a.s.","22.210","deg","20.000","°C","971.000","hPa","0.826","-0.01532","0.000401","-0.00012","0","11.08","Humid","26.60","0","20.10","230690.01","SABD0002000011","AAV2.0.0.13","2.1.0.383","PSt7-10","171027-000","6/27/2018 9:55:33 AM","0000-00","0","no battery","V"
"08/23/2019","12:48:33","1","default","104940808","OXY1","12.544","min","172.723","μmol/L","Humid","21.187","deg","91762","µV","31.128","°C","1022.000","hPa","36.0","pmil","0","55.680","deg","20.000","°C","100.000","%a.s.","22.210","deg","20.000","°C","971.000","hPa","0.826","-0.01532","0.000401","-0.00012","0","11.08","Humid","26.60","0","20.10","230684.76","SABD0002000011","AAV2.0.0.13","2.1.0.383","PSt7-10","171027-000","6/27/2018 9:55:33 AM","0000-00","0","no battery","V"
"08/23/2019","12:48:34","1","default","104940808","OXY1","12.561","min","172.754","μmol/L","Humid","21.185","deg","91758","µV","31.128","°C","1022.000","hPa","36.0","pmil","0","55.680","deg","20.000","°C","100.000","%a.s.","22.210","deg","20.000","°C","971.000","hPa","0.826","-0.01532","0.000401","-0.00012","0","11.08","Humid","26.60","0","20.10","230698.31","SABD0002000011","AAV2.0.0.13","2.1.0.383","PSt7-10","171027-000","6/27/2018 9:55:33 AM","0000-00","0","no battery","V"
"08/23/2019","12:48:35","1","default","104940808","OXY1","12.577","min","172.685","μmol/L","Humid","21.189","deg","91759","µV","31.128","°C","1021.000","hPa","36.0","pmil","0","55.680","deg","20.000","°C","100.000","%a.s.","22.210","deg","20.000","°C","971.000","hPa","0.826","-0.01532","0.000401","-0.00012","0","11.08","Humid","26.60","0","20.10","230679.88","SABD0002000011","AAV2.0.0.13","2.1.0.383","PSt7-10","171027-000","6/27/2018 9:55:33 AM","0000-00","0","no battery","V"
"08/23/2019","12:48:36","1","default","104940808","OXY1","12.594","min","172.723","μmol/L","Humid","21.187","deg","91764","µV","31.128","°C","1022.000","hPa","36.0","pmil","0","55.680","deg","20.000","°C","100.000","%a.s.","22.210","deg","20.000","°C","971.000","hPa","0.826","-0.01532","0.000401","-0.00012","0","11.08","Humid","26.60","0","20.10","230682.75","SABD0002000011","AAV2.0.0.13","2.1.0.383","PSt7-10","171027-000","6/27/2018 9:55:33 AM","0000-00","0","no battery","V"
"08/23/2019","12:48:37","1","default","104940808","OXY1","12.610","min","172.723","μmol/L","Humid","21.187","deg","91766","µV","31.128","°C","1022.000","hPa","36.0","pmil","0","55.680","deg","20.000","°C","100.000","%a.s.","22.210","deg","20.000","°C","971.000","hPa","0.826","-0.01532","0.000401","-0.00012","0","11.08","Humid","26.60","0","20.10","230678.03","SABD0002000011","AAV2.0.0.13","2.1.0.383","PSt7-10","171027-000","6/27/2018 9:55:33 AM","0000-00","0","no battery","V"
"08/23/2019","12:48:38","1","default","104940808","OXY1","12.627","min","172.692","μmol/L","Humid","21.189","deg","91768","µV","31.128","°C","1022.000","hPa","36.0","pmil","0","55.680","deg","20.000","°C","100.000","%a.s.","22.210","deg","20.000","°C","971.000","hPa","0.826","-0.01532","0.000401","-0.00012","0","11.08","Humid","26.60","0","20.10","230672.12","SABD0002000011","AAV2.0.0.13","2.1.0.383","PSt7-10","171027-000","6/27/2018 9:55:33 AM","0000-00","0","no battery","V"
"08/23/2019","12:48:39","1","default","104940808","OXY1","12.643","min","172.662","μmol/L","Humid","21.191","deg","91763","µV","31.128","°C","1022.000","hPa","36.0","pmil","0","55.680","deg","20.000","°C","100.000","%a.s.","22.210","deg","20.000","°C","971.000","hPa","0.826","-0.01532","0.000401","-0.00012","0","11.08","Humid","26.60","0","20.10","230678.22","SABD0002000011","AAV2.0.0.13","2.1.0.383","PSt7-10","171027-000","6/27/2018 9:55:33 AM","0000-00","0","no battery","V"
"08/23/2019","12:48:40","1","default","104940808","OXY1","12.660","min","172.772","μmol/L","Humid","21.186","deg","91766","µV","31.122","°C","1022.000","hPa","36.0","pmil","0","55.680","deg","20.000","°C","100.000","%a.s.","22.210","deg","20.000","°C","971.000","hPa","0.826","-0.01532","0.000401","-0.00012","0","11.08","Humid","26.60","0","20.10","230673.05","SABD0002000011","AAV2.0.0.13","2.1.0.383","PSt7-10","171027-000","6/27/2018 9:55:33 AM","0000-00","0","no battery","V"
"08/23/2019","12:48:41","1","default","104940808","OXY1","12.677","min","172.708","μmol/L","Humid","21.188","deg","91775","µV","31.128","°C","1022.000","hPa","36.0","pmil","0","55.680","deg","20.000","°C","100.000","%a.s.","22.210","deg","20.000","°C","971.000","hPa","0.826","-0.01532","0.000401","-0.00012","0","11.08","Humid","26.60","0","20.10","230670.86","SABD0002000011","AAV2.0.0.13","2.1.0.383","PSt7-10","171027-000","6/27/2018 9:55:33 AM","0000-00","0","no battery","V"
"08/23/2019","12:48:42","1","default","104940808","OXY1","12.694","min","172.708","μmol/L","Humid","21.188","deg","91771","µV","31.128","°C","1022.000","hPa","36.0","pmil","0","55.680","deg","20.000","°C","100.000","%a.s.","22.210","deg","20.000","°C","971.000","hPa","0.826","-0.01532","0.000401","-0.00012","0","11.08","Humid","26.60","0","20.10","230674.09","SABD0002000011","AAV2.0.0.13","2.1.0.383","PSt7-10","171027-000","6/27/2018 9:55:33 AM","0000-00","0","no battery","V"
"08/23/2019","12:48:43","1","default","104940808","OXY1","12.711","min","172.757","μmol/L","Humid","21.187","deg","91766","µV","31.122","°C","1022.000","hPa","36.0","pmil","0","55.680","deg","20.000","°C","100.000","%a.s.","22.210","deg","20.000","°C","971.000","hPa","0.826","-0.01532","0.000401","-0.00012","0","11.08","Humid","26.60","0","20.10","230676.78","SABD0002000011","AAV2.0.0.13","2.1.0.383","PSt7-10","171027-000","6/27/2018 9:55:33 AM","0000-00","0","no battery","V"
"08/23/2019","12:48:44","1","default","104940808","OXY1","12.727","min","172.742","μmol/L","Humid","21.188","deg","91765","µV","31.122","°C","1022.000","hPa","36.0","pmil","0","55.680","deg","20.000","°C","100.000","%a.s.","22.210","deg","20.000","°C","971.000","hPa","0.826","-0.01532","0.000401","-0.00012","0","11.08","Humid","26.60","0","20.10","230670.18","SABD0002000011","AAV2.0.0.13","2.1.0.383","PSt7-10","171027-000","6/27/2018 9:55:33 AM","0000-00","0","no battery","V"
"08/23/2019","12:48:45","1","default","104940808","OXY1","12.744","min","172.708","μmol/L","Humid","21.188","deg","91765","µV","31.128","°C","1022.000","hPa","36.0","pmil","0","55.680","deg","20.000","°C","100.000","%a.s.","22.210","deg","20.000","°C","971.000","hPa","0.826","-0.01532","0.000401","-0.00012","0","11.08","Humid","26.60","0","20.10","230677.37","SABD0002000011","AAV2.0.0.13","2.1.0.383","PSt7-10","171027-000","6/27/2018 9:55:33 AM","0000-00","0","no battery","V"
"08/23/2019","12:48:46","1","default","104940808","OXY1","12.760","min","172.646","μmol/L","Humid","21.192","deg","91766","µV","31.128","°C","1022.000","hPa","36.0","pmil","0","55.680","deg","20.000","°C","100.000","%a.s.","22.210","deg","20.000","°C","971.000","hPa","0.826","-0.01532","0.000401","-0.00012","0","11.08","Humid","26.60","0","20.10","230676.56","SABD0002000011","AAV2.0.0.13","2.1.0.383","PSt7-10","171027-000","6/27/2018 9:55:33 AM","0000-00","0","no battery","V"
"08/23/2019","12:48:47","1","default","104940808","OXY1","12.777","min","172.757","μmol/L","Humid","21.187","deg","91763","µV","31.122","°C","1022.000","hPa","36.0","pmil","0","55.680","deg","20.000","°C","100.000","%a.s.","22.210","deg","20.000","°C","971.000","hPa","0.826","-0.01532","0.000401","-0.00012","0","11.08","Humid","26.60","0","20.10","230663.07","SABD0002000011","AAV2.0.0.13","2.1.0.383","PSt7-10","171027-000","6/27/2018 9:55:33 AM","0000-00","0","no battery","V"
"08/23/2019","12:48:48","1","default","104940808","OXY1","12.793","min","172.800","μmol/L","Humid","21.182","deg","91756","µV","31.128","°C","1022.000","hPa","36.0","pmil","0","55.680","deg","20.000","°C","100.000","%a.s.","22.210","deg","20.000","°C","971.000","hPa","0.826","-0.01532","0.000401","-0.00012","0","11.08","Humid","26.60","0","20.10","230675.54","SABD0002000011","AAV2.0.0.13","2.1.0.383","PSt7-10","171027-000","6/27/2018 9:55:33 AM","0000-00","0","no battery","V"
"08/23/2019","12:48:49","1","default","104940808","OXY1","12.810","min","172.703","μmol/L","Humid","21.190","deg","91749","µV","31.122","°C","1021.000","hPa","36.0","pmil","0","55.680","deg","20.000","°C","100.000","%a.s.","22.210","deg","20.000","°C","971.000","hPa","0.826","-0.01532","0.000401","-0.00012","0","11.08","Humid","26.60","0","20.10","230676.97","SABD0002000011","AAV2.0.0.13","2.1.0.383","PSt7-10","171027-000","6/27/2018 9:55:33 AM","0000-00","0","no battery","V"
"08/23/2019","12:48:50","1","default","104940808","OXY1","12.827","min","172.738","μmol/L","Humid","21.186","deg","91742","µV","31.128","°C","1022.000","hPa","36.0","pmil","0","55.680","deg","20.000","°C","100.000","%a.s.","22.210","deg","20.000","°C","971.000","hPa","0.826","-0.01532","0.000401","-0.00012","0","11.08","Humid","26.60","0","20.10","230670.31","SABD0002000011","AAV2.0.0.13","2.1.0.383","PSt7-10","171027-000","6/27/2018 9:55:33 AM","0000-00","0","no battery","V"
"08/23/2019","12:48:51","1","default","104940808","OXY1","12.844","min","172.720","μmol/L","Humid","21.185","deg","91743","µV","31.135","°C","1022.000","hPa","36.0","pmil","0","55.680","deg","20.000","°C","100.000","%a.s.","22.210","deg","20.000","°C","971.000","hPa","0.826","-0.01532","0.000401","-0.00012","0","11.08","Humid","26.60","0","20.10","230677.13","SABD0002000011","AAV2.0.0.13","2.1.0.383","PSt7-10","171027-000","6/27/2018 9:55:33 AM","0000-00","0","no battery","V"
"08/23/2019","12:48:52","1","default","104940808","OXY1","12.860","min","172.766","μmol/L","Humid","21.182","deg","91739","µV","31.135","°C","1022.000","hPa","36.0","pmil","0","55.680","deg","20.000","°C","100.000","%a.s.","22.210","deg","20.000","°C","971.000","hPa","0.826","-0.01532","0.000401","-0.00012","0","11.08","Humid","26.60","0","20.10","230663.71","SABD0002000011","AAV2.0.0.13","2.1.0.383","PSt7-10","171027-000","6/27/2018 9:55:33 AM","0000-00","0","no battery","V"
"08/23/2019","12:48:53","1","default","104940808","OXY1","12.877","min","172.735","μmol/L","Humid","21.184","deg","91738","µV","31.135","°C","1022.000","hPa","36.0","pmil","0","55.680","deg","20.000","°C","100.000","%a.s.","22.210","deg","20.000","°C","971.000","hPa","0.826","-0.01532","0.000401","-0.00012","0","11.08","Humid","26.60","0","20.10","230670.41","SABD0002000011","AAV2.0.0.13","2.1.0.383","PSt7-10","171027-000","6/27/2018 9:55:33 AM","0000-00","0","no battery","V"
"08/23/2019","12:48:54","1","default","104940808","OXY1","12.894","min","172.784","μmol/L","Humid","21.183","deg","91742","µV","31.128","°C","1022.000","hPa","36.0","pmil","0","55.680","deg","20.000","°C","100.000","%a.s.","22.210","deg","20.000","°C","971.000","hPa","0.826","-0.01532","0.000401","-0.00012","0","11.08","Humid","26.60","0","20.10","230659.60","SABD0002000011","AAV2.0.0.13","2.1.0.383","PSt7-10","171027-000","6/27/2018 9:55:33 AM","0000-00","0","no battery","V"
"08/23/2019","12:48:55","1","default","104940808","OXY1","12.910","min","172.738","μmol/L","Humid","21.186","deg","91734","µV","31.128","°C","1022.000","hPa","36.0","pmil","0","55.680","deg","20.000","°C","100.000","%a.s.","22.210","deg","20.000","°C","971.000","hPa","0.826","-0.01532","0.000401","-0.00012","0","11.08","Humid","26.60","0","20.10","230666.15","SABD0002000011","AAV2.0.0.13","2.1.0.383","PSt7-10","171027-000","6/27/2018 9:55:33 AM","0000-00","0","no battery","V"
"08/23/2019","12:48:56","1","default","104940808","OXY1","12.927","min","172.784","μmol/L","Humid","21.183","deg","91733","µV","31.128","°C","1022.000","hPa","36.0","pmil","0","55.680","deg","20.000","°C","100.000","%a.s.","22.210","deg","20.000","°C","971.000","hPa","0.826","-0.01532","0.000401","-0.00012","0","11.08","Humid","26.60","0","20.10","230665.48","SABD0002000011","AAV2.0.0.13","2.1.0.383","PSt7-10","171027-000","6/27/2018 9:55:33 AM","0000-00","0","no battery","V"
"08/23/2019","12:48:57","1","default","104940808","OXY1","12.943","min","172.689","μmol/L","Humid","21.187","deg","91733","µV","31.135","°C","1022.000","hPa","36.0","pmil","0","55.680","deg","20.000","°C","100.000","%a.s.","22.210","deg","20.000","°C","971.000","hPa","0.826","-0.01532","0.000401","-0.00012","0","11.08","Humid","26.60","0","20.10","230657.99","SABD0002000011","AAV2.0.0.13","2.1.0.383","PSt7-10","171027-000","6/27/2018 9:55:33 AM","0000-00","0","no battery","V"
"08/23/2019","12:48:58","1","default","104940808","OXY1","12.960","min","172.674","μmol/L","Humid","21.188","deg","91738","µV","31.135","°C","1022.000","hPa","36.0","pmil","0","55.680","deg","20.000","°C","100.000","%a.s.","22.210","deg","20.000","°C","971.000","hPa","0.826","-0.01532","0.000401","-0.00012","0","11.08","Humid","26.60","0","20.10","230662.00","SABD0002000011","AAV2.0.0.13","2.1.0.383","PSt7-10","171027-000","6/27/2018 9:55:33 AM","0000-00","0","no battery","V"
"08/23/2019","12:48:59","1","default","104940808","OXY1","12.977","min","172.769","μmol/L","Humid","21.184","deg","91741","µV","31.128","°C","1022.000","hPa","36.0","pmil","0","55.680","deg","20.000","°C","100.000","%a.s.","22.210","deg","20.000","°C","971.000","hPa","0.826","-0.01532","0.000401","-0.00012","0","11.08","Humid","26.60","0","20.10","230662.03","SABD0002000011","AAV2.0.0.13","2.1.0.383","PSt7-10","171027-000","6/27/2018 9:55:33 AM","0000-00","0","no battery","V"
"08/23/2019","12:49:00","1","default","104940808","OXY1","12.993","min","172.735","μmol/L","Humid","21.184","deg","91736","µV","31.135","°C","1022.000","hPa","36.0","pmil","0","55.680","deg","20.000","°C","100.000","%a.s.","22.210","deg","20.000","°C","971.000","hPa","0.826","-0.01532","0.000401","-0.00012","0","11.08","Humid","26.60","0","20.10","230662.43","SABD0002000011","AAV2.0.0.13","2.1.0.383","PSt7-10","171027-000","6/27/2018 9:55:33 AM","0000-00","0","no battery","V"
"08/23/2019","12:49:01","1","default","104940808","OXY1","13.010","min","172.812","μmol/L","Humid","21.179","deg","91732","µV","31.135","°C","1022.000","hPa","36.0","pmil","0","55.680","deg","20.000","°C","100.000","%a.s.","22.210","deg","20.000","°C","971.000","hPa","0.826","-0.01532","0.000401","-0.00012","0","11.08","Humid","26.60","0","20.10","230673.02","SABD0002000011","AAV2.0.0.13","2.1.0.383","PSt7-10","171027-000","6/27/2018 9:55:33 AM","0000-00","0","no battery","V"
"08/23/2019","12:49:02","1","default","104940808","OXY1","13.027","min","172.735","μmol/L","Humid","21.184","deg","91739","µV","31.135","°C","1022.000","hPa","36.0","pmil","0","55.680","deg","20.000","°C","100.000","%a.s.","22.210","deg","20.000","°C","971.000","hPa","0.826","-0.01532","0.000401","-0.00012","0","11.08","Humid","26.60","0","20.10","230650.73","SABD0002000011","AAV2.0.0.13","2.1.0.383","PSt7-10","171027-000","6/27/2018 9:55:33 AM","0000-00","0","no battery","V"
"08/23/2019","12:49:03","1","default","104940808","OXY1","13.044","min","172.735","μmol/L","Humid","21.184","deg","91733","µV","31.135","°C","1022.000","hPa","36.0","pmil","0","55.680","deg","20.000","°C","100.000","%a.s.","22.210","deg","20.000","°C","971.000","hPa","0.826","-0.01532","0.000401","-0.00012","0","11.08","Humid","26.60","0","20.10","230650.79","SABD0002000011","AAV2.0.0.13","2.1.0.383","PSt7-10","171027-000","6/27/2018 9:55:33 AM","0000-00","0","no battery","V"
"08/23/2019","12:49:04","1","default","104940808","OXY1","13.061","min","172.705","μmol/L","Humid","21.186","deg","91727","µV","31.135","°C","1022.000","hPa","36.0","pmil","0","55.680","deg","20.000","°C","100.000","%a.s.","22.210","deg","20.000","°C","971.000","hPa","0.826","-0.01532","0.000401","-0.00012","0","11.08","Humid","26.60","0","20.10","230664.17","SABD0002000011","AAV2.0.0.13","2.1.0.383","PSt7-10","171027-000","6/27/2018 9:55:33 AM","0000-00","0","no battery","V"
"08/23/2019","12:49:05","1","default","104940808","OXY1","13.077","min","172.830","μmol/L","Humid","21.180","deg","91731","µV","31.128","°C","1022.000","hPa","36.0","pmil","0","55.680","deg","20.000","°C","100.000","%a.s.","22.210","deg","20.000","°C","971.000","hPa","0.826","-0.01532","0.000401","-0.00012","0","11.08","Humid","26.60","0","20.10","230661.22","SABD0002000011","AAV2.0.0.13","2.1.0.383","PSt7-10","171027-000","6/27/2018 9:55:33 AM","0000-00","0","no battery","V"
"08/23/2019","12:49:06","1","default","104940808","OXY1","13.094","min","172.659","μmol/L","Humid","21.189","deg","91730","µV","31.135","°C","1022.000","hPa","36.0","pmil","0","55.680","deg","20.000","°C","100.000","%a.s.","22.210","deg","20.000","°C","971.000","hPa","0.826","-0.01532","0.000401","-0.00012","0","11.08","Humid","26.60","0","20.10","230651.64","SABD0002000011","AAV2.0.0.13","2.1.0.383","PSt7-10","171027-000","6/27/2018 9:55:33 AM","0000-00","0","no battery","V"
"08/23/2019","12:49:07","1","default","104940808","OXY1","13.110","min","172.738","μmol/L","Humid","21.186","deg","91730","µV","31.128","°C","1022.000","hPa","36.0","pmil","0","55.680","deg","20.000","°C","100.000","%a.s.","22.210","deg","20.000","°C","971.000","hPa","0.826","-0.01532","0.000401","-0.00012","0","11.08","Humid","26.60","0","20.10","230651.45","SABD0002000011","AAV2.0.0.13","2.1.0.383","PSt7-10","171027-000","6/27/2018 9:55:33 AM","0000-00","0","no battery","V"
"08/23/2019","12:49:08","1","default","104940808","OXY1","13.127","min","172.784","μmol/L","Humid","21.183","deg","91738","µV","31.128","°C","1022.000","hPa","36.0","pmil","0","55.680","deg","20.000","°C","100.000","%a.s.","22.210","deg","20.000","°C","971.000","hPa","0.826","-0.01532","0.000401","-0.00012","0","11.08","Humid","26.60","0","20.10","230655.57","SABD0002000011","AAV2.0.0.13","2.1.0.383","PSt7-10","171027-000","6/27/2018 9:55:33 AM","0000-00","0","no battery","V"
"08/23/2019","12:49:09","1","default","104940808","OXY1","13.144","min","172.705","μmol/L","Humid","21.186","deg","91723","µV","31.135","°C","1022.000","hPa","36.0","pmil","0","55.680","deg","20.000","°C","100.000","%a.s.","22.210","deg","20.000","°C","971.000","hPa","0.826","-0.01532","0.000401","-0.00012","0","11.08","Humid","26.60","0","20.10","230634.52","SABD0002000011","AAV2.0.0.13","2.1.0.383","PSt7-10","171027-000","6/27/2018 9:55:33 AM","0000-00","0","no battery","V"
"08/23/2019","12:49:10","1","default","104940808","OXY1","13.160","min","172.751","μmol/L","Humid","21.183","deg","91726","µV","31.135","°C","1022.000","hPa","36.0","pmil","0","55.680","deg","20.000","°C","100.000","%a.s.","22.210","deg","20.000","°C","971.000","hPa","0.826","-0.01532","0.000401","-0.00012","0","11.08","Humid","26.60","0","20.10","230641.24","SABD0002000011","AAV2.0.0.13","2.1.0.383","PSt7-10","171027-000","6/27/2018 9:55:33 AM","0000-00","0","no battery","V"
"08/23/2019","12:49:11","1","default","104940808","OXY1","13.177","min","172.723","μmol/L","Humid","21.187","deg","91727","µV","31.128","°C","1022.000","hPa","36.0","pmil","0","55.680","deg","20.000","°C","100.000","%a.s.","22.210","deg","20.000","°C","971.000","hPa","0.826","-0.01532","0.000401","-0.00012","0","11.08","Humid","26.60","0","20.10","230651.11","SABD0002000011","AAV2.0.0.13","2.1.0.383","PSt7-10","171027-000","6/27/2018 9:55:33 AM","0000-00","0","no battery","V"
"08/23/2019","12:49:12","1","default","104940808","OXY1","13.194","min","172.686","μmol/L","Humid","21.185","deg","91729","µV","31.141","°C","1022.000","hPa","36.0","pmil","0","55.680","deg","20.000","°C","100.000","%a.s.","22.210","deg","20.000","°C","971.000","hPa","0.826","-0.01532","0.000401","-0.00012","0","11.08","Humid","26.60","0","20.10","230643.41","SABD0002000011","AAV2.0.0.13","2.1.0.383","PSt7-10","171027-000","6/27/2018 9:55:33 AM","0000-00","0","no battery","V"
"08/23/2019","12:49:13","1","default","104940808","OXY1","13.211","min","172.754","μmol/L","Humid","21.185","deg","91724","µV","31.128","°C","1022.000","hPa","36.0","pmil","0","55.680","deg","20.000","°C","100.000","%a.s.","22.210","deg","20.000","°C","971.000","hPa","0.826","-0.01532","0.000401","-0.00012","0","11.08","Humid","26.60","0","20.10","230654.23","SABD0002000011","AAV2.0.0.13","2.1.0.383","PSt7-10","171027-000","6/27/2018 9:55:33 AM","0000-00","0","no battery","V"
"08/23/2019","12:49:14","1","default","104940808","OXY1","13.227","min","172.735","μmol/L","Humid","21.184","deg","91717","µV","31.135","°C","1022.000","hPa","36.0","pmil","0","55.680","deg","20.000","°C","100.000","%a.s.","22.210","deg","20.000","°C","971.000","hPa","0.826","-0.01532","0.000401","-0.00012","0","11.08","Humid","26.60","0","20.10","230645.09","SABD0002000011","AAV2.0.0.13","2.1.0.383","PSt7-10","171027-000","6/27/2018 9:55:33 AM","0000-00","0","no battery","V"
"08/23/2019","12:49:15","1","default","104940808","OXY1","13.244","min","172.834","μmol/L","Humid","21.182","deg","91716","µV","31.122","°C","1022.000","hPa","36.0","pmil","0","55.680","deg","20.000","°C","100.000","%a.s.","22.210","deg","20.000","°C","971.000","hPa","0.826","-0.01532","0.000401","-0.00012","0","11.08","Humid","26.60","0","20.10","230642.02","SABD0002000011","AAV2.0.0.13","2.1.0.383","PSt7-10","171027-000","6/27/2018 9:55:33 AM","0000-00","0","no battery","V"
"08/23/2019","12:49:16","1","default","104940808","OXY1","13.260","min","172.754","μmol/L","Humid","21.185","deg","91718","µV","31.128","°C","1022.000","hPa","36.0","pmil","0","55.680","deg","20.000","°C","100.000","%a.s.","22.210","deg","20.000","°C","971.000","hPa","0.826","-0.01532","0.000401","-0.00012","0","11.08","Humid","26.60","0","20.10","230651.64","SABD0002000011","AAV2.0.0.13","2.1.0.383","PSt7-10","171027-000","6/27/2018 9:55:33 AM","0000-00","0","no battery","V"
"08/23/2019","12:49:17","1","default","104940808","OXY1","13.277","min","172.766","μmol/L","Humid","21.182","deg","91719","µV","31.135","°C","1022.000","hPa","36.0","pmil","0","55.680","deg","20.000","°C","100.000","%a.s.","22.210","deg","20.000","°C","971.000","hPa","0.826","-0.01532","0.000401","-0.00012","0","11.08","Humid","26.60","0","20.10","230642.93","SABD0002000011","AAV2.0.0.13","2.1.0.383","PSt7-10","171027-000","6/27/2018 9:55:33 AM","0000-00","0","no battery","V"
"08/23/2019","12:49:18","1","default","104940808","OXY1","13.294","min","172.769","μmol/L","Humid","21.184","deg","91722","µV","31.128","°C","1022.000","hPa","36.0","pmil","0","55.680","deg","20.000","°C","100.000","%a.s.","22.210","deg","20.000","°C","971.000","hPa","0.826","-0.01532","0.000401","-0.00012","0","11.08","Humid","26.60","0","20.10","230634.89","SABD0002000011","AAV2.0.0.13","2.1.0.383","PSt7-10","171027-000","6/27/2018 9:55:33 AM","0000-00","0","no battery","V"
"08/23/2019","12:49:19","1","default","104940808","OXY1","13.310","min","172.769","μmol/L","Humid","21.184","deg","91724","µV","31.128","°C","1022.000","hPa","36.0","pmil","0","55.680","deg","20.000","°C","100.000","%a.s.","22.210","deg","20.000","°C","971.000","hPa","0.826","-0.01532","0.000401","-0.00012","0","11.08","Humid","26.60","0","20.10","230647.07","SABD0002000011","AAV2.0.0.13","2.1.0.383","PSt7-10","171027-000","6/27/2018 9:55:33 AM","0000-00","0","no battery","V"
"08/23/2019","12:49:20","1","default","104940808","OXY1","13.327","min","172.800","μmol/L","Humid","21.182","deg","91724","µV","31.128","°C","1022.000","hPa","36.0","pmil","0","55.680","deg","20.000","°C","100.000","%a.s.","22.210","deg","20.000","°C","971.000","hPa","0.826","-0.01532","0.000401","-0.00012","0","11.08","Humid","26.60","0","20.10","230650.90","SABD0002000011","AAV2.0.0.13","2.1.0.383","PSt7-10","171027-000","6/27/2018 9:55:33 AM","0000-00","0","no battery","V"
"08/23/2019","12:49:21","1","default","104940808","OXY1","13.344","min","172.643","μmol/L","Humid","21.190","deg","91727","µV","31.135","°C","1022.000","hPa","36.0","pmil","0","55.680","deg","20.000","°C","100.000","%a.s.","22.210","deg","20.000","°C","971.000","hPa","0.826","-0.01532","0.000401","-0.00012","0","11.08","Humid","26.60","0","20.10","230645.57","SABD0002000011","AAV2.0.0.13","2.1.0.383","PSt7-10","171027-000","6/27/2018 9:55:33 AM","0000-00","0","no battery","V"
"08/23/2019","12:49:22","1","default","104940808","OXY1","13.360","min","172.754","μmol/L","Humid","21.185","deg","91717","µV","31.128","°C","1022.000","hPa","36.0","pmil","0","55.680","deg","20.000","°C","100.000","%a.s.","22.210","deg","20.000","°C","971.000","hPa","0.826","-0.01532","0.000401","-0.00012","0","11.08","Humid","26.60","0","20.10","230639.72","SABD0002000011","AAV2.0.0.13","2.1.0.383","PSt7-10","171027-000","6/27/2018 9:55:33 AM","0000-00","0","no battery","V"
"08/23/2019","12:49:23","1","default","104940808","OXY1","13.377","min","172.655","μmol/L","Humid","21.187","deg","91719","µV","31.141","°C","1022.000","hPa","36.0","pmil","0","55.680","deg","20.000","°C","100.000","%a.s.","22.210","deg","20.000","°C","971.000","hPa","0.826","-0.01532","0.000401","-0.00012","0","11.08","Humid","26.60","0","20.10","230640.72","SABD0002000011","AAV2.0.0.13","2.1.0.383","PSt7-10","171027-000","6/27/2018 9:55:33 AM","0000-00","0","no battery","V"
"08/23/2019","12:49:24","1","default","104940808","OXY1","13.394","min","172.766","μmol/L","Humid","21.182","deg","91728","µV","31.135","°C","1022.000","hPa","36.0","pmil","0","55.680","deg","20.000","°C","100.000","%a.s.","22.210","deg","20.000","°C","971.000","hPa","0.826","-0.01532","0.000401","-0.00012","0","11.08","Humid","26.60","0","20.10","230634.41","SABD0002000011","AAV2.0.0.13","2.1.0.383","PSt7-10","171027-000","6/27/2018 9:55:33 AM","0000-00","0","no battery","V"
"08/23/2019","12:49:25","1","default","104940808","OXY1","13.410","min","172.723","μmol/L","Humid","21.187","deg","91719","µV","31.128","°C","1022.000","hPa","36.0","pmil","0","55.680","deg","20.000","°C","100.000","%a.s.","22.210","deg","20.000","°C","971.000","hPa","0.826","-0.01532","0.000401","-0.00012","0","11.08","Humid","26.60","0","20.10","230639.72","SABD0002000011","AAV2.0.0.13","2.1.0.383","PSt7-10","171027-000","6/27/2018 9:55:33 AM","0000-00","0","no battery","V"
"08/23/2019","12:49:26","1","default","104940808","OXY1","13.427","min","172.766","μmol/L","Humid","21.182","deg","91721","µV","31.135","°C","1022.000","hPa","36.0","pmil","0","55.680","deg","20.000","°C","100.000","%a.s.","22.210","deg","20.000","°C","971.000","hPa","0.826","-0.01532","0.000401","-0.00012","0","11.08","Humid","26.60","0","20.10","230631.77","SABD0002000011","AAV2.0.0.13","2.1.0.383","PSt7-10","171027-000","6/27/2018 9:55:33 AM","0000-00","0","no battery","V"
"08/23/2019","12:49:27","1","default","104940808","OXY1","13.443","min","172.781","μmol/L","Humid","21.181","deg","91723","µV","31.135","°C","1022.000","hPa","36.0","pmil","0","55.680","deg","20.000","°C","100.000","%a.s.","22.210","deg","20.000","°C","971.000","hPa","0.826","-0.01532","0.000401","-0.00012","0","11.08","Humid","26.60","0","20.10","230633.63","SABD0002000011","AAV2.0.0.13","2.1.0.383","PSt7-10","171027-000","6/27/2018 9:55:33 AM","0000-00","0","no battery","V"
"08/23/2019","12:49:28","1","default","104940808","OXY1","13.460","min","172.738","μmol/L","Humid","21.186","deg","91727","µV","31.128","°C","1022.000","hPa","36.0","pmil","0","55.680","deg","20.000","°C","100.000","%a.s.","22.210","deg","20.000","°C","971.000","hPa","0.826","-0.01532","0.000401","-0.00012","0","11.08","Humid","26.60","0","20.10","230625.35","SABD0002000011","AAV2.0.0.13","2.1.0.383","PSt7-10","171027-000","6/27/2018 9:55:33 AM","0000-00","0","no battery","V"
"08/23/2019","12:49:29","1","default","104940808","OXY1","13.477","min","172.735","μmol/L","Humid","21.184","deg","91712","µV","31.135","°C","1022.000","hPa","36.0","pmil","0","55.680","deg","20.000","°C","100.000","%a.s.","22.210","deg","20.000","°C","971.000","hPa","0.826","-0.01532","0.000401","-0.00012","0","11.08","Humid","26.60","0","20.10","230633.23","SABD0002000011","AAV2.0.0.13","2.1.0.383","PSt7-10","171027-000","6/27/2018 9:55:33 AM","0000-00","0","no battery","V"
"08/23/2019","12:49:30","1","default","104940808","OXY1","13.494","min","172.738","μmol/L","Humid","21.186","deg","91718","µV","31.128","°C","1022.000","hPa","36.0","pmil","0","55.680","deg","20.000","°C","100.000","%a.s.","22.210","deg","20.000","°C","971.000","hPa","0.826","-0.01532","0.000401","-0.00012","0","11.08","Humid","26.60","0","20.10","230633.54","SABD0002000011","AAV2.0.0.13","2.1.0.383","PSt7-10","171027-000","6/27/2018 9:55:33 AM","0000-00","0","no battery","V"
"08/23/2019","12:49:31","1","default","104940808","OXY1","13.511","min","172.708","μmol/L","Humid","21.188","deg","91722","µV","31.128","°C","1022.000","hPa","36.0","pmil","0","55.680","deg","20.000","°C","100.000","%a.s.","22.210","deg","20.000","°C","971.000","hPa","0.826","-0.01532","0.000401","-0.00012","0","11.08","Humid","26.60","0","20.10","230635.13","SABD0002000011","AAV2.0.0.13","2.1.0.383","PSt7-10","171027-000","6/27/2018 9:55:33 AM","0000-00","0","no battery","V"
"08/23/2019","12:49:32","1","default","104940808","OXY1","13.527","min","172.705","μmol/L","Humid","21.186","deg","91730","µV","31.135","°C","1022.000","hPa","36.0","pmil","0","55.680","deg","20.000","°C","100.000","%a.s.","22.210","deg","20.000","°C","971.000","hPa","0.826","-0.01532","0.000401","-0.00012","0","11.08","Humid","26.60","0","20.10","230633.78","SABD0002000011","AAV2.0.0.13","2.1.0.383","PSt7-10","171027-000","6/27/2018 9:55:33 AM","0000-00","0","no battery","V"
"08/23/2019","12:49:33","1","default","104940808","OXY1","13.543","min","172.769","μmol/L","Humid","21.184","deg","91716","µV","31.128","°C","1022.000","hPa","36.0","pmil","0","55.680","deg","20.000","°C","100.000","%a.s.","22.210","deg","20.000","°C","971.000","hPa","0.826","-0.01532","0.000401","-0.00012","0","11.08","Humid","26.60","0","20.10","230626.53","SABD0002000011","AAV2.0.0.13","2.1.0.383","PSt7-10","171027-000","6/27/2018 9:55:33 AM","0000-00","0","no battery","V"
"08/23/2019","12:49:34","1","default","104940808","OXY1","13.560","min","172.689","μmol/L","Humid","21.187","deg","91714","µV","31.135","°C","1022.000","hPa","36.0","pmil","0","55.680","deg","20.000","°C","100.000","%a.s.","22.210","deg","20.000","°C","971.000","hPa","0.826","-0.01532","0.000401","-0.00012","0","11.08","Humid","26.60","0","20.10","230624.01","SABD0002000011","AAV2.0.0.13","2.1.0.383","PSt7-10","171027-000","6/27/2018 9:55:33 AM","0000-00","0","no battery","V"
"08/23/2019","12:49:35","1","default","104940808","OXY1","13.577","min","172.689","μmol/L","Humid","21.187","deg","91714","µV","31.135","°C","1022.000","hPa","36.0","pmil","0","55.680","deg","20.000","°C","100.000","%a.s.","22.210","deg","20.000","°C","971.000","hPa","0.826","-0.01532","0.000401","-0.00012","0","11.08","Humid","26.60","0","20.10","230631.63","SABD0002000011","AAV2.0.0.13","2.1.0.383","PSt7-10","171027-000","6/27/2018 9:55:33 AM","0000-00","0","no battery","V"
"08/23/2019","12:49:36","1","default","104940808","OXY1","13.594","min","172.692","μmol/L","Humid","21.189","deg","91704","µV","31.128","°C","1022.000","hPa","36.0","pmil","0","55.680","deg","20.000","°C","100.000","%a.s.","22.210","deg","20.000","°C","971.000","hPa","0.826","-0.01532","0.000401","-0.00012","0","11.08","Humid","26.60","0","20.10","230620.97","SABD0002000011","AAV2.0.0.13","2.1.0.383","PSt7-10","171027-000","6/27/2018 9:55:33 AM","0000-00","0","no battery","V"
"08/23/2019","12:49:37","1","default","104940808","OXY1","13.610","min","172.751","μmol/L","Humid","21.183","deg","91699","µV","31.135","°C","1022.000","hPa","36.0","pmil","0","55.680","deg","20.000","°C","100.000","%a.s.","22.210","deg","20.000","°C","971.000","hPa","0.826","-0.01532","0.000401","-0.00012","0","11.08","Humid","26.60","0","20.10","230616.50","SABD0002000011","AAV2.0.0.13","2.1.0.383","PSt7-10","171027-000","6/27/2018 9:55:33 AM","0000-00","0","no battery","V"
"08/23/2019","12:49:38","1","default","104940808","OXY1","13.627","min","172.751","μmol/L","Humid","21.183","deg","91710","µV","31.135","°C","1022.000","hPa","36.0","pmil","0","55.680","deg","20.000","°C","100.000","%a.s.","22.210","deg","20.000","°C","971.000","hPa","0.826","-0.01532","0.000401","-0.00012","0","11.08","Humid","26.60","0","20.10","230620.20","SABD0002000011","AAV2.0.0.13","2.1.0.383","PSt7-10","171027-000","6/27/2018 9:55:33 AM","0000-00","0","no battery","V"
"08/23/2019","12:49:39","1","default","104940808","OXY1","13.644","min","172.659","μmol/L","Humid","21.189","deg","91709","µV","31.135","°C","1022.000","hPa","36.0","pmil","0","55.680","deg","20.000","°C","100.000","%a.s.","22.210","deg","20.000","°C","971.000","hPa","0.826","-0.01532","0.000401","-0.00012","0","11.08","Humid","26.60","0","20.10","230626.30","SABD0002000011","AAV2.0.0.13","2.1.0.383","PSt7-10","171027-000","6/27/2018 9:55:33 AM","0000-00","0","no battery","V"
"08/23/2019","12:49:40","1","default","104940808","OXY1","13.661","min","172.769","μmol/L","Humid","21.184","deg","91703","µV","31.128","°C","1022.000","hPa","36.0","pmil","0","55.680","deg","20.000","°C","100.000","%a.s.","22.210","deg","20.000","°C","971.000","hPa","0.826","-0.01532","0.000401","-0.00012","0","11.08","Humid","26.60","0","20.10","230623.43","SABD0002000011","AAV2.0.0.13","2.1.0.383","PSt7-10","171027-000","6/27/2018 9:55:33 AM","0000-00","0","no battery","V"
"08/23/2019","12:49:41","1","default","104940808","OXY1","13.677","min","172.671","μmol/L","Humid","21.186","deg","91713","µV","31.141","°C","1022.000","hPa","36.0","pmil","0","55.680","deg","20.000","°C","100.000","%a.s.","22.210","deg","20.000","°C","971.000","hPa","0.826","-0.01532","0.000401","-0.00012","0","11.08","Humid","26.60","0","20.10","230617.60","SABD0002000011","AAV2.0.0.13","2.1.0.383","PSt7-10","171027-000","6/27/2018 9:55:33 AM","0000-00","0","no battery","V"
"08/23/2019","12:49:42","1","default","104940808","OXY1","13.693","min","172.751","μmol/L","Humid","21.183","deg","91713","µV","31.135","°C","1022.000","hPa","36.0","pmil","0","55.680","deg","20.000","°C","100.000","%a.s.","22.210","deg","20.000","°C","971.000","hPa","0.826","-0.01532","0.000401","-0.00012","0","11.08","Humid","26.60","0","20.10","230613.19","SABD0002000011","AAV2.0.0.13","2.1.0.383","PSt7-10","171027-000","6/27/2018 9:55:33 AM","0000-00","0","no battery","V"
"08/23/2019","12:49:43","1","default","104940808","OXY1","13.710","min","172.640","μmol/L","Humid","21.188","deg","91706","µV","31.141","°C","1022.000","hPa","36.0","pmil","0","55.680","deg","20.000","°C","100.000","%a.s.","22.210","deg","20.000","°C","971.000","hPa","0.826","-0.01532","0.000401","-0.00012","0","11.08","Humid","26.60","0","20.10","230617.56","SABD0002000011","AAV2.0.0.13","2.1.0.383","PSt7-10","171027-000","6/27/2018 9:55:33 AM","0000-00","0","no battery","V"
"08/23/2019","12:49:44","1","default","104940808","OXY1","13.727","min","172.720","μmol/L","Humid","21.185","deg","91706","µV","31.135","°C","1022.000","hPa","36.0","pmil","0","55.680","deg","20.000","°C","100.000","%a.s.","22.210","deg","20.000","°C","971.000","hPa","0.826","-0.01532","0.000401","-0.00012","0","11.08","Humid","26.60","0","20.10","230597.15","SABD0002000011","AAV2.0.0.13","2.1.0.383","PSt7-10","171027-000","6/27/2018 9:55:33 AM","0000-00","0","no battery","V"
"08/23/2019","12:49:45","1","default","104940808","OXY1","13.744","min","172.655","μmol/L","Humid","21.187","deg","91704","µV","31.141","°C","1022.000","hPa","36.0","pmil","0","55.680","deg","20.000","°C","100.000","%a.s.","22.210","deg","20.000","°C","971.000","hPa","0.826","-0.01532","0.000401","-0.00012","0","11.08","Humid","26.60","0","20.10","230619.54","SABD0002000011","AAV2.0.0.13","2.1.0.383","PSt7-10","171027-000","6/27/2018 9:55:33 AM","0000-00","0","no battery","V"
"08/23/2019","12:49:46","1","default","104940808","OXY1","13.760","min","172.671","μmol/L","Humid","21.186","deg","91707","µV","31.141","°C","1022.000","hPa","36.0","pmil","0","55.680","deg","20.000","°C","100.000","%a.s.","22.210","deg","20.000","°C","971.000","hPa","0.826","-0.01532","0.000401","-0.00012","0","11.08","Humid","26.60","0","20.10","230619.78","SABD0002000011","AAV2.0.0.13","2.1.0.383","PSt7-10","171027-000","6/27/2018 9:55:33 AM","0000-00","0","no battery","V"
"08/23/2019","12:49:47","1","default","104940808","OXY1","13.777","min","172.735","μmol/L","Humid","21.184","deg","91708","µV","31.135","°C","1022.000","hPa","36.0","pmil","0","55.680","deg","20.000","°C","100.000","%a.s.","22.210","deg","20.000","°C","971.000","hPa","0.826","-0.01532","0.000401","-0.00012","0","11.08","Humid","26.60","0","20.10","230612.96","SABD0002000011","AAV2.0.0.13","2.1.0.383","PSt7-10","171027-000","6/27/2018 9:55:33 AM","0000-00","0","no battery","V"
"08/23/2019","12:49:48","1","default","104940808","OXY1","13.794","min","172.705","μmol/L","Humid","21.186","deg","91707","µV","31.135","°C","1022.000","hPa","36.0","pmil","0","55.680","deg","20.000","°C","100.000","%a.s.","22.210","deg","20.000","°C","971.000","hPa","0.826","-0.01532","0.000401","-0.00012","0","11.08","Humid","26.60","0","20.10","230619.14","SABD0002000011","AAV2.0.0.13","2.1.0.383","PSt7-10","171027-000","6/27/2018 9:55:33 AM","0000-00","0","no battery","V"
"08/23/2019","12:49:49","1","default","104940808","OXY1","13.811","min","172.674","μmol/L","Humid","21.188","deg","91707","µV","31.135","°C","1022.000","hPa","36.0","pmil","0","55.680","deg","20.000","°C","100.000","%a.s.","22.210","deg","20.000","°C","971.000","hPa","0.826","-0.01532","0.000401","-0.00012","0","11.08","Humid","26.60","0","20.10","230620.03","SABD0002000011","AAV2.0.0.13","2.1.0.383","PSt7-10","171027-000","6/27/2018 9:55:33 AM","0000-00","0","no battery","V"
"08/23/2019","12:49:50","1","default","104940808","OXY1","13.827","min","172.613","μmol/L","Humid","21.192","deg","91711","µV","31.135","°C","1022.000","hPa","36.0","pmil","0","55.680","deg","20.000","°C","100.000","%a.s.","22.210","deg","20.000","°C","971.000","hPa","0.826","-0.01532","0.000401","-0.00012","0","11.08","Humid","26.60","0","20.10","230627.74","SABD0002000011","AAV2.0.0.13","2.1.0.383","PSt7-10","171027-000","6/27/2018 9:55:33 AM","0000-00","0","no battery","V"
"08/23/2019","12:49:51","1","default","104940808","OXY1","13.844","min","172.723","μmol/L","Humid","21.187","deg","91711","µV","31.128","°C","1022.000","hPa","36.0","pmil","0","55.680","deg","20.000","°C","100.000","%a.s.","22.210","deg","20.000","°C","971.000","hPa","0.826","-0.01532","0.000401","-0.00012","0","11.08","Humid","26.60","0","20.10","230603.80","SABD0002000011","AAV2.0.0.13","2.1.0.383","PSt7-10","171027-000","6/27/2018 9:55:33 AM","0000-00","0","no battery","V"
"08/23/2019","12:49:52","1","default","104940808","OXY1","13.860","min","172.689","μmol/L","Humid","21.187","deg","91714","µV","31.135","°C","1022.000","hPa","36.0","pmil","0","55.680","deg","20.000","°C","100.000","%a.s.","22.210","deg","20.000","°C","971.000","hPa","0.826","-0.01532","0.000401","-0.00012","0","11.08","Humid","26.60","0","20.10","230613.31","SABD0002000011","AAV2.0.0.13","2.1.0.383","PSt7-10","171027-000","6/27/2018 9:55:33 AM","0000-00","0","no battery","V"
"08/23/2019","12:49:53","1","default","104940808","OXY1","13.877","min","172.609","μmol/L","Humid","21.190","deg","91704","µV","31.141","°C","1022.000","hPa","36.0","pmil","0","55.680","deg","20.000","°C","100.000","%a.s.","22.210","deg","20.000","°C","971.000","hPa","0.826","-0.01532","0.000401","-0.00012","0","11.08","Humid","26.60","0","20.10","230620.19","SABD0002000011","AAV2.0.0.13","2.1.0.383","PSt7-10","171027-000","6/27/2018 9:55:33 AM","0000-00","0","no battery","V"
"08/23/2019","12:49:54","1","default","104940808","OXY1","13.893","min","172.766","μmol/L","Humid","21.182","deg","91709","µV","31.135","°C","1022.000","hPa","36.0","pmil","0","55.680","deg","20.000","°C","100.000","%a.s.","22.210","deg","20.000","°C","971.000","hPa","0.826","-0.01532","0.000401","-0.00012","0","11.08","Humid","26.60","0","20.10","230596.54","SABD0002000011","AAV2.0.0.13","2.1.0.383","PSt7-10","171027-000","6/27/2018 9:55:33 AM","0000-00","0","no battery","V"
"08/23/2019","12:49:55","1","default","104940808","OXY1","13.910","min","172.689","μmol/L","Humid","21.187","deg","91703","µV","31.135","°C","1022.000","hPa","36.0","pmil","0","55.680","deg","20.000","°C","100.000","%a.s.","22.210","deg","20.000","°C","971.000","hPa","0.826","-0.01532","0.000401","-0.00012","0","11.08","Humid","26.60","0","20.10","230609.41","SABD0002000011","AAV2.0.0.13","2.1.0.383","PSt7-10","171027-000","6/27/2018 9:55:33 AM","0000-00","0","no battery","V"
"08/23/2019","12:49:56","1","default","104940808","OXY1","13.927","min","172.671","μmol/L","Humid","21.186","deg","91709","µV","31.141","°C","1022.000","hPa","36.0","pmil","0","55.680","deg","20.000","°C","100.000","%a.s.","22.210","deg","20.000","°C","971.000","hPa","0.826","-0.01532","0.000401","-0.00012","0","11.08","Humid","26.60","0","20.10","230607.31","SABD0002000011","AAV2.0.0.13","2.1.0.383","PSt7-10","171027-000","6/27/2018 9:55:33 AM","0000-00","0","no battery","V"
"08/23/2019","12:49:57","1","default","104940808","OXY1","13.944","min","172.701","μmol/L","Humid","21.184","deg","91703","µV","31.141","°C","1022.000","hPa","36.0","pmil","0","55.680","deg","20.000","°C","100.000","%a.s.","22.210","deg","20.000","°C","971.000","hPa","0.826","-0.01532","0.000401","-0.00012","0","11.08","Humid","26.60","0","20.10","230613.13","SABD0002000011","AAV2.0.0.13","2.1.0.383","PSt7-10","171027-000","6/27/2018 9:55:33 AM","0000-00","0","no battery","V"
"08/23/2019","12:49:58","1","default","104940808","OXY1","13.960","min","172.717","μmol/L","Humid","21.183","deg","91709","µV","31.141","°C","1022.000","hPa","36.0","pmil","0","55.680","deg","20.000","°C","100.000","%a.s.","22.210","deg","20.000","°C","971.000","hPa","0.826","-0.01532","0.000401","-0.00012","0","11.08","Humid","26.60","0","20.10","230613.59","SABD0002000011","AAV2.0.0.13","2.1.0.383","PSt7-10","171027-000","6/27/2018 9:55:33 AM","0000-00","0","no battery","V"
"08/23/2019","12:49:59","1","default","104940808","OXY1","13.977","min","172.686","μmol/L","Humid","21.185","deg","91715","µV","31.141","°C","1022.000","hPa","36.0","pmil","0","55.680","deg","20.000","°C","100.000","%a.s.","22.210","deg","20.000","°C","971.000","hPa","0.826","-0.01532","0.000401","-0.00012","0","11.08","Humid","26.60","0","20.10","230624.46","SABD0002000011","AAV2.0.0.13","2.1.0.383","PSt7-10","171027-000","6/27/2018 9:55:33 AM","0000-00","0","no battery","V"
"08/23/2019","12:50:00","1","default","104940808","OXY1","13.994","min","172.643","μmol/L","Humid","21.190","deg","91712","µV","31.135","°C","1022.000","hPa","36.0","pmil","0","55.680","deg","20.000","°C","100.000","%a.s.","22.210","deg","20.000","°C","971.000","hPa","0.826","-0.01532","0.000401","-0.00012","0","11.08","Humid","26.60","0","20.10","230609.26","SABD0002000011","AAV2.0.0.13","2.1.0.383","PSt7-10","171027-000","6/27/2018 9:55:33 AM","0000-00","0","no battery","V"
"08/23/2019","12:50:01","1","default","104940808","OXY1","14.011","min","172.701","μmol/L","Humid","21.184","deg","91706","µV","31.141","°C","1022.000","hPa","36.0","pmil","0","55.680","deg","20.000","°C","100.000","%a.s.","22.210","deg","20.000","°C","971.000","hPa","0.826","-0.01532","0.000401","-0.00012","0","11.08","Humid","26.60","0","20.10","230611.26","SABD0002000011","AAV2.0.0.13","2.1.0.383","PSt7-10","171027-000","6/27/2018 9:55:33 AM","0000-00","0","no battery","V"
"08/23/2019","12:50:02","1","default","104940808","OXY1","14.027","min","172.686","μmol/L","Humid","21.185","deg","91702","µV","31.141","°C","1022.000","hPa","36.0","pmil","0","55.680","deg","20.000","°C","100.000","%a.s.","22.210","deg","20.000","°C","971.000","hPa","0.826","-0.01532","0.000401","-0.00012","0","11.08","Humid","26.60","0","20.10","230614.70","SABD0002000011","AAV2.0.0.13","2.1.0.383","PSt7-10","171027-000","6/27/2018 9:55:33 AM","0000-00","0","no battery","V"
"08/23/2019","12:50:03","1","default","104940808","OXY1","14.043","min","172.655","μmol/L","Humid","21.187","deg","91712","µV","31.141","°C","1022.000","hPa","36.0","pmil","0","55.680","deg","20.000","°C","100.000","%a.s.","22.210","deg","20.000","°C","971.000","hPa","0.826","-0.01532","0.000401","-0.00012","0","11.08","Humid","26.60","0","20.10","230612.22","SABD0002000011","AAV2.0.0.13","2.1.0.383","PSt7-10","171027-000","6/27/2018 9:55:33 AM","0000-00","0","no battery","V"
"08/23/2019","12:50:04","1","default","104940808","OXY1","14.060","min","172.659","μmol/L","Humid","21.189","deg","91711","µV","31.135","°C","1022.000","hPa","36.0","pmil","0","55.680","deg","20.000","°C","100.000","%a.s.","22.210","deg","20.000","°C","971.000","hPa","0.826","-0.01532","0.000401","-0.00012","0","11.08","Humid","26.60","0","20.10","230630.20","SABD0002000011","AAV2.0.0.13","2.1.0.383","PSt7-10","171027-000","6/27/2018 9:55:33 AM","0000-00","0","no battery","V"
"08/23/2019","12:50:05","1","default","104940808","OXY1","14.077","min","172.689","μmol/L","Humid","21.187","deg","91709","µV","31.135","°C","1022.000","hPa","36.0","pmil","0","55.680","deg","20.000","°C","100.000","%a.s.","22.210","deg","20.000","°C","971.000","hPa","0.826","-0.01532","0.000401","-0.00012","0","11.08","Humid","26.60","0","20.10","230601.77","SABD0002000011","AAV2.0.0.13","2.1.0.383","PSt7-10","171027-000","6/27/2018 9:55:33 AM","0000-00","0","no battery","V"
"08/23/2019","12:50:06","1","default","104940808","OXY1","14.094","min","172.663","μmol/L","Humid","21.186","deg","91710","µV","31.141","°C","1021.000","hPa","36.0","pmil","0","55.680","deg","20.000","°C","100.000","%a.s.","22.210","deg","20.000","°C","971.000","hPa","0.826","-0.01532","0.000401","-0.00012","0","11.08","Humid","26.60","0","20.10","230598.60","SABD0002000011","AAV2.0.0.13","2.1.0.383","PSt7-10","171027-000","6/27/2018 9:55:33 AM","0000-00","0","no battery","V"
"08/23/2019","12:50:07","1","default","104940808","OXY1","14.110","min","172.617","μmol/L","Humid","21.189","deg","91703","µV","31.141","°C","1021.000","hPa","36.0","pmil","0","55.680","deg","20.000","°C","100.000","%a.s.","22.210","deg","20.000","°C","971.000","hPa","0.826","-0.01532","0.000401","-0.00012","0","11.08","Humid","26.60","0","20.10","230605.56","SABD0002000011","AAV2.0.0.13","2.1.0.383","PSt7-10","171027-000","6/27/2018 9:55:33 AM","0000-00","0","no battery","V"
"08/23/2019","12:50:08","1","default","104940808","OXY1","14.127","min","172.655","μmol/L","Humid","21.187","deg","91711","µV","31.141","°C","1022.000","hPa","36.0","pmil","0","55.680","deg","20.000","°C","100.000","%a.s.","22.210","deg","20.000","°C","971.000","hPa","0.826","-0.01532","0.000401","-0.00012","0","11.08","Humid","26.60","0","20.10","230603.77","SABD0002000011","AAV2.0.0.13","2.1.0.383","PSt7-10","171027-000","6/27/2018 9:55:33 AM","0000-00","0","no battery","V"
"08/23/2019","12:50:09","1","default","104940808","OXY1","14.144","min","172.686","μmol/L","Humid","21.185","deg","91704","µV","31.141","°C","1022.000","hPa","36.0","pmil","0","55.680","deg","20.000","°C","100.000","%a.s.","22.210","deg","20.000","°C","971.000","hPa","0.826","-0.01532","0.000401","-0.00012","0","11.08","Humid","26.60","0","20.10","230605.17","SABD0002000011","AAV2.0.0.13","2.1.0.383","PSt7-10","171027-000","6/27/2018 9:55:33 AM","0000-00","0","no battery","V"
"08/23/2019","12:50:10","1","default","104940808","OXY1","14.160","min","172.720","μmol/L","Humid","21.185","deg","91710","µV","31.135","°C","1022.000","hPa","36.0","pmil","0","55.680","deg","20.000","°C","100.000","%a.s.","22.210","deg","20.000","°C","971.000","hPa","0.826","-0.01532","0.000401","-0.00012","0","11.08","Humid","26.60","0","20.10","230591.26","SABD0002000011","AAV2.0.0.13","2.1.0.383","PSt7-10","171027-000","6/27/2018 9:55:33 AM","0000-00","0","no battery","V"
"08/23/2019","12:50:11","1","default","104940808","OXY1","14.177","min","172.659","μmol/L","Humid","21.189","deg","91710","µV","31.135","°C","1022.000","hPa","36.0","pmil","0","55.680","deg","20.000","°C","100.000","%a.s.","22.210","deg","20.000","°C","971.000","hPa","0.826","-0.01532","0.000401","-0.00012","0","11.08","Humid","26.60","0","20.10","230587.98","SABD0002000011","AAV2.0.0.13","2.1.0.383","PSt7-10","171027-000","6/27/2018 9:55:33 AM","0000-00","0","no battery","V"
"08/23/2019","12:50:12","1","default","104940808","OXY1","14.193","min","172.711","μmol/L","Humid","21.190","deg","91708","µV","31.122","°C","1022.000","hPa","36.0","pmil","0","55.680","deg","20.000","°C","100.000","%a.s.","22.210","deg","20.000","°C","971.000","hPa","0.826","-0.01532","0.000401","-0.00012","0","11.08","Humid","26.60","0","20.10","230594.56","SABD0002000011","AAV2.0.0.13","2.1.0.383","PSt7-10","171027-000","6/27/2018 9:55:33 AM","0000-00","0","no battery","V"
"08/23/2019","12:50:13","1","default","104940808","OXY1","14.210","min","172.677","μmol/L","Humid","21.190","deg","91704","µV","31.128","°C","1022.000","hPa","36.0","pmil","0","55.680","deg","20.000","°C","100.000","%a.s.","22.210","deg","20.000","°C","971.000","hPa","0.826","-0.01532","0.000401","-0.00012","0","11.08","Humid","26.60","0","20.10","230594.46","SABD0002000011","AAV2.0.0.13","2.1.0.383","PSt7-10","171027-000","6/27/2018 9:55:33 AM","0000-00","0","no battery","V"
"08/23/2019","12:50:14","1","default","104940808","OXY1","14.227","min","172.662","μmol/L","Humid","21.191","deg","91697","µV","31.128","°C","1022.000","hPa","36.0","pmil","0","55.680","deg","20.000","°C","100.000","%a.s.","22.210","deg","20.000","°C","971.000","hPa","0.826","-0.01532","0.000401","-0.00012","0","11.08","Humid","26.60","0","20.10","230594.12","SABD0002000011","AAV2.0.0.13","2.1.0.383","PSt7-10","171027-000","6/27/2018 9:55:33 AM","0000-00","0","no battery","V"
"08/23/2019","12:50:15","1","default","104940808","OXY1","14.244","min","172.628","μmol/L","Humid","21.191","deg","91708","µV","31.135","°C","1022.000","hPa","36.0","pmil","0","55.680","deg","20.000","°C","100.000","%a.s.","22.210","deg","20.000","°C","971.000","hPa","0.826","-0.01532","0.000401","-0.00012","0","11.08","Humid","26.60","0","20.10","230594.77","SABD0002000011","AAV2.0.0.13","2.1.0.383","PSt7-10","171027-000","6/27/2018 9:55:33 AM","0000-00","0","no battery","V"
"08/23/2019","12:50:16","1","default","104940808","OXY1","14.260","min","172.628","μmol/L","Humid","21.191","deg","91701","µV","31.135","°C","1022.000","hPa","36.0","pmil","0","55.680","deg","20.000","°C","100.000","%a.s.","22.210","deg","20.000","°C","971.000","hPa","0.826","-0.01532","0.000401","-0.00012","0","11.08","Humid","26.60","0","20.10","230583.86","SABD0002000011","AAV2.0.0.13","2.1.0.383","PSt7-10","171027-000","6/27/2018 9:55:33 AM","0000-00","0","no battery","V"
"08/23/2019","12:50:17","1","default","104940808","OXY1","14.277","min","172.705","μmol/L","Humid","21.186","deg","91693","µV","31.135","°C","1022.000","hPa","36.0","pmil","0","55.680","deg","20.000","°C","100.000","%a.s.","22.210","deg","20.000","°C","971.000","hPa","0.826","-0.01532","0.000401","-0.00012","0","11.08","Humid","26.60","0","20.10","230585.72","SABD0002000011","AAV2.0.0.13","2.1.0.383","PSt7-10","171027-000","6/27/2018 9:55:33 AM","0000-00","0","no battery","V"
"08/23/2019","12:50:18","1","default","104940808","OXY1","14.294","min","172.711","μmol/L","Humid","21.190","deg","91698","µV","31.122","°C","1022.000","hPa","36.0","pmil","0","55.680","deg","20.000","°C","100.000","%a.s.","22.210","deg","20.000","°C","971.000","hPa","0.826","-0.01532","0.000401","-0.00012","0","11.08","Humid","26.60","0","20.10","230589.79","SABD0002000011","AAV2.0.0.13","2.1.0.383","PSt7-10","171027-000","6/27/2018 9:55:33 AM","0000-00","0","no battery","V"
"08/23/2019","12:50:19","1","default","104940808","OXY1","14.310","min","172.723","μmol/L","Humid","21.187","deg","91692","µV","31.128","°C","1022.000","hPa","36.0","pmil","0","55.680","deg","20.000","°C","100.000","%a.s.","22.210","deg","20.000","°C","971.000","hPa","0.826","-0.01532","0.000401","-0.00012","0","11.08","Humid","26.60","0","20.10","230598.51","SABD0002000011","AAV2.0.0.13","2.1.0.383","PSt7-10","171027-000","6/27/2018 9:55:33 AM","0000-00","0","no battery","V"
"08/23/2019","12:50:20","1","default","104940808","OXY1","14.327","min","172.579","μmol/L","Humid","21.192","deg","91694","µV","31.141","°C","1022.000","hPa","36.0","pmil","0","55.680","deg","20.000","°C","100.000","%a.s.","22.210","deg","20.000","°C","971.000","hPa","0.826","-0.01532","0.000401","-0.00012","0","11.08","Humid","26.60","0","20.10","230595.27","SABD0002000011","AAV2.0.0.13","2.1.0.383","PSt7-10","171027-000","6/27/2018 9:55:33 AM","0000-00","0","no battery","V"
"08/23/2019","12:50:21","1","default","104940808","OXY1","14.343","min","172.689","μmol/L","Humid","21.187","deg","91697","µV","31.135","°C","1022.000","hPa","36.0","pmil","0","55.680","deg","20.000","°C","100.000","%a.s.","22.210","deg","20.000","°C","971.000","hPa","0.826","-0.01532","0.000401","-0.00012","0","11.08","Humid","26.60","0","20.10","230595.53","SABD0002000011","AAV2.0.0.13","2.1.0.383","PSt7-10","171027-000","6/27/2018 9:55:33 AM","0000-00","0","no battery","V"
"08/23/2019","12:50:22","1","default","104940808","OXY1","14.360","min","172.701","μmol/L","Humid","21.184","deg","91698","µV","31.141","°C","1022.000","hPa","36.0","pmil","0","55.680","deg","20.000","°C","100.000","%a.s.","22.210","deg","20.000","°C","971.000","hPa","0.826","-0.01532","0.000401","-0.00012","0","11.08","Humid","26.60","0","20.10","230586.49","SABD0002000011","AAV2.0.0.13","2.1.0.383","PSt7-10","171027-000","6/27/2018 9:55:33 AM","0000-00","0","no battery","V"
"08/23/2019","12:50:23","1","default","104940808","OXY1","14.377","min","172.674","μmol/L","Humid","21.188","deg","91699","µV","31.135","°C","1022.000","hPa","36.0","pmil","0","55.680","deg","20.000","°C","100.000","%a.s.","22.210","deg","20.000","°C","971.000","hPa","0.826","-0.01532","0.000401","-0.00012","0","11.08","Humid","26.60","0","20.10","230578.41","SABD0002000011","AAV2.0.0.13","2.1.0.383","PSt7-10","171027-000","6/27/2018 9:55:33 AM","0000-00","0","no battery","V"
"08/23/2019","12:50:24","1","default","104940808","OXY1","14.394","min","172.616","μmol/L","Humid","21.194","deg","91698","µV","31.128","°C","1022.000","hPa","36.0","pmil","0","55.680","deg","20.000","°C","100.000","%a.s.","22.210","deg","20.000","°C","971.000","hPa","0.826","-0.01532","0.000401","-0.00012","0","11.08","Humid","26.60","0","20.10","230594.27","SABD0002000011","AAV2.0.0.13","2.1.0.383","PSt7-10","171027-000","6/27/2018 9:55:33 AM","0000-00","0","no battery","V"
"08/23/2019","12:50:25","1","default","104940808","OXY1","14.410","min","172.659","μmol/L","Humid","21.189","deg","91698","µV","31.135","°C","1022.000","hPa","36.0","pmil","0","55.680","deg","20.000","°C","100.000","%a.s.","22.210","deg","20.000","°C","971.000","hPa","0.826","-0.01532","0.000401","-0.00012","0","11.08","Humid","26.60","0","20.10","230578.50","SABD0002000011","AAV2.0.0.13","2.1.0.383","PSt7-10","171027-000","6/27/2018 9:55:33 AM","0000-00","0","no battery","V"
"08/23/2019","12:50:26","1","default","104940808","OXY1","14.427","min","172.613","μmol/L","Humid","21.192","deg","91705","µV","31.135","°C","1022.000","hPa","36.0","pmil","0","55.680","deg","20.000","°C","100.000","%a.s.","22.210","deg","20.000","°C","971.000","hPa","0.826","-0.01532","0.000401","-0.00012","0","11.08","Humid","26.60","0","20.10","230593.42","SABD0002000011","AAV2.0.0.13","2.1.0.383","PSt7-10","171027-000","6/27/2018 9:55:33 AM","0000-00","0","no battery","V"
"08/23/2019","12:50:27","1","default","104940808","OXY1","14.444","min","172.625","μmol/L","Humid","21.189","deg","91699","µV","31.141","°C","1022.000","hPa","36.0","pmil","0","55.680","deg","20.000","°C","100.000","%a.s.","22.210","deg","20.000","°C","971.000","hPa","0.826","-0.01532","0.000401","-0.00012","0","11.08","Humid","26.60","0","20.10","230581.20","SABD0002000011","AAV2.0.0.13","2.1.0.383","PSt7-10","171027-000","6/27/2018 9:55:33 AM","0000-00","0","no battery","V"
"08/23/2019","12:50:28","1","default","104940808","OXY1","14.460","min","172.640","μmol/L","Humid","21.188","deg","91700","µV","31.141","°C","1022.000","hPa","36.0","pmil","0","55.680","deg","20.000","°C","100.000","%a.s.","22.210","deg","20.000","°C","971.000","hPa","0.826","-0.01532","0.000401","-0.00012","0","11.08","Humid","26.60","0","20.10","230587.04","SABD0002000011","AAV2.0.0.13","2.1.0.383","PSt7-10","171027-000","6/27/2018 9:55:33 AM","0000-00","0","no battery","V"
"08/23/2019","12:50:29","1","default","104940808","OXY1","14.477","min","172.597","μmol/L","Humid","21.193","deg","91708","µV","31.135","°C","1022.000","hPa","36.0","pmil","0","55.680","deg","20.000","°C","100.000","%a.s.","22.210","deg","20.000","°C","971.000","hPa","0.826","-0.01532","0.000401","-0.00012","0","11.08","Humid","26.60","0","20.10","230586.44","SABD0002000011","AAV2.0.0.13","2.1.0.383","PSt7-10","171027-000","6/27/2018 9:55:33 AM","0000-00","0","no battery","V"
"08/23/2019","12:50:30","1","default","104940808","OXY1","14.493","min","172.563","μmol/L","Humid","21.193","deg","91694","µV","31.141","°C","1022.000","hPa","36.0","pmil","0","55.680","deg","20.000","°C","100.000","%a.s.","22.210","deg","20.000","°C","971.000","hPa","0.826","-0.01532","0.000401","-0.00012","0","11.08","Humid","26.60","0","20.10","230572.86","SABD0002000011","AAV2.0.0.13","2.1.0.383","PSt7-10","171027-000","6/27/2018 9:55:33 AM","0000-00","0","no battery","V"
"08/23/2019","12:50:31","1","default","104940808","OXY1","14.510","min","172.548","μmol/L","Humid","21.194","deg","91691","µV","31.141","°C","1022.000","hPa","36.0","pmil","0","55.680","deg","20.000","°C","100.000","%a.s.","22.210","deg","20.000","°C","971.000","hPa","0.826","-0.01532","0.000401","-0.00012","0","11.08","Humid","26.60","0","20.10","230570.44","SABD0002000011","AAV2.0.0.13","2.1.0.383","PSt7-10","171027-000","6/27/2018 9:55:33 AM","0000-00","0","no battery","V"
"08/23/2019","12:50:32","1","default","104940808","OXY1","14.527","min","172.567","μmol/L","Humid","21.195","deg","91706","µV","31.135","°C","1022.000","hPa","36.0","pmil","0","55.680","deg","20.000","°C","100.000","%a.s.","22.210","deg","20.000","°C","971.000","hPa","0.826","-0.01532","0.000401","-0.00012","0","11.08","Humid","26.60","0","20.10","230577.48","SABD0002000011","AAV2.0.0.13","2.1.0.383","PSt7-10","171027-000","6/27/2018 9:55:33 AM","0000-00","0","no battery","V"
"08/23/2019","12:50:33","1","default","104940808","OXY1","14.544","min","172.579","μmol/L","Humid","21.192","deg","91703","µV","31.141","°C","1022.000","hPa","36.0","pmil","0","55.680","deg","20.000","°C","100.000","%a.s.","22.210","deg","20.000","°C","971.000","hPa","0.826","-0.01532","0.000401","-0.00012","0","11.08","Humid","26.60","0","20.10","230574.25","SABD0002000011","AAV2.0.0.13","2.1.0.383","PSt7-10","171027-000","6/27/2018 9:55:33 AM","0000-00","0","no battery","V"
"08/23/2019","12:50:34","1","default","104940808","OXY1","14.560","min","172.625","μmol/L","Humid","21.189","deg","91697","µV","31.141","°C","1022.000","hPa","36.0","pmil","0","55.680","deg","20.000","°C","100.000","%a.s.","22.210","deg","20.000","°C","971.000","hPa","0.826","-0.01532","0.000401","-0.00012","0","11.08","Humid","26.60","0","20.10","230572.13","SABD0002000011","AAV2.0.0.13","2.1.0.383","PSt7-10","171027-000","6/27/2018 9:55:33 AM","0000-00","0","no battery","V"
"08/23/2019","12:50:35","1","default","104940808","OXY1","14.577","min","172.613","μmol/L","Humid","21.192","deg","91700","µV","31.135","°C","1022.000","hPa","36.0","pmil","0","55.680","deg","20.000","°C","100.000","%a.s.","22.210","deg","20.000","°C","971.000","hPa","0.826","-0.01532","0.000401","-0.00012","0","11.08","Humid","26.60","0","20.10","230574.88","SABD0002000011","AAV2.0.0.13","2.1.0.383","PSt7-10","171027-000","6/27/2018 9:55:33 AM","0000-00","0","no battery","V"
"08/23/2019","12:50:36","1","default","104940808","OXY1","14.594","min","172.738","μmol/L","Humid","21.186","deg","91704","µV","31.128","°C","1022.000","hPa","36.0","pmil","0","55.680","deg","20.000","°C","100.000","%a.s.","22.210","deg","20.000","°C","971.000","hPa","0.826","-0.01532","0.000401","-0.00012","0","11.08","Humid","26.60","0","20.10","230578.04","SABD0002000011","AAV2.0.0.13","2.1.0.383","PSt7-10","171027-000","6/27/2018 9:55:33 AM","0000-00","0","no battery","V"
"08/23/2019","12:50:37","1","default","104940808","OXY1","14.610","min","172.643","μmol/L","Humid","21.190","deg","91704","µV","31.135","°C","1022.000","hPa","36.0","pmil","0","55.680","deg","20.000","°C","100.000","%a.s.","22.210","deg","20.000","°C","971.000","hPa","0.826","-0.01532","0.000401","-0.00012","0","11.08","Humid","26.60","0","20.10","230577.34","SABD0002000011","AAV2.0.0.13","2.1.0.383","PSt7-10","171027-000","6/27/2018 9:55:33 AM","0000-00","0","no battery","V"
"08/23/2019","12:50:38","1","default","104940808","OXY1","14.627","min","172.640","μmol/L","Humid","21.188","deg","91695","µV","31.141","°C","1022.000","hPa","36.0","pmil","0","55.680","deg","20.000","°C","100.000","%a.s.","22.210","deg","20.000","°C","971.000","hPa","0.826","-0.01532","0.000401","-0.00012","0","11.08","Humid","26.60","0","20.10","230576.72","SABD0002000011","AAV2.0.0.13","2.1.0.383","PSt7-10","171027-000","6/27/2018 9:55:33 AM","0000-00","0","no battery","V"
"08/23/2019","12:50:39","1","default","104940808","OXY1","14.643","min","172.533","μmol/L","Humid","21.195","deg","91691","µV","31.141","°C","1022.000","hPa","36.0","pmil","0","55.680","deg","20.000","°C","100.000","%a.s.","22.210","deg","20.000","°C","971.000","hPa","0.826","-0.01532","0.000401","-0.00012","0","11.08","Humid","26.60","0","20.10","230584.64","SABD0002000011","AAV2.0.0.13","2.1.0.383","PSt7-10","171027-000","6/27/2018 9:55:33 AM","0000-00","0","no battery","V"
"08/23/2019","12:50:40","1","default","104940808","OXY1","14.660","min","172.609","μmol/L","Humid","21.190","deg","91698","µV","31.141","°C","1022.000","hPa","36.0","pmil","0","55.680","deg","20.000","°C","100.000","%a.s.","22.210","deg","20.000","°C","971.000","hPa","0.826","-0.01532","0.000401","-0.00012","0","11.08","Humid","26.60","0","20.10","230585.92","SABD0002000011","AAV2.0.0.13","2.1.0.383","PSt7-10","171027-000","6/27/2018 9:55:33 AM","0000-00","0","no battery","V"
"08/23/2019","12:50:41","1","default","104940808","OXY1","14.677","min","172.591","μmol/L","Humid","21.189","deg","91694","µV","31.147","°C","1022.000","hPa","36.0","pmil","0","55.680","deg","20.000","°C","100.000","%a.s.","22.210","deg","20.000","°C","971.000","hPa","0.826","-0.01532","0.000401","-0.00012","0","11.08","Humid","26.60","0","20.10","230567.90","SABD0002000011","AAV2.0.0.13","2.1.0.383","PSt7-10","171027-000","6/27/2018 9:55:33 AM","0000-00","0","no battery","V"
"08/23/2019","12:50:42","1","default","104940808","OXY1","14.694","min","172.563","μmol/L","Humid","21.193","deg","91695","µV","31.141","°C","1022.000","hPa","36.0","pmil","0","55.680","deg","20.000","°C","100.000","%a.s.","22.210","deg","20.000","°C","971.000","hPa","0.826","-0.01532","0.000401","-0.00012","0","11.08","Humid","26.60","0","20.10","230566.81","SABD0002000011","AAV2.0.0.13","2.1.0.383","PSt7-10","171027-000","6/27/2018 9:55:33 AM","0000-00","0","no battery","V"
"08/23/2019","12:50:43","1","default","104940808","OXY1","14.710","min","172.579","μmol/L","Humid","21.192","deg","91688","µV","31.141","°C","1022.000","hPa","36.0","pmil","0","55.680","deg","20.000","°C","100.000","%a.s.","22.210","deg","20.000","°C","971.000","hPa","0.826","-0.01532","0.000401","-0.00012","0","11.08","Humid","26.60","0","20.10","230559.10","SABD0002000011","AAV2.0.0.13","2.1.0.383","PSt7-10","171027-000","6/27/2018 9:55:33 AM","0000-00","0","no battery","V"
"08/23/2019","12:50:44","1","default","104940808","OXY1","14.727","min","172.563","μmol/L","Humid","21.193","deg","91689","µV","31.141","°C","1022.000","hPa","36.0","pmil","0","55.680","deg","20.000","°C","100.000","%a.s.","22.210","deg","20.000","°C","971.000","hPa","0.826","-0.01532","0.000401","-0.00012","0","11.08","Humid","26.60","0","20.10","230565.43","SABD0002000011","AAV2.0.0.13","2.1.0.383","PSt7-10","171027-000","6/27/2018 9:55:33 AM","0000-00","0","no battery","V"
"08/23/2019","12:50:45","1","default","104940808","OXY1","14.744","min","172.530","μmol/L","Humid","21.193","deg","91690","µV","31.147","°C","1022.000","hPa","36.0","pmil","0","55.680","deg","20.000","°C","100.000","%a.s.","22.210","deg","20.000","°C","971.000","hPa","0.826","-0.01532","0.000401","-0.00012","0","11.08","Humid","26.60","0","20.10","230561.40","SABD0002000011","AAV2.0.0.13","2.1.0.383","PSt7-10","171027-000","6/27/2018 9:55:33 AM","0000-00","0","no battery","V"
"08/23/2019","12:50:46","1","default","104940808","OXY1","14.761","min","172.628","μmol/L","Humid","21.191","deg","91694","µV","31.135","°C","1022.000","hPa","36.0","pmil","0","55.680","deg","20.000","°C","100.000","%a.s.","22.210","deg","20.000","°C","971.000","hPa","0.826","-0.01532","0.000401","-0.00012","0","11.08","Humid","26.60","0","20.10","230571.20","SABD0002000011","AAV2.0.0.13","2.1.0.383","PSt7-10","171027-000","6/27/2018 9:55:33 AM","0000-00","0","no battery","V"
"08/23/2019","12:50:47","1","default","104940808","OXY1","14.777","min","172.575","μmol/L","Humid","21.190","deg","91693","µV","31.147","°C","1022.000","hPa","36.0","pmil","0","55.680","deg","20.000","°C","100.000","%a.s.","22.210","deg","20.000","°C","971.000","hPa","0.826","-0.01532","0.000401","-0.00012","0","11.08","Humid","26.60","0","20.10","230560.66","SABD0002000011","AAV2.0.0.13","2.1.0.383","PSt7-10","171027-000","6/27/2018 9:55:33 AM","0000-00","0","no battery","V"
"08/23/2019","12:50:48","1","default","104940808","OXY1","14.794","min","172.613","μmol/L","Humid","21.192","deg","91695","µV","31.135","°C","1022.000","hPa","36.0","pmil","0","55.680","deg","20.000","°C","100.000","%a.s.","22.210","deg","20.000","°C","971.000","hPa","0.826","-0.01532","0.000401","-0.00012","0","11.08","Humid","26.60","0","20.10","230565.43","SABD0002000011","AAV2.0.0.13","2.1.0.383","PSt7-10","171027-000","6/27/2018 9:55:33 AM","0000-00","0","no battery","V"
"08/23/2019","12:50:49","1","default","104940808","OXY1","14.810","min","172.662","μmol/L","Humid","21.191","deg","91701","µV","31.128","°C","1022.000","hPa","36.0","pmil","0","55.680","deg","20.000","°C","100.000","%a.s.","22.210","deg","20.000","°C","971.000","hPa","0.826","-0.01532","0.000401","-0.00012","0","11.08","Humid","26.60","0","20.10","230559.53","SABD0002000011","AAV2.0.0.13","2.1.0.383","PSt7-10","171027-000","6/27/2018 9:55:33 AM","0000-00","0","no battery","V"
"08/23/2019","12:50:50","1","default","104940808","OXY1","14.827","min","172.613","μmol/L","Humid","21.192","deg","91698","µV","31.135","°C","1022.000","hPa","36.0","pmil","0","55.680","deg","20.000","°C","100.000","%a.s.","22.210","deg","20.000","°C","971.000","hPa","0.826","-0.01532","0.000401","-0.00012","0","11.08","Humid","26.60","0","20.10","230550.52","SABD0002000011","AAV2.0.0.13","2.1.0.383","PSt7-10","171027-000","6/27/2018 9:55:33 AM","0000-00","0","no battery","V"
"08/23/2019","12:50:51","1","default","104940808","OXY1","14.844","min","172.625","μmol/L","Humid","21.189","deg","91698","µV","31.141","°C","1022.000","hPa","36.0","pmil","0","55.680","deg","20.000","°C","100.000","%a.s.","22.210","deg","20.000","°C","971.000","hPa","0.826","-0.01532","0.000401","-0.00012","0","11.08","Humid","26.60","0","20.10","230555.49","SABD0002000011","AAV2.0.0.13","2.1.0.383","PSt7-10","171027-000","6/27/2018 9:55:33 AM","0000-00","0","no battery","V"
"08/23/2019","12:50:52","1","default","104940808","OXY1","14.860","min","172.665","μmol/L","Humid","21.193","deg","91698","µV","31.122","°C","1022.000","hPa","36.0","pmil","0","55.680","deg","20.000","°C","100.000","%a.s.","22.210","deg","20.000","°C","971.000","hPa","0.826","-0.01532","0.000401","-0.00012","0","11.08","Humid","26.60","0","20.10","230552.39","SABD0002000011","AAV2.0.0.13","2.1.0.383","PSt7-10","171027-000","6/27/2018 9:55:33 AM","0000-00","0","no battery","V"
"08/23/2019","12:50:53","1","default","104940808","OXY1","14.877","min","172.518","μmol/L","Humid","21.196","deg","91691","µV","31.141","°C","1022.000","hPa","36.0","pmil","0","55.680","deg","20.000","°C","100.000","%a.s.","22.210","deg","20.000","°C","971.000","hPa","0.826","-0.01532","0.000401","-0.00012","0","11.08","Humid","26.60","0","20.10","230562.18","SABD0002000011","AAV2.0.0.13","2.1.0.383","PSt7-10","171027-000","6/27/2018 9:55:33 AM","0000-00","0","no battery","V"
"08/23/2019","12:50:54","1","default","104940808","OXY1","14.894","min","172.563","μmol/L","Humid","21.193","deg","91690","µV","31.141","°C","1022.000","hPa","36.0","pmil","0","55.680","deg","20.000","°C","100.000","%a.s.","22.210","deg","20.000","°C","971.000","hPa","0.826","-0.01532","0.000401","-0.00012","0","11.08","Humid","26.60","0","20.10","230548.14","SABD0002000011","AAV2.0.0.13","2.1.0.383","PSt7-10","171027-000","6/27/2018 9:55:33 AM","0000-00","0","no battery","V"
"08/23/2019","12:50:55","1","default","104940808","OXY1","14.911","min","172.594","μmol/L","Humid","21.191","deg","91689","µV","31.141","°C","1022.000","hPa","36.0","pmil","0","55.680","deg","20.000","°C","100.000","%a.s.","22.210","deg","20.000","°C","971.000","hPa","0.826","-0.01532","0.000401","-0.00012","0","11.08","Humid","26.60","0","20.10","230554.70","SABD0002000011","AAV2.0.0.13","2.1.0.383","PSt7-10","171027-000","6/27/2018 9:55:33 AM","0000-00","0","no battery","V"
"08/23/2019","12:50:56","1","default","104940808","OXY1","14.927","min","172.655","μmol/L","Humid","21.187","deg","91690","µV","31.141","°C","1022.000","hPa","36.0","pmil","0","55.680","deg","20.000","°C","100.000","%a.s.","22.210","deg","20.000","°C","971.000","hPa","0.826","-0.01532","0.000401","-0.00012","0","11.08","Humid","26.60","0","20.10","230552.65","SABD0002000011","AAV2.0.0.13","2.1.0.383","PSt7-10","171027-000","6/27/2018 9:55:33 AM","0000-00","0","no battery","V"
"08/23/2019","12:50:57","1","default","104940808","OXY1","14.943","min","172.563","μmol/L","Humid","21.193","deg","91687","µV","31.141","°C","1022.000","hPa","36.0","pmil","0","55.680","deg","20.000","°C","100.000","%a.s.","22.210","deg","20.000","°C","971.000","hPa","0.826","-0.01532","0.000401","-0.00012","0","11.08","Humid","26.60","0","20.10","230550.79","SABD0002000011","AAV2.0.0.13","2.1.0.383","PSt7-10","171027-000","6/27/2018 9:55:33 AM","0000-00","0","no battery","V"
"08/23/2019","12:50:58","1","default","104940808","OXY1","14.960","min","172.678","μmol/L","Humid","21.185","deg","91685","µV","31.141","°C","1021.000","hPa","36.0","pmil","0","55.680","deg","20.000","°C","100.000","%a.s.","22.210","deg","20.000","°C","971.000","hPa","0.826","-0.01532","0.000401","-0.00012","0","11.08","Humid","26.60","0","20.10","230548.97","SABD0002000011","AAV2.0.0.13","2.1.0.383","PSt7-10","171027-000","6/27/2018 9:55:33 AM","0000-00","0","no battery","V"
"08/23/2019","12:50:59","1","default","104940808","OXY1","14.977","min","172.594","μmol/L","Humid","21.191","deg","91685","µV","31.141","°C","1022.000","hPa","36.0","pmil","0","55.680","deg","20.000","°C","100.000","%a.s.","22.210","deg","20.000","°C","971.000","hPa","0.826","-0.01532","0.000401","-0.00012","0","11.08","Humid","26.60","0","20.10","230553.62","SABD0002000011","AAV2.0.0.13","2.1.0.383","PSt7-10","171027-000","6/27/2018 9:55:33 AM","0000-00","0","no battery","V"
"08/23/2019","12:51:00","1","default","104940808","OXY1","14.994","min","172.640","μmol/L","Humid","21.188","deg","91682","µV","31.141","°C","1022.000","hPa","36.0","pmil","0","55.680","deg","20.000","°C","100.000","%a.s.","22.210","deg","20.000","°C","971.000","hPa","0.826","-0.01532","0.000401","-0.00012","0","11.08","Humid","26.60","0","20.10","230548.90","SABD0002000011","AAV2.0.0.13","2.1.0.383","PSt7-10","171027-000","6/27/2018 9:55:33 AM","0000-00","0","no battery","V"
"08/23/2019","12:51:01","1","default","104940808","OXY1","15.010","min","172.625","μmol/L","Humid","21.189","deg","91680","µV","31.141","°C","1022.000","hPa","36.0","pmil","0","55.680","deg","20.000","°C","100.000","%a.s.","22.210","deg","20.000","°C","971.000","hPa","0.826","-0.01532","0.000401","-0.00012","0","11.08","Humid","26.60","0","20.10","230547.62","SABD0002000011","AAV2.0.0.13","2.1.0.383","PSt7-10","171027-000","6/27/2018 9:55:33 AM","0000-00","0","no battery","V"
"08/23/2019","12:51:02","1","default","104940808","OXY1","15.027","min","172.579","μmol/L","Humid","21.192","deg","91683","µV","31.141","°C","1022.000","hPa","36.0","pmil","0","55.680","deg","20.000","°C","100.000","%a.s.","22.210","deg","20.000","°C","971.000","hPa","0.826","-0.01532","0.000401","-0.00012","0","11.08","Humid","26.60","0","20.10","230536.10","SABD0002000011","AAV2.0.0.13","2.1.0.383","PSt7-10","171027-000","6/27/2018 9:55:33 AM","0000-00","0","no battery","V"
"08/23/2019","12:51:03","1","default","104940808","OXY1","15.044","min","172.582","μmol/L","Humid","21.194","deg","91689","µV","31.135","°C","1022.000","hPa","36.0","pmil","0","55.680","deg","20.000","°C","100.000","%a.s.","22.210","deg","20.000","°C","971.000","hPa","0.826","-0.01532","0.000401","-0.00012","0","11.08","Humid","26.60","0","20.10","230543.70","SABD0002000011","AAV2.0.0.13","2.1.0.383","PSt7-10","171027-000","6/27/2018 9:55:33 AM","0000-00","0","no battery","V"
"08/23/2019","12:51:04","1","default","104940808","OXY1","15.061","min","172.468","μmol/L","Humid","21.197","deg","91683","µV","31.147","°C","1022.000","hPa","36.0","pmil","0","55.680","deg","20.000","°C","100.000","%a.s.","22.210","deg","20.000","°C","971.000","hPa","0.826","-0.01532","0.000401","-0.00012","0","11.08","Humid","26.60","0","20.10","230549.74","SABD0002000011","AAV2.0.0.13","2.1.0.383","PSt7-10","171027-000","6/27/2018 9:55:33 AM","0000-00","0","no battery","V"
"08/23/2019","12:51:05","1","default","104940808","OXY1","15.077","min","172.582","μmol/L","Humid","21.194","deg","91689","µV","31.135","°C","1022.000","hPa","36.0","pmil","0","55.680","deg","20.000","°C","100.000","%a.s.","22.210","deg","20.000","°C","971.000","hPa","0.826","-0.01532","0.000401","-0.00012","0","11.08","Humid","26.60","0","20.10","230537.36","SABD0002000011","AAV2.0.0.13","2.1.0.383","PSt7-10","171027-000","6/27/2018 9:55:33 AM","0000-00","0","no battery","V"
"08/23/2019","12:51:06","1","default","104940808","OXY1","15.093","min","172.613","μmol/L","Humid","21.192","deg","91689","µV","31.135","°C","1022.000","hPa","36.0","pmil","0","55.680","deg","20.000","°C","100.000","%a.s.","22.210","deg","20.000","°C","971.000","hPa","0.826","-0.01532","0.000401","-0.00012","0","11.08","Humid","26.60","0","20.10","230541.82","SABD0002000011","AAV2.0.0.13","2.1.0.383","PSt7-10","171027-000","6/27/2018 9:55:33 AM","0000-00","0","no battery","V"
"08/23/2019","12:51:07","1","default","104940808","OXY1","15.110","min","172.625","μmol/L","Humid","21.189","deg","91690","µV","31.141","°C","1022.000","hPa","36.0","pmil","0","55.680","deg","20.000","°C","100.000","%a.s.","22.210","deg","20.000","°C","971.000","hPa","0.826","-0.01532","0.000401","-0.00012","0","11.08","Humid","26.60","0","20.10","230542.78","SABD0002000011","AAV2.0.0.13","2.1.0.383","PSt7-10","171027-000","6/27/2018 9:55:33 AM","0000-00","0","no battery","V"
"08/23/2019","12:51:08","1","default","104940808","OXY1","15.127","min","172.551","μmol/L","Humid","21.196","deg","91685","µV","31.135","°C","1022.000","hPa","36.0","pmil","0","55.680","deg","20.000","°C","100.000","%a.s.","22.210","deg","20.000","°C","971.000","hPa","0.826","-0.01532","0.000401","-0.00012","0","11.08","Humid","26.60","0","20.10","230544.37","SABD0002000011","AAV2.0.0.13","2.1.0.383","PSt7-10","171027-000","6/27/2018 9:55:33 AM","0000-00","0","no battery","V"
"08/23/2019","12:51:09","1","default","104940808","OXY1","15.144","min","172.545","μmol/L","Humid","21.192","deg","91685","µV","31.147","°C","1022.000","hPa","36.0","pmil","0","55.680","deg","20.000","°C","100.000","%a.s.","22.210","deg","20.000","°C","971.000","hPa","0.826","-0.01532","0.000401","-0.00012","0","11.08","Humid","26.60","0","20.10","230535.23","SABD0002000011","AAV2.0.0.13","2.1.0.383","PSt7-10","171027-000","6/27/2018 9:55:33 AM","0000-00","0","no battery","V"
"08/23/2019","12:51:10","1","default","104940808","OXY1","15.160","min","172.609","μmol/L","Humid","21.190","deg","91681","µV","31.141","°C","1022.000","hPa","36.0","pmil","0","55.680","deg","20.000","°C","100.000","%a.s.","22.210","deg","20.000","°C","971.000","hPa","0.826","-0.01532","0.000401","-0.00012","0","11.08","Humid","26.60","0","20.10","230543.24","SABD0002000011","AAV2.0.0.13","2.1.0.383","PSt7-10","171027-000","6/27/2018 9:55:33 AM","0000-00","0","no battery","V"
"08/23/2019","12:51:11","1","default","104940808","OXY1","15.177","min","172.548","μmol/L","Humid","21.194","deg","91685","µV","31.141","°C","1022.000","hPa","36.0","pmil","0","55.680","deg","20.000","°C","100.000","%a.s.","22.210","deg","20.000","°C","971.000","hPa","0.826","-0.01532","0.000401","-0.00012","0","11.08","Humid","26.60","0","20.10","230543.45","SABD0002000011","AAV2.0.0.13","2.1.0.383","PSt7-10","171027-000","6/27/2018 9:55:33 AM","0000-00","0","no battery","V"
"08/23/2019","12:51:12","1","default","104940808","OXY1","15.194","min","172.594","μmol/L","Humid","21.191","deg","91675","µV","31.141","°C","1022.000","hPa","36.0","pmil","0","55.680","deg","20.000","°C","100.000","%a.s.","22.210","deg","20.000","°C","971.000","hPa","0.826","-0.01532","0.000401","-0.00012","0","11.08","Humid","26.60","0","20.10","230546.33","SABD0002000011","AAV2.0.0.13","2.1.0.383","PSt7-10","171027-000","6/27/2018 9:55:33 AM","0000-00","0","no battery","V"
"08/23/2019","12:51:13","1","default","104940808","OXY1","15.211","min","172.563","μmol/L","Humid","21.193","deg","91677","µV","31.141","°C","1022.000","hPa","36.0","pmil","0","55.680","deg","20.000","°C","100.000","%a.s.","22.210","deg","20.000","°C","971.000","hPa","0.826","-0.01532","0.000401","-0.00012","0","11.08","Humid","26.60","0","20.10","230544.80","SABD0002000011","AAV2.0.0.13","2.1.0.383","PSt7-10","171027-000","6/27/2018 9:55:33 AM","0000-00","0","no battery","V"
"08/23/2019","12:51:14","1","default","104940808","OXY1","15.227","min","172.575","μmol/L","Humid","21.190","deg","91678","µV","31.147","°C","1022.000","hPa","36.0","pmil","0","55.680","deg","20.000","°C","100.000","%a.s.","22.210","deg","20.000","°C","971.000","hPa","0.826","-0.01532","0.000401","-0.00012","0","11.08","Humid","26.60","0","20.10","230541.86","SABD0002000011","AAV2.0.0.13","2.1.0.383","PSt7-10","171027-000","6/27/2018 9:55:33 AM","0000-00","0","no battery","V"
"08/23/2019","12:51:15","1","default","104940808","OXY1","15.243","min","172.545","μmol/L","Humid","21.192","deg","91678","µV","31.147","°C","1022.000","hPa","36.0","pmil","0","55.680","deg","20.000","°C","100.000","%a.s.","22.210","deg","20.000","°C","971.000","hPa","0.826","-0.01532","0.000401","-0.00012","0","11.08","Humid","26.60","0","20.10","230547.33","SABD0002000011","AAV2.0.0.13","2.1.0.383","PSt7-10","171027-000","6/27/2018 9:55:33 AM","0000-00","0","no battery","V"
"08/23/2019","12:51:16","1","default","104940808","OXY1","15.260","min","172.563","μmol/L","Humid","21.193","deg","91680","µV","31.141","°C","1022.000","hPa","36.0","pmil","0","55.680","deg","20.000","°C","100.000","%a.s.","22.210","deg","20.000","°C","971.000","hPa","0.826","-0.01532","0.000401","-0.00012","0","11.08","Humid","26.60","0","20.10","230547.16","SABD0002000011","AAV2.0.0.13","2.1.0.383","PSt7-10","171027-000","6/27/2018 9:55:33 AM","0000-00","0","no battery","V"
"08/23/2019","12:51:17","1","default","104940808","OXY1","15.277","min","172.560","μmol/L","Humid","21.191","deg","91685","µV","31.147","°C","1022.000","hPa","36.0","pmil","0","55.680","deg","20.000","°C","100.000","%a.s.","22.210","deg","20.000","°C","971.000","hPa","0.826","-0.01532","0.000401","-0.00012","0","11.08","Humid","26.60","0","20.10","230542.32","SABD0002000011","AAV2.0.0.13","2.1.0.383","PSt7-10","171027-000","6/27/2018 9:55:33 AM","0000-00","0","no battery","V"
"08/23/2019","12:51:18","1","default","104940808","OXY1","15.294","min","172.533","μmol/L","Humid","21.195","deg","91680","µV","31.141","°C","1022.000","hPa","36.0","pmil","0","55.680","deg","20.000","°C","100.000","%a.s.","22.210","deg","20.000","°C","971.000","hPa","0.826","-0.01532","0.000401","-0.00012","0","11.08","Humid","26.60","0","20.10","230542.67","SABD0002000011","AAV2.0.0.13","2.1.0.383","PSt7-10","171027-000","6/27/2018 9:55:33 AM","0000-00","0","no battery","V"
"08/23/2019","12:51:19","1","default","104940808","OXY1","15.311","min","172.563","μmol/L","Humid","21.193","deg","91689","µV","31.141","°C","1022.000","hPa","36.0","pmil","0","55.680","deg","20.000","°C","100.000","%a.s.","22.210","deg","20.000","°C","971.000","hPa","0.826","-0.01532","0.000401","-0.00012","0","11.08","Humid","26.60","0","20.10","230543.08","SABD0002000011","AAV2.0.0.13","2.1.0.383","PSt7-10","171027-000","6/27/2018 9:55:33 AM","0000-00","0","no battery","V"
"08/23/2019","12:51:20","1","default","104940808","OXY1","15.327","min","172.499","μmol/L","Humid","21.195","deg","91681","µV","31.147","°C","1022.000","hPa","36.0","pmil","0","55.680","deg","20.000","°C","100.000","%a.s.","22.210","deg","20.000","°C","971.000","hPa","0.826","-0.01532","0.000401","-0.00012","0","11.08","Humid","26.60","0","20.10","230527.83","SABD0002000011","AAV2.0.0.13","2.1.0.383","PSt7-10","171027-000","6/27/2018 9:55:33 AM","0000-00","0","no battery","V"
"08/23/2019","12:51:21","1","default","104940808","OXY1","15.343","min","172.563","μmol/L","Humid","21.193","deg","91685","µV","31.141","°C","1022.000","hPa","36.0","pmil","0","55.680","deg","20.000","°C","100.000","%a.s.","22.210","deg","20.000","°C","971.000","hPa","0.826","-0.01532","0.000401","-0.00012","0","11.08","Humid","26.60","0","20.10","230537.43","SABD0002000011","AAV2.0.0.13","2.1.0.383","PSt7-10","171027-000","6/27/2018 9:55:33 AM","0000-00","0","no battery","V"
"08/23/2019","12:51:22","1","default","104940808","OXY1","15.360","min","172.575","μmol/L","Humid","21.190","deg","91686","µV","31.147","°C","1022.000","hPa","36.0","pmil","0","55.680","deg","20.000","°C","100.000","%a.s.","22.210","deg","20.000","°C","971.000","hPa","0.826","-0.01532","0.000401","-0.00012","0","11.08","Humid","26.60","0","20.10","230542.38","SABD0002000011","AAV2.0.0.13","2.1.0.383","PSt7-10","171027-000","6/27/2018 9:55:33 AM","0000-00","0","no battery","V"
"08/23/2019","12:51:23","1","default","104940808","OXY1","15.377","min","172.487","μmol/L","Humid","21.198","deg","91685","µV","31.141","°C","1022.000","hPa","36.0","pmil","0","55.680","deg","20.000","°C","100.000","%a.s.","22.210","deg","20.000","°C","971.000","hPa","0.826","-0.01532","0.000401","-0.00012","0","11.08","Humid","26.60","0","20.10","230535.79","SABD0002000011","AAV2.0.0.13","2.1.0.383","PSt7-10","171027-000","6/27/2018 9:55:33 AM","0000-00","0","no battery","V"
"08/23/2019","12:51:24","1","default","104940808","OXY1","15.394","min","172.594","μmol/L","Humid","21.191","deg","91688","µV","31.141","°C","1022.000","hPa","36.0","pmil","0","55.680","deg","20.000","°C","100.000","%a.s.","22.210","deg","20.000","°C","971.000","hPa","0.826","-0.01532","0.000401","-0.00012","0","11.08","Humid","26.60","0","20.10","230530.43","SABD0002000011","AAV2.0.0.13","2.1.0.383","PSt7-10","171027-000","6/27/2018 9:55:33 AM","0000-00","0","no battery","V"
"08/23/2019","12:51:25","1","default","104940808","OXY1","15.410","min","172.533","μmol/L","Humid","21.195","deg","91681","µV","31.141","°C","1022.000","hPa","36.0","pmil","0","55.680","deg","20.000","°C","100.000","%a.s.","22.210","deg","20.000","°C","971.000","hPa","0.826","-0.01532","0.000401","-0.00012","0","11.08","Humid","26.60","0","20.10","230525.15","SABD0002000011","AAV2.0.0.13","2.1.0.383","PSt7-10","171027-000","6/27/2018 9:55:33 AM","0000-00","0","no battery","V"
"08/23/2019","12:51:26","1","default","104940808","OXY1","15.427","min","172.438","μmol/L","Humid","21.199","deg","91692","µV","31.147","°C","1022.000","hPa","36.0","pmil","0","55.680","deg","20.000","°C","100.000","%a.s.","22.210","deg","20.000","°C","971.000","hPa","0.826","-0.01532","0.000401","-0.00012","0","11.08","Humid","26.60","0","20.10","230531.57","SABD0002000011","AAV2.0.0.13","2.1.0.383","PSt7-10","171027-000","6/27/2018 9:55:33 AM","0000-00","0","no battery","V"
"08/23/2019","12:51:27","1","default","104940808","OXY1","15.444","min","172.450","μmol/L","Humid","21.196","deg","91682","µV","31.153","°C","1022.000","hPa","36.0","pmil","0","55.680","deg","20.000","°C","100.000","%a.s.","22.210","deg","20.000","°C","971.000","hPa","0.826","-0.01532","0.000401","-0.00012","0","11.08","Humid","26.60","0","20.10","230541.64","SABD0002000011","AAV2.0.0.13","2.1.0.383","PSt7-10","171027-000","6/27/2018 9:55:33 AM","0000-00","0","no battery","V"
"08/23/2019","12:51:28","1","default","104940808","OXY1","15.460","min","172.533","μmol/L","Humid","21.195","deg","91682","µV","31.141","°C","1022.000","hPa","36.0","pmil","0","55.680","deg","20.000","°C","100.000","%a.s.","22.210","deg","20.000","°C","971.000","hPa","0.826","-0.01532","0.000401","-0.00012","0","11.08","Humid","26.60","0","20.10","230539.86","SABD0002000011","AAV2.0.0.13","2.1.0.383","PSt7-10","171027-000","6/27/2018 9:55:33 AM","0000-00","0","no battery","V"
"08/23/2019","12:51:29","1","default","104940808","OXY1","15.477","min","172.487","μmol/L","Humid","21.198","deg","91693","µV","31.141","°C","1022.000","hPa","36.0","pmil","0","55.680","deg","20.000","°C","100.000","%a.s.","22.210","deg","20.000","°C","971.000","hPa","0.826","-0.01532","0.000401","-0.00012","0","11.08","Humid","26.60","0","20.10","230530.71","SABD0002000011","AAV2.0.0.13","2.1.0.383","PSt7-10","171027-000","6/27/2018 9:55:33 AM","0000-00","0","no battery","V"
"08/23/2019","12:51:30","1","default","104940808","OXY1","15.493","min","172.502","μmol/L","Humid","21.197","deg","91681","µV","31.141","°C","1022.000","hPa","36.0","pmil","0","55.680","deg","20.000","°C","100.000","%a.s.","22.210","deg","20.000","°C","971.000","hPa","0.826","-0.01532","0.000401","-0.00012","0","11.08","Humid","26.60","0","20.10","230519.47","SABD0002000011","AAV2.0.0.13","2.1.0.383","PSt7-10","171027-000","6/27/2018 9:55:33 AM","0000-00","0","no battery","V"
"08/23/2019","12:51:31","1","default","104940808","OXY1","15.510","min","172.468","μmol/L","Humid","21.197","deg","91685","µV","31.147","°C","1022.000","hPa","36.0","pmil","0","55.680","deg","20.000","°C","100.000","%a.s.","22.210","deg","20.000","°C","971.000","hPa","0.826","-0.01532","0.000401","-0.00012","0","11.08","Humid","26.60","0","20.10","230531.15","SABD0002000011","AAV2.0.0.13","2.1.0.383","PSt7-10","171027-000","6/27/2018 9:55:33 AM","0000-00","0","no battery","V"
"08/23/2019","12:51:32","1","default","104940808","OXY1","15.527","min","172.563","μmol/L","Humid","21.193","deg","91695","µV","31.141","°C","1022.000","hPa","36.0","pmil","0","55.680","deg","20.000","°C","100.000","%a.s.","22.210","deg","20.000","°C","971.000","hPa","0.826","-0.01532","0.000401","-0.00012","0","11.08","Humid","26.60","0","20.10","230512.19","SABD0002000011","AAV2.0.0.13","2.1.0.383","PSt7-10","171027-000","6/27/2018 9:55:33 AM","0000-00","0","no battery","V"
"08/23/2019","12:51:33","1","default","104940808","OXY1","15.544","min","172.453","μmol/L","Humid","21.198","deg","91689","µV","31.147","°C","1022.000","hPa","36.0","pmil","0","55.680","deg","20.000","°C","100.000","%a.s.","22.210","deg","20.000","°C","971.000","hPa","0.826","-0.01532","0.000401","-0.00012","0","11.08","Humid","26.60","0","20.10","230519.62","SABD0002000011","AAV2.0.0.13","2.1.0.383","PSt7-10","171027-000","6/27/2018 9:55:33 AM","0000-00","0","no battery","V"
"08/23/2019","12:51:34","1","default","104940808","OXY1","15.561","min","172.545","μmol/L","Humid","21.192","deg","91686","µV","31.147","°C","1022.000","hPa","36.0","pmil","0","55.680","deg","20.000","°C","100.000","%a.s.","22.210","deg","20.000","°C","971.000","hPa","0.826","-0.01532","0.000401","-0.00012","0","11.08","Humid","26.60","0","20.10","230523.40","SABD0002000011","AAV2.0.0.13","2.1.0.383","PSt7-10","171027-000","6/27/2018 9:55:33 AM","0000-00","0","no battery","V"
"08/23/2019","12:51:35","1","default","104940808","OXY1","15.577","min","172.487","μmol/L","Humid","21.198","deg","91680","µV","31.141","°C","1022.000","hPa","36.0","pmil","0","55.680","deg","20.000","°C","100.000","%a.s.","22.210","deg","20.000","°C","971.000","hPa","0.826","-0.01532","0.000401","-0.00012","0","11.08","Humid","26.60","0","20.10","230518.75","SABD0002000011","AAV2.0.0.13","2.1.0.383","PSt7-10","171027-000","6/27/2018 9:55:33 AM","0000-00","0","no battery","V"
"08/23/2019","12:51:36","1","default","104940808","OXY1","15.594","min","172.484","μmol/L","Humid","21.196","deg","91680","µV","31.147","°C","1022.000","hPa","36.0","pmil","0","55.680","deg","20.000","°C","100.000","%a.s.","22.210","deg","20.000","°C","971.000","hPa","0.826","-0.01532","0.000401","-0.00012","0","11.08","Humid","26.60","0","20.10","230527.26","SABD0002000011","AAV2.0.0.13","2.1.0.383","PSt7-10","171027-000","6/27/2018 9:55:33 AM","0000-00","0","no battery","V"
"08/23/2019","12:51:37","1","default","104940808","OXY1","15.610","min","172.533","μmol/L","Humid","21.195","deg","91674","µV","31.141","°C","1022.000","hPa","36.0","pmil","0","55.680","deg","20.000","°C","100.000","%a.s.","22.210","deg","20.000","°C","971.000","hPa","0.826","-0.01532","0.000401","-0.00012","0","11.08","Humid","26.60","0","20.10","230526.39","SABD0002000011","AAV2.0.0.13","2.1.0.383","PSt7-10","171027-000","6/27/2018 9:55:33 AM","0000-00","0","no battery","V"
"08/23/2019","12:51:38","1","default","104940808","OXY1","15.627","min","172.548","μmol/L","Humid","21.194","deg","91677","µV","31.141","°C","1022.000","hPa","36.0","pmil","0","55.680","deg","20.000","°C","100.000","%a.s.","22.210","deg","20.000","°C","971.000","hPa","0.826","-0.01532","0.000401","-0.00012","0","11.08","Humid","26.60","0","20.10","230527.76","SABD0002000011","AAV2.0.0.13","2.1.0.383","PSt7-10","171027-000","6/27/2018 9:55:33 AM","0000-00","0","no battery","V"
"08/23/2019","12:51:39","1","default","104940808","OXY1","15.644","min","172.563","μmol/L","Humid","21.193","deg","91677","µV","31.141","°C","1022.000","hPa","36.0","pmil","0","55.680","deg","20.000","°C","100.000","%a.s.","22.210","deg","20.000","°C","971.000","hPa","0.826","-0.01532","0.000401","-0.00012","0","11.08","Humid","26.60","0","20.10","230518.21","SABD0002000011","AAV2.0.0.13","2.1.0.383","PSt7-10","171027-000","6/27/2018 9:55:33 AM","0000-00","0","no battery","V"
"08/23/2019","12:51:40","1","default","104940808","OXY1","15.660","min","172.579","μmol/L","Humid","21.192","deg","91672","µV","31.141","°C","1022.000","hPa","36.0","pmil","0","55.680","deg","20.000","°C","100.000","%a.s.","22.210","deg","20.000","°C","971.000","hPa","0.826","-0.01532","0.000401","-0.00012","0","11.08","Humid","26.60","0","20.10","230516.64","SABD0002000011","AAV2.0.0.13","2.1.0.383","PSt7-10","171027-000","6/27/2018 9:55:33 AM","0000-00","0","no battery","V"
"08/23/2019","12:51:41","1","default","104940808","OXY1","15.677","min","172.514","μmol/L","Humid","21.194","deg","91679","µV","31.147","°C","1022.000","hPa","36.0","pmil","0","55.680","deg","20.000","°C","100.000","%a.s.","22.210","deg","20.000","°C","971.000","hPa","0.826","-0.01532","0.000401","-0.00012","0","11.08","Humid","26.60","0","20.10","230533.59","SABD0002000011","AAV2.0.0.13","2.1.0.383","PSt7-10","171027-000","6/27/2018 9:55:33 AM","0000-00","0","no battery","V"
"08/23/2019","12:51:42","1","default","104940808","OXY1","15.694","min","172.582","μmol/L","Humid","21.194","deg","91676","µV","31.135","°C","1022.000","hPa","36.0","pmil","0","55.680","deg","20.000","°C","100.000","%a.s.","22.210","deg","20.000","°C","971.000","hPa","0.826","-0.01532","0.000401","-0.00012","0","11.08","Humid","26.60","0","20.10","230535.80","SABD0002000011","AAV2.0.0.13","2.1.0.383","PSt7-10","171027-000","6/27/2018 9:55:33 AM","0000-00","0","no battery","V"
"08/23/2019","12:51:43","1","default","104940808","OXY1","15.711","min","172.487","μmol/L","Humid","21.198","deg","91687","µV","31.141","°C","1022.000","hPa","36.0","pmil","0","55.680","deg","20.000","°C","100.000","%a.s.","22.210","deg","20.000","°C","971.000","hPa","0.826","-0.01532","0.000401","-0.00012","0","11.08","Humid","26.60","0","20.10","230522.07","SABD0002000011","AAV2.0.0.13","2.1.0.383","PSt7-10","171027-000","6/27/2018 9:55:33 AM","0000-00","0","no battery","V"
"08/23/2019","12:51:44","1","default","104940808","OXY1","15.727","min","172.533","μmol/L","Humid","21.195","deg","91682","µV","31.141","°C","1022.000","hPa","36.0","pmil","0","55.680","deg","20.000","°C","100.000","%a.s.","22.210","deg","20.000","°C","971.000","hPa","0.826","-0.01532","0.000401","-0.00012","0","11.08","Humid","26.60","0","20.10","230506.48","SABD0002000011","AAV2.0.0.13","2.1.0.383","PSt7-10","171027-000","6/27/2018 9:55:33 AM","0000-00","0","no battery","V"
"08/23/2019","12:51:45","1","default","104940808","OXY1","15.744","min","172.484","μmol/L","Humid","21.196","deg","91680","µV","31.147","°C","1022.000","hPa","36.0","pmil","0","55.680","deg","20.000","°C","100.000","%a.s.","22.210","deg","20.000","°C","971.000","hPa","0.826","-0.01532","0.000401","-0.00012","0","11.08","Humid","26.60","0","20.10","230521.89","SABD0002000011","AAV2.0.0.13","2.1.0.383","PSt7-10","171027-000","6/27/2018 9:55:33 AM","0000-00","0","no battery","V"
"08/23/2019","12:51:46","1","default","104940808","OXY1","15.760","min","172.545","μmol/L","Humid","21.192","deg","91684","µV","31.147","°C","1022.000","hPa","36.0","pmil","0","55.680","deg","20.000","°C","100.000","%a.s.","22.210","deg","20.000","°C","971.000","hPa","0.826","-0.01532","0.000401","-0.00012","0","11.08","Humid","26.60","0","20.10","230513.85","SABD0002000011","AAV2.0.0.13","2.1.0.383","PSt7-10","171027-000","6/27/2018 9:55:33 AM","0000-00","0","no battery","V"
"08/23/2019","12:51:47","1","default","104940808","OXY1","15.777","min","172.533","μmol/L","Humid","21.195","deg","91678","µV","31.141","°C","1022.000","hPa","36.0","pmil","0","55.680","deg","20.000","°C","100.000","%a.s.","22.210","deg","20.000","°C","971.000","hPa","0.826","-0.01532","0.000401","-0.00012","0","11.08","Humid","26.60","0","20.10","230522.11","SABD0002000011","AAV2.0.0.13","2.1.0.383","PSt7-10","171027-000","6/27/2018 9:55:33 AM","0000-00","0","no battery","V"
"08/23/2019","12:51:48","1","default","104940808","OXY1","15.794","min","172.484","μmol/L","Humid","21.196","deg","91679","µV","31.147","°C","1022.000","hPa","36.0","pmil","0","55.680","deg","20.000","°C","100.000","%a.s.","22.210","deg","20.000","°C","971.000","hPa","0.826","-0.01532","0.000401","-0.00012","0","11.08","Humid","26.60","0","20.10","230519.38","SABD0002000011","AAV2.0.0.13","2.1.0.383","PSt7-10","171027-000","6/27/2018 9:55:33 AM","0000-00","0","no battery","V"
"08/23/2019","12:51:49","1","default","104940808","OXY1","15.810","min","172.453","μmol/L","Humid","21.198","deg","91672","µV","31.147","°C","1022.000","hPa","36.0","pmil","0","55.680","deg","20.000","°C","100.000","%a.s.","22.210","deg","20.000","°C","971.000","hPa","0.826","-0.01532","0.000401","-0.00012","0","11.08","Humid","26.60","0","20.10","230516.28","SABD0002000011","AAV2.0.0.13","2.1.0.383","PSt7-10","171027-000","6/27/2018 9:55:33 AM","0000-00","0","no battery","V"
"08/23/2019","12:51:50","1","default","104940808","OXY1","15.827","min","172.525","μmol/L","Humid","21.195","deg","91677","µV","31.141","°C","1021.000","hPa","36.0","pmil","0","55.680","deg","20.000","°C","100.000","%a.s.","22.210","deg","20.000","°C","971.000","hPa","0.826","-0.01532","0.000401","-0.00012","0","11.08","Humid","26.60","0","20.10","230513.54","SABD0002000011","AAV2.0.0.13","2.1.0.383","PSt7-10","171027-000","6/27/2018 9:55:33 AM","0000-00","0","no battery","V"
"08/23/2019","12:51:51","1","default","104940808","OXY1","15.844","min","172.484","μmol/L","Humid","21.196","deg","91674","µV","31.147","°C","1022.000","hPa","36.0","pmil","0","55.680","deg","20.000","°C","100.000","%a.s.","22.210","deg","20.000","°C","971.000","hPa","0.826","-0.01532","0.000401","-0.00012","0","11.08","Humid","26.60","0","20.10","230526.74","SABD0002000011","AAV2.0.0.13","2.1.0.383","PSt7-10","171027-000","6/27/2018 9:55:33 AM","0000-00","0","no battery","V"
"08/23/2019","12:51:52","1","default","104940808","OXY1","15.861","min","172.468","μmol/L","Humid","21.197","deg","91683","µV","31.147","°C","1022.000","hPa","36.0","pmil","0","55.680","deg","20.000","°C","100.000","%a.s.","22.210","deg","20.000","°C","971.000","hPa","0.826","-0.01532","0.000401","-0.00012","0","11.08","Humid","26.60","0","20.10","230509.30","SABD0002000011","AAV2.0.0.13","2.1.0.383","PSt7-10","171027-000","6/27/2018 9:55:33 AM","0000-00","0","no battery","V"
"08/23/2019","12:51:53","1","default","104940808","OXY1","15.877","min","172.548","μmol/L","Humid","21.194","deg","91681","µV","31.141","°C","1022.000","hPa","36.0","pmil","0","55.680","deg","20.000","°C","100.000","%a.s.","22.210","deg","20.000","°C","971.000","hPa","0.826","-0.01532","0.000401","-0.00012","0","11.08","Humid","26.60","0","20.10","230513.09","SABD0002000011","AAV2.0.0.13","2.1.0.383","PSt7-10","171027-000","6/27/2018 9:55:33 AM","0000-00","0","no battery","V"
"08/23/2019","12:51:54","1","default","104940808","OXY1","15.893","min","172.536","μmol/L","Humid","21.197","deg","91676","µV","31.135","°C","1022.000","hPa","36.0","pmil","0","55.680","deg","20.000","°C","100.000","%a.s.","22.210","deg","20.000","°C","971.000","hPa","0.826","-0.01532","0.000401","-0.00012","0","11.08","Humid","26.60","0","20.10","230511.10","SABD0002000011","AAV2.0.0.13","2.1.0.383","PSt7-10","171027-000","6/27/2018 9:55:33 AM","0000-00","0","no battery","V"
"08/23/2019","12:51:55","1","default","104940808","OXY1","15.910","min","172.533","μmol/L","Humid","21.195","deg","91687","µV","31.141","°C","1022.000","hPa","36.0","pmil","0","55.680","deg","20.000","°C","100.000","%a.s.","22.210","deg","20.000","°C","971.000","hPa","0.826","-0.01532","0.000401","-0.00012","0","11.08","Humid","26.60","0","20.10","230513.68","SABD0002000011","AAV2.0.0.13","2.1.0.383","PSt7-10","171027-000","6/27/2018 9:55:33 AM","0000-00","0","no battery","V"
"08/23/2019","12:51:56","1","default","104940808","OXY1","15.927","min","172.475","μmol/L","Humid","21.201","deg","91681","µV","31.135","°C","1022.000","hPa","36.0","pmil","0","55.680","deg","20.000","°C","100.000","%a.s.","22.210","deg","20.000","°C","971.000","hPa","0.826","-0.01532","0.000401","-0.00012","0","11.08","Humid","26.60","0","20.10","230515.63","SABD0002000011","AAV2.0.0.13","2.1.0.383","PSt7-10","171027-000","6/27/2018 9:55:33 AM","0000-00","0","no battery","V"
"08/23/2019","12:51:57","1","default","104940808","OXY1","15.944","min","172.472","μmol/L","Humid","21.199","deg","91683","µV","31.141","°C","1022.000","hPa","36.0","pmil","0","55.680","deg","20.000","°C","100.000","%a.s.","22.210","deg","20.000","°C","971.000","hPa","0.826","-0.01532","0.000401","-0.00012","0","11.08","Humid","26.60","0","20.10","230509.60","SABD0002000011","AAV2.0.0.13","2.1.0.383","PSt7-10","171027-000","6/27/2018 9:55:33 AM","0000-00","0","no battery","V"
"08/23/2019","12:51:58","1","default","104940808","OXY1","15.960","min","172.438","μmol/L","Humid","21.199","deg","91681","µV","31.147","°C","1022.000","hPa","36.0","pmil","0","55.680","deg","20.000","°C","100.000","%a.s.","22.210","deg","20.000","°C","971.000","hPa","0.826","-0.01532","0.000401","-0.00012","0","11.08","Humid","26.60","0","20.10","230512.92","SABD0002000011","AAV2.0.0.13","2.1.0.383","PSt7-10","171027-000","6/27/2018 9:55:33 AM","0000-00","0","no battery","V"
"08/23/2019","12:51:59","1","default","104940808","OXY1","15.977","min","172.434","μmol/L","Humid","21.197","deg","91680","µV","31.153","°C","1022.000","hPa","36.0","pmil","0","55.680","deg","20.000","°C","100.000","%a.s.","22.210","deg","20.000","°C","971.000","hPa","0.826","-0.01532","0.000401","-0.00012","0","11.08","Humid","26.60","0","20.10","230512.54","SABD0002000011","AAV2.0.0.13","2.1.0.383","PSt7-10","171027-000","6/27/2018 9:55:33 AM","0000-00","0","no battery","V"
"08/23/2019","12:52:00","1","default","104940808","OXY1","15.994","min","172.594","μmol/L","Humid","21.191","deg","91682","µV","31.141","°C","1022.000","hPa","36.0","pmil","0","55.680","deg","20.000","°C","100.000","%a.s.","22.210","deg","20.000","°C","971.000","hPa","0.826","-0.01532","0.000401","-0.00012","0","11.08","Humid","26.60","0","20.10","230519.20","SABD0002000011","AAV2.0.0.13","2.1.0.383","PSt7-10","171027-000","6/27/2018 9:55:33 AM","0000-00","0","no battery","V"
"08/23/2019","12:52:01","1","default","104940808","OXY1","16.011","min","172.487","μmol/L","Humid","21.198","deg","91676","µV","31.141","°C","1022.000","hPa","36.0","pmil","0","55.680","deg","20.000","°C","100.000","%a.s.","22.210","deg","20.000","°C","971.000","hPa","0.826","-0.01532","0.000401","-0.00012","0","11.08","Humid","26.60","0","20.10","230517.57","SABD0002000011","AAV2.0.0.13","2.1.0.383","PSt7-10","171027-000","6/27/2018 9:55:33 AM","0000-00","0","no battery","V"
"08/23/2019","12:52:02","1","default","104940808","OXY1","16.027","min","172.404","μmol/L","Humid","21.199","deg","91670","µV","31.153","°C","1022.000","hPa","36.0","pmil","0","55.680","deg","20.000","°C","100.000","%a.s.","22.210","deg","20.000","°C","971.000","hPa","0.826","-0.01532","0.000401","-0.00012","0","11.08","Humid","26.60","0","20.10","230489.17","SABD0002000011","AAV2.0.0.13","2.1.0.383","PSt7-10","171027-000","6/27/2018 9:55:33 AM","0000-00","0","no battery","V"
"08/23/2019","12:52:03","1","default","104940808","OXY1","16.043","min","172.465","μmol/L","Humid","21.195","deg","91661","µV","31.153","°C","1022.000","hPa","36.0","pmil","0","55.680","deg","20.000","°C","100.000","%a.s.","22.210","deg","20.000","°C","971.000","hPa","0.826","-0.01532","0.000401","-0.00012","0","11.08","Humid","26.60","0","20.10","230506.11","SABD0002000011","AAV2.0.0.13","2.1.0.383","PSt7-10","171027-000","6/27/2018 9:55:33 AM","0000-00","0","no battery","V"
"08/23/2019","12:52:04","1","default","104940808","OXY1","16.060","min","172.476","μmol/L","Humid","21.196","deg","91669","µV","31.147","°C","1021.000","hPa","36.0","pmil","0","55.680","deg","20.000","°C","100.000","%a.s.","22.210","deg","20.000","°C","971.000","hPa","0.826","-0.01532","0.000401","-0.00012","0","11.08","Humid","26.60","0","20.10","230509.25","SABD0002000011","AAV2.0.0.13","2.1.0.383","PSt7-10","171027-000","6/27/2018 9:55:33 AM","0000-00","0","no battery","V"
"08/23/2019","12:52:05","1","default","104940808","OXY1","16.077","min","172.499","μmol/L","Humid","21.195","deg","91663","µV","31.147","°C","1022.000","hPa","36.0","pmil","0","55.680","deg","20.000","°C","100.000","%a.s.","22.210","deg","20.000","°C","971.000","hPa","0.826","-0.01532","0.000401","-0.00012","0","11.08","Humid","26.60","0","20.10","230507.23","SABD0002000011","AAV2.0.0.13","2.1.0.383","PSt7-10","171027-000","6/27/2018 9:55:33 AM","0000-00","0","no battery","V"
"08/23/2019","12:52:06","1","default","104940808","OXY1","16.094","min","172.511","μmol/L","Humid","21.192","deg","91656","µV","31.153","°C","1022.000","hPa","36.0","pmil","0","55.680","deg","20.000","°C","100.000","%a.s.","22.210","deg","20.000","°C","971.000","hPa","0.826","-0.01532","0.000401","-0.00012","0","11.08","Humid","26.60","0","20.10","230498.84","SABD0002000011","AAV2.0.0.13","2.1.0.383","PSt7-10","171027-000","6/27/2018 9:55:33 AM","0000-00","0","no battery","V"
"08/23/2019","12:52:07","1","default","104940808","OXY1","16.110","min","172.545","μmol/L","Humid","21.192","deg","91662","µV","31.147","°C","1022.000","hPa","36.0","pmil","0","55.680","deg","20.000","°C","100.000","%a.s.","22.210","deg","20.000","°C","971.000","hPa","0.826","-0.01532","0.000401","-0.00012","0","11.08","Humid","26.60","0","20.10","230491.16","SABD0002000011","AAV2.0.0.13","2.1.0.383","PSt7-10","171027-000","6/27/2018 9:55:33 AM","0000-00","0","no battery","V"
"08/23/2019","12:52:08","1","default","104940808","OXY1","16.127","min","172.465","μmol/L","Humid","21.195","deg","91667","µV","31.153","°C","1022.000","hPa","36.0","pmil","0","55.680","deg","20.000","°C","100.000","%a.s.","22.210","deg","20.000","°C","971.000","hPa","0.826","-0.01532","0.000401","-0.00012","0","11.08","Humid","26.60","0","20.10","230502.78","SABD0002000011","AAV2.0.0.13","2.1.0.383","PSt7-10","171027-000","6/27/2018 9:55:33 AM","0000-00","0","no battery","V"
"08/23/2019","12:52:09","1","default","104940808","OXY1","16.144","min","172.591","μmol/L","Humid","21.189","deg","91669","µV","31.147","°C","1022.000","hPa","36.0","pmil","0","55.680","deg","20.000","°C","100.000","%a.s.","22.210","deg","20.000","°C","971.000","hPa","0.826","-0.01532","0.000401","-0.00012","0","11.08","Humid","26.60","0","20.10","230497.45","SABD0002000011","AAV2.0.0.13","2.1.0.383","PSt7-10","171027-000","6/27/2018 9:55:33 AM","0000-00","0","no battery","V"
"08/23/2019","12:52:10","1","default","104940808","OXY1","16.161","min","172.450","μmol/L","Humid","21.196","deg","91673","µV","31.153","°C","1022.000","hPa","36.0","pmil","0","55.680","deg","20.000","°C","100.000","%a.s.","22.210","deg","20.000","°C","971.000","hPa","0.826","-0.01532","0.000401","-0.00012","0","11.08","Humid","26.60","0","20.10","230507.76","SABD0002000011","AAV2.0.0.13","2.1.0.383","PSt7-10","171027-000","6/27/2018 9:55:33 AM","0000-00","0","no battery","V"
"08/23/2019","12:52:11","1","default","104940808","OXY1","16.177","min","172.530","μmol/L","Humid","21.193","deg","91673","µV","31.147","°C","1022.000","hPa","36.0","pmil","0","55.680","deg","20.000","°C","100.000","%a.s.","22.210","deg","20.000","°C","971.000","hPa","0.826","-0.01532","0.000401","-0.00012","0","11.08","Humid","26.60","0","20.10","230496.13","SABD0002000011","AAV2.0.0.13","2.1.0.383","PSt7-10","171027-000","6/27/2018 9:55:33 AM","0000-00","0","no battery","V"
"08/23/2019","12:52:12","1","default","104940808","OXY1","16.193","min","172.545","μmol/L","Humid","21.192","deg","91675","µV","31.147","°C","1022.000","hPa","36.0","pmil","0","55.680","deg","20.000","°C","100.000","%a.s.","22.210","deg","20.000","°C","971.000","hPa","0.826","-0.01532","0.000401","-0.00012","0","11.08","Humid","26.60","0","20.10","230495.18","SABD0002000011","AAV2.0.0.13","2.1.0.383","PSt7-10","171027-000","6/27/2018 9:55:33 AM","0000-00","0","no battery","V"
"08/23/2019","12:52:13","1","default","104940808","OXY1","16.210","min","172.468","μmol/L","Humid","21.197","deg","91676","µV","31.147","°C","1022.000","hPa","36.0","pmil","0","55.680","deg","20.000","°C","100.000","%a.s.","22.210","deg","20.000","°C","971.000","hPa","0.826","-0.01532","0.000401","-0.00012","0","11.08","Humid","26.60","0","20.10","230499.59","SABD0002000011","AAV2.0.0.13","2.1.0.383","PSt7-10","171027-000","6/27/2018 9:55:33 AM","0000-00","0","no battery","V"
"08/23/2019","12:52:14","1","default","104940808","OXY1","16.227","min","172.422","μmol/L","Humid","21.200","deg","91677","µV","31.147","°C","1022.000","hPa","36.0","pmil","0","55.680","deg","20.000","°C","100.000","%a.s.","22.210","deg","20.000","°C","971.000","hPa","0.826","-0.01532","0.000401","-0.00012","0","11.08","Humid","26.60","0","20.10","230505.17","SABD0002000011","AAV2.0.0.13","2.1.0.383","PSt7-10","171027-000","6/27/2018 9:55:33 AM","0000-00","0","no battery","V"
"08/23/2019","12:52:15","1","default","104940808","OXY1","16.243","min","172.563","μmol/L","Humid","21.193","deg","91671","µV","31.141","°C","1022.000","hPa","36.0","pmil","0","55.680","deg","20.000","°C","100.000","%a.s.","22.210","deg","20.000","°C","971.000","hPa","0.826","-0.01532","0.000401","-0.00012","0","11.08","Humid","26.60","0","20.10","230501.23","SABD0002000011","AAV2.0.0.13","2.1.0.383","PSt7-10","171027-000","6/27/2018 9:55:33 AM","0000-00","0","no battery","V"
"08/23/2019","12:52:16","1","default","104940808","OXY1","16.260","min","172.453","μmol/L","Humid","21.198","deg","91680","µV","31.147","°C","1022.000","hPa","36.0","pmil","0","55.680","deg","20.000","°C","100.000","%a.s.","22.210","deg","20.000","°C","971.000","hPa","0.826","-0.01532","0.000401","-0.00012","0","11.08","Humid","26.60","0","20.10","230497.37","SABD0002000011","AAV2.0.0.13","2.1.0.383","PSt7-10","171027-000","6/27/2018 9:55:33 AM","0000-00","0","no battery","V"
"08/23/2019","12:52:17","1","default","104940808","OXY1","16.277","min","172.472","μmol/L","Humid","21.199","deg","91672","µV","31.141","°C","1022.000","hPa","36.0","pmil","0","55.680","deg","20.000","°C","100.000","%a.s.","22.210","deg","20.000","°C","971.000","hPa","0.826","-0.01532","0.000401","-0.00012","0","11.08","Humid","26.60","0","20.10","230496.10","SABD0002000011","AAV2.0.0.13","2.1.0.383","PSt7-10","171027-000","6/27/2018 9:55:33 AM","0000-00","0","no battery","V"
"08/23/2019","12:52:18","1","default","104940808","OXY1","16.294","min","172.536","μmol/L","Humid","21.197","deg","91676","µV","31.135","°C","1022.000","hPa","36.0","pmil","0","55.680","deg","20.000","°C","100.000","%a.s.","22.210","deg","20.000","°C","971.000","hPa","0.826","-0.01532","0.000401","-0.00012","0","11.08","Humid","26.60","0","20.10","230502.59","SABD0002000011","AAV2.0.0.13","2.1.0.383","PSt7-10","171027-000","6/27/2018 9:55:33 AM","0000-00","0","no battery","V"
"08/23/2019","12:52:19","1","default","104940808","OXY1","16.310","min","172.536","μmol/L","Humid","21.197","deg","91677","µV","31.135","°C","1022.000","hPa","36.0","pmil","0","55.680","deg","20.000","°C","100.000","%a.s.","22.210","deg","20.000","°C","971.000","hPa","0.826","-0.01532","0.000401","-0.00012","0","11.08","Humid","26.60","0","20.10","230486.70","SABD0002000011","AAV2.0.0.13","2.1.0.383","PSt7-10","171027-000","6/27/2018 9:55:33 AM","0000-00","0","no battery","V"
"08/23/2019","12:52:20","1","default","104940808","OXY1","16.327","min","172.521","μmol/L","Humid","21.198","deg","91674","µV","31.135","°C","1022.000","hPa","36.0","pmil","0","55.680","deg","20.000","°C","100.000","%a.s.","22.210","deg","20.000","°C","971.000","hPa","0.826","-0.01532","0.000401","-0.00012","0","11.08","Humid","26.60","0","20.10","230490.67","SABD0002000011","AAV2.0.0.13","2.1.0.383","PSt7-10","171027-000","6/27/2018 9:55:33 AM","0000-00","0","no battery","V"
"08/23/2019","12:52:21","1","default","104940808","OXY1","16.344","min","172.505","μmol/L","Humid","21.199","deg","91675","µV","31.135","°C","1022.000","hPa","36.0","pmil","0","55.680","deg","20.000","°C","100.000","%a.s.","22.210","deg","20.000","°C","971.000","hPa","0.826","-0.01532","0.000401","-0.00012","0","11.08","Humid","26.60","0","20.10","230493.05","SABD0002000011","AAV2.0.0.13","2.1.0.383","PSt7-10","171027-000","6/27/2018 9:55:33 AM","0000-00","0","no battery","V"
"08/23/2019","12:52:22","1","default","104940808","OXY1","16.360","min","172.499","μmol/L","Humid","21.195","deg","91664","µV","31.147","°C","1022.000","hPa","36.0","pmil","0","55.680","deg","20.000","°C","100.000","%a.s.","22.210","deg","20.000","°C","971.000","hPa","0.826","-0.01532","0.000401","-0.00012","0","11.08","Humid","26.60","0","20.10","230490.66","SABD0002000011","AAV2.0.0.13","2.1.0.383","PSt7-10","171027-000","6/27/2018 9:55:33 AM","0000-00","0","no battery","V"
"08/23/2019","12:52:23","1","default","104940808","OXY1","16.377","min","172.484","μmol/L","Humid","21.196","deg","91677","µV","31.147","°C","1022.000","hPa","36.0","pmil","0","55.680","deg","20.000","°C","100.000","%a.s.","22.210","deg","20.000","°C","971.000","hPa","0.826","-0.01532","0.000401","-0.00012","0","11.08","Humid","26.60","0","20.10","230493.37","SABD0002000011","AAV2.0.0.13","2.1.0.383","PSt7-10","171027-000","6/27/2018 9:55:33 AM","0000-00","0","no battery","V"
"08/23/2019","12:52:24","1","default","104940808","OXY1","16.393","min","172.530","μmol/L","Humid","21.193","deg","91669","µV","31.147","°C","1022.000","hPa","36.0","pmil","0","55.680","deg","20.000","°C","100.000","%a.s.","22.210","deg","20.000","°C","971.000","hPa","0.826","-0.01532","0.000401","-0.00012","0","11.08","Humid","26.60","0","20.10","230480.72","SABD0002000011","AAV2.0.0.13","2.1.0.383","PSt7-10","171027-000","6/27/2018 9:55:33 AM","0000-00","0","no battery","V"
"08/23/2019","12:52:25","1","default","104940808","OXY1","16.410","min","172.533","μmol/L","Humid","21.195","deg","91674","µV","31.141","°C","1022.000","hPa","36.0","pmil","0","55.680","deg","20.000","°C","100.000","%a.s.","22.210","deg","20.000","°C","971.000","hPa","0.826","-0.01532","0.000401","-0.00012","0","11.08","Humid","26.60","0","20.10","230486.56","SABD0002000011","AAV2.0.0.13","2.1.0.383","PSt7-10","171027-000","6/27/2018 9:55:33 AM","0000-00","0","no battery","V"
"08/23/2019","12:52:26","1","default","104940808","OXY1","16.427","min","172.484","μmol/L","Humid","21.196","deg","91678","µV","31.147","°C","1022.000","hPa","36.0","pmil","0","55.680","deg","20.000","°C","100.000","%a.s.","22.210","deg","20.000","°C","971.000","hPa","0.826","-0.01532","0.000401","-0.00012","0","11.08","Humid","26.60","0","20.10","230483.73","SABD0002000011","AAV2.0.0.13","2.1.0.383","PSt7-10","171027-000","6/27/2018 9:55:33 AM","0000-00","0","no battery","V"
"08/23/2019","12:52:27","1","default","104940808","OXY1","16.444","min","172.445","μmol/L","Humid","21.198","deg","91670","µV","31.147","°C","1021.000","hPa","36.0","pmil","0","55.680","deg","20.000","°C","100.000","%a.s.","22.210","deg","20.000","°C","971.000","hPa","0.826","-0.01532","0.000401","-0.00012","0","11.08","Humid","26.60","0","20.10","230486.62","SABD0002000011","AAV2.0.0.13","2.1.0.383","PSt7-10","171027-000","6/27/2018 9:55:33 AM","0000-00","0","no battery","V"
"08/23/2019","12:52:28","1","default","104940808","OXY1","16.461","min","172.450","μmol/L","Humid","21.196","deg","91665","µV","31.153","°C","1022.000","hPa","36.0","pmil","0","55.680","deg","20.000","°C","100.000","%a.s.","22.210","deg","20.000","°C","971.000","hPa","0.826","-0.01532","0.000401","-0.00012","0","11.08","Humid","26.60","0","20.10","230481.53","SABD0002000011","AAV2.0.0.13","2.1.0.383","PSt7-10","171027-000","6/27/2018 9:55:33 AM","0000-00","0","no battery","V"
"08/23/2019","12:52:29","1","default","104940808","OXY1","16.477","min","172.484","μmol/L","Humid","21.196","deg","91668","µV","31.147","°C","1022.000","hPa","36.0","pmil","0","55.680","deg","20.000","°C","100.000","%a.s.","22.210","deg","20.000","°C","971.000","hPa","0.826","-0.01532","0.000401","-0.00012","0","11.08","Humid","26.60","0","20.10","230482.13","SABD0002000011","AAV2.0.0.13","2.1.0.383","PSt7-10","171027-000","6/27/2018 9:55:33 AM","0000-00","0","no battery","V"
"08/23/2019","12:52:30","1","default","104940808","OXY1","16.494","min","172.453","μmol/L","Humid","21.198","deg","91665","µV","31.147","°C","1022.000","hPa","36.0","pmil","0","55.680","deg","20.000","°C","100.000","%a.s.","22.210","deg","20.000","°C","971.000","hPa","0.826","-0.01532","0.000401","-0.00012","0","11.08","Humid","26.60","0","20.10","230479.74","SABD0002000011","AAV2.0.0.13","2.1.0.383","PSt7-10","171027-000","6/27/2018 9:55:33 AM","0000-00","0","no battery","V"
"08/23/2019","12:52:31","1","default","104940808","OXY1","16.510","min","172.419","μmol/L","Humid","21.198","deg","91668","µV","31.153","°C","1022.000","hPa","36.0","pmil","0","55.680","deg","20.000","°C","100.000","%a.s.","22.210","deg","20.000","°C","971.000","hPa","0.826","-0.01532","0.000401","-0.00012","0","11.08","Humid","26.60","0","20.10","230482.16","SABD0002000011","AAV2.0.0.13","2.1.0.383","PSt7-10","171027-000","6/27/2018 9:55:33 AM","0000-00","0","no battery","V"
"08/23/2019","12:52:32","1","default","104940808","OXY1","16.527","min","172.499","μmol/L","Humid","21.195","deg","91665","µV","31.147","°C","1022.000","hPa","36.0","pmil","0","55.680","deg","20.000","°C","100.000","%a.s.","22.210","deg","20.000","°C","971.000","hPa","0.826","-0.01532","0.000401","-0.00012","0","11.08","Humid","26.60","0","20.10","230482.78","SABD0002000011","AAV2.0.0.13","2.1.0.383","PSt7-10","171027-000","6/27/2018 9:55:33 AM","0000-00","0","no battery","V"
"08/23/2019","12:52:33","1","default","104940808","OXY1","16.544","min","172.465","μmol/L","Humid","21.195","deg","91662","µV","31.153","°C","1022.000","hPa","36.0","pmil","0","55.680","deg","20.000","°C","100.000","%a.s.","22.210","deg","20.000","°C","971.000","hPa","0.826","-0.01532","0.000401","-0.00012","0","11.08","Humid","26.60","0","20.10","230483.83","SABD0002000011","AAV2.0.0.13","2.1.0.383","PSt7-10","171027-000","6/27/2018 9:55:33 AM","0000-00","0","no battery","V"
"08/23/2019","12:52:34","1","default","104940808","OXY1","16.561","min","172.434","μmol/L","Humid","21.197","deg","91666","µV","31.153","°C","1022.000","hPa","36.0","pmil","0","55.680","deg","20.000","°C","100.000","%a.s.","22.210","deg","20.000","°C","971.000","hPa","0.826","-0.01532","0.000401","-0.00012","0","11.08","Humid","26.60","0","20.10","230487.40","SABD0002000011","AAV2.0.0.13","2.1.0.383","PSt7-10","171027-000","6/27/2018 9:55:33 AM","0000-00","0","no battery","V"
"08/23/2019","12:52:35","1","default","104940808","OXY1","16.577","min","172.450","μmol/L","Humid","21.196","deg","91662","µV","31.153","°C","1022.000","hPa","36.0","pmil","0","55.680","deg","20.000","°C","100.000","%a.s.","22.210","deg","20.000","°C","971.000","hPa","0.826","-0.01532","0.000401","-0.00012","0","11.08","Humid","26.60","0","20.10","230473.73","SABD0002000011","AAV2.0.0.13","2.1.0.383","PSt7-10","171027-000","6/27/2018 9:55:33 AM","0000-00","0","no battery","V"
"08/23/2019","12:52:36","1","default","104940808","OXY1","16.594","min","172.401","μmol/L","Humid","21.197","deg","91668","µV","31.159","°C","1022.000","hPa","36.0","pmil","0","55.680","deg","20.000","°C","100.000","%a.s.","22.210","deg","20.000","°C","971.000","hPa","0.826","-0.01532","0.000401","-0.00012","0","11.08","Humid","26.60","0","20.10","230479.28","SABD0002000011","AAV2.0.0.13","2.1.0.383","PSt7-10","171027-000","6/27/2018 9:55:33 AM","0000-00","0","no battery","V"
"08/23/2019","12:52:37","1","default","104940808","OXY1","16.610","min","172.404","μmol/L","Humid","21.199","deg","91673","µV","31.153","°C","1022.000","hPa","36.0","pmil","0","55.680","deg","20.000","°C","100.000","%a.s.","22.210","deg","20.000","°C","971.000","hPa","0.826","-0.01532","0.000401","-0.00012","0","11.08","Humid","26.60","0","20.10","230489.01","SABD0002000011","AAV2.0.0.13","2.1.0.383","PSt7-10","171027-000","6/27/2018 9:55:33 AM","0000-00","0","no battery","V"
"08/23/2019","12:52:38","1","default","104940808","OXY1","16.627","min","172.404","μmol/L","Humid","21.199","deg","91665","µV","31.153","°C","1022.000","hPa","36.0","pmil","0","55.680","deg","20.000","°C","100.000","%a.s.","22.210","deg","20.000","°C","971.000","hPa","0.826","-0.01532","0.000401","-0.00012","0","11.08","Humid","26.60","0","20.10","230479.78","SABD0002000011","AAV2.0.0.13","2.1.0.383","PSt7-10","171027-000","6/27/2018 9:55:33 AM","0000-00","0","no battery","V"
"08/23/2019","12:52:39","1","default","104940808","OXY1","16.643","min","172.496","μmol/L","Humid","21.193","deg","91664","µV","31.153","°C","1022.000","hPa","36.0","pmil","0","55.680","deg","20.000","°C","100.000","%a.s.","22.210","deg","20.000","°C","971.000","hPa","0.826","-0.01532","0.000401","-0.00012","0","11.08","Humid","26.60","0","20.10","230479.38","SABD0002000011","AAV2.0.0.13","2.1.0.383","PSt7-10","171027-000","6/27/2018 9:55:33 AM","0000-00","0","no battery","V"
"08/23/2019","12:52:40","1","default","104940808","OXY1","16.660","min","172.514","μmol/L","Humid","21.194","deg","91665","µV","31.147","°C","1022.000","hPa","36.0","pmil","0","55.680","deg","20.000","°C","100.000","%a.s.","22.210","deg","20.000","°C","971.000","hPa","0.826","-0.01532","0.000401","-0.00012","0","11.08","Humid","26.60","0","20.10","230474.11","SABD0002000011","AAV2.0.0.13","2.1.0.383","PSt7-10","171027-000","6/27/2018 9:55:33 AM","0000-00","0","no battery","V"
"08/23/2019","12:52:41","1","default","104940808","OXY1","16.677","min","172.518","μmol/L","Humid","21.196","deg","91661","µV","31.141","°C","1022.000","hPa","36.0","pmil","0","55.680","deg","20.000","°C","100.000","%a.s.","22.210","deg","20.000","°C","971.000","hPa","0.826","-0.01532","0.000401","-0.00012","0","11.08","Humid","26.60","0","20.10","230477.40","SABD0002000011","AAV2.0.0.13","2.1.0.383","PSt7-10","171027-000","6/27/2018 9:55:33 AM","0000-00","0","no battery","V"
"08/23/2019","12:52:42","1","default","104940808","OXY1","16.694","min","172.484","μmol/L","Humid","21.196","deg","91660","µV","31.147","°C","1022.000","hPa","36.0","pmil","0","55.680","deg","20.000","°C","100.000","%a.s.","22.210","deg","20.000","°C","971.000","hPa","0.826","-0.01532","0.000401","-0.00012","0","11.08","Humid","26.60","0","20.10","230478.03","SABD0002000011","AAV2.0.0.13","2.1.0.383","PSt7-10","171027-000","6/27/2018 9:55:33 AM","0000-00","0","no battery","V"
"08/23/2019","12:52:43","1","default","104940808","OXY1","16.711","min","172.491","μmol/L","Humid","21.195","deg","91663","µV","31.147","°C","1021.000","hPa","36.0","pmil","0","55.680","deg","20.000","°C","100.000","%a.s.","22.210","deg","20.000","°C","971.000","hPa","0.826","-0.01532","0.000401","-0.00012","0","11.08","Humid","26.60","0","20.10","230481.77","SABD0002000011","AAV2.0.0.13","2.1.0.383","PSt7-10","171027-000","6/27/2018 9:55:33 AM","0000-00","0","no battery","V"
"08/23/2019","12:52:44","1","default","104940808","OXY1","16.727","min","172.499","μmol/L","Humid","21.195","deg","91656","µV","31.147","°C","1022.000","hPa","36.0","pmil","0","55.680","deg","20.000","°C","100.000","%a.s.","22.210","deg","20.000","°C","971.000","hPa","0.826","-0.01532","0.000401","-0.00012","0","11.08","Humid","26.60","0","20.10","230473.77","SABD0002000011","AAV2.0.0.13","2.1.0.383","PSt7-10","171027-000","6/27/2018 9:55:33 AM","0000-00","0","no battery","V"
"08/23/2019","12:52:45","1","default","104940808","OXY1","16.743","min","172.450","μmol/L","Humid","21.196","deg","91664","µV","31.153","°C","1022.000","hPa","36.0","pmil","0","55.680","deg","20.000","°C","100.000","%a.s.","22.210","deg","20.000","°C","971.000","hPa","0.826","-0.01532","0.000401","-0.00012","0","11.08","Humid","26.60","0","20.10","230472.27","SABD0002000011","AAV2.0.0.13","2.1.0.383","PSt7-10","171027-000","6/27/2018 9:55:33 AM","0000-00","0","no battery","V"
"08/23/2019","12:52:46","1","default","104940808","OXY1","16.760","min","172.373","μmol/L","Humid","21.201","deg","91657","µV","31.153","°C","1022.000","hPa","36.0","pmil","0","55.680","deg","20.000","°C","100.000","%a.s.","22.210","deg","20.000","°C","971.000","hPa","0.826","-0.01532","0.000401","-0.00012","0","11.08","Humid","26.60","0","20.10","230471.18","SABD0002000011","AAV2.0.0.13","2.1.0.383","PSt7-10","171027-000","6/27/2018 9:55:33 AM","0000-00","0","no battery","V"
"08/23/2019","12:52:47","1","default","104940808","OXY1","16.777","min","172.431","μmol/L","Humid","21.195","deg","91664","µV","31.159","°C","1022.000","hPa","36.0","pmil","0","55.680","deg","20.000","°C","100.000","%a.s.","22.210","deg","20.000","°C","971.000","hPa","0.826","-0.01532","0.000401","-0.00012","0","11.08","Humid","26.60","0","20.10","230473.67","SABD0002000011","AAV2.0.0.13","2.1.0.383","PSt7-10","171027-000","6/27/2018 9:55:33 AM","0000-00","0","no battery","V"
"08/23/2019","12:52:48","1","default","104940808","OXY1","16.794","min","172.438","μmol/L","Humid","21.199","deg","91672","µV","31.147","°C","1022.000","hPa","36.0","pmil","0","55.680","deg","20.000","°C","100.000","%a.s.","22.210","deg","20.000","°C","971.000","hPa","0.826","-0.01532","0.000401","-0.00012","0","11.08","Humid","26.60","0","20.10","230478.79","SABD0002000011","AAV2.0.0.13","2.1.0.383","PSt7-10","171027-000","6/27/2018 9:55:33 AM","0000-00","0","no battery","V"
"08/23/2019","12:52:49","1","default","104940808","OXY1","16.810","min","172.404","μmol/L","Humid","21.199","deg","91666","µV","31.153","°C","1022.000","hPa","36.0","pmil","0","55.680","deg","20.000","°C","100.000","%a.s.","22.210","deg","20.000","°C","971.000","hPa","0.826","-0.01532","0.000401","-0.00012","0","11.08","Humid","26.60","0","20.10","230466.46","SABD0002000011","AAV2.0.0.13","2.1.0.383","PSt7-10","171027-000","6/27/2018 9:55:33 AM","0000-00","0","no battery","V"
"08/23/2019","12:52:50","1","default","104940808","OXY1","16.827","min","172.389","μmol/L","Humid","21.200","deg","91672","µV","31.153","°C","1022.000","hPa","36.0","pmil","0","55.680","deg","20.000","°C","100.000","%a.s.","22.210","deg","20.000","°C","971.000","hPa","0.826","-0.01532","0.000401","-0.00012","0","11.08","Humid","26.60","0","20.10","230472.12","SABD0002000011","AAV2.0.0.13","2.1.0.383","PSt7-10","171027-000","6/27/2018 9:55:33 AM","0000-00","0","no battery","V"
"08/23/2019","12:52:51","1","default","104940808","OXY1","16.844","min","172.358","μmol/L","Humid","21.202","deg","91674","µV","31.153","°C","1022.000","hPa","36.0","pmil","0","55.680","deg","20.000","°C","100.000","%a.s.","22.210","deg","20.000","°C","971.000","hPa","0.826","-0.01532","0.000401","-0.00012","0","11.08","Humid","26.60","0","20.10","230473.87","SABD0002000011","AAV2.0.0.13","2.1.0.383","PSt7-10","171027-000","6/27/2018 9:55:33 AM","0000-00","0","no battery","V"
"08/23/2019","12:52:52","1","default","104940808","OXY1","16.861","min","172.450","μmol/L","Humid","21.196","deg","91669","µV","31.153","°C","1022.000","hPa","36.0","pmil","0","55.680","deg","20.000","°C","100.000","%a.s.","22.210","deg","20.000","°C","971.000","hPa","0.826","-0.01532","0.000401","-0.00012","0","11.08","Humid","26.60","0","20.10","230463.71","SABD0002000011","AAV2.0.0.13","2.1.0.383","PSt7-10","171027-000","6/27/2018 9:55:33 AM","0000-00","0","no battery","V"
"08/23/2019","12:52:53","1","default","104940808","OXY1","16.877","min","172.404","μmol/L","Humid","21.199","deg","91675","µV","31.153","°C","1022.000","hPa","36.0","pmil","0","55.680","deg","20.000","°C","100.000","%a.s.","22.210","deg","20.000","°C","971.000","hPa","0.826","-0.01532","0.000401","-0.00012","0","11.08","Humid","26.60","0","20.10","230482.60","SABD0002000011","AAV2.0.0.13","2.1.0.383","PSt7-10","171027-000","6/27/2018 9:55:33 AM","0000-00","0","no battery","V"
"08/23/2019","12:52:54","1","default","104940808","OXY1","16.893","min","172.484","μmol/L","Humid","21.196","deg","91674","µV","31.147","°C","1022.000","hPa","36.0","pmil","0","55.680","deg","20.000","°C","100.000","%a.s.","22.210","deg","20.000","°C","971.000","hPa","0.826","-0.01532","0.000401","-0.00012","0","11.08","Humid","26.60","0","20.10","230468.81","SABD0002000011","AAV2.0.0.13","2.1.0.383","PSt7-10","171027-000","6/27/2018 9:55:33 AM","0000-00","0","no battery","V"
"08/23/2019","12:52:55","1","default","104940808","OXY1","16.910","min","172.392","μmol/L","Humid","21.202","deg","91668","µV","31.147","°C","1022.000","hPa","36.0","pmil","0","55.680","deg","20.000","°C","100.000","%a.s.","22.210","deg","20.000","°C","971.000","hPa","0.826","-0.01532","0.000401","-0.00012","0","11.08","Humid","26.60","0","20.10","230464.29","SABD0002000011","AAV2.0.0.13","2.1.0.383","PSt7-10","171027-000","6/27/2018 9:55:33 AM","0000-00","0","no battery","V"
"08/23/2019","12:52:56","1","default","104940808","OXY1","16.927","min","172.441","μmol/L","Humid","21.201","deg","91664","µV","31.141","°C","1022.000","hPa","36.0","pmil","0","55.680","deg","20.000","°C","100.000","%a.s.","22.210","deg","20.000","°C","971.000","hPa","0.826","-0.01532","0.000401","-0.00012","0","11.08","Humid","26.60","0","20.10","230485.31","SABD0002000011","AAV2.0.0.13","2.1.0.383","PSt7-10","171027-000","6/27/2018 9:55:33 AM","0000-00","0","no battery","V"
"08/23/2019","12:52:57","1","default","104940808","OXY1","16.944","min","172.502","μmol/L","Humid","21.197","deg","91669","µV","31.141","°C","1022.000","hPa","36.0","pmil","0","55.680","deg","20.000","°C","100.000","%a.s.","22.210","deg","20.000","°C","971.000","hPa","0.826","-0.01532","0.000401","-0.00012","0","11.08","Humid","26.60","0","20.10","230480.71","SABD0002000011","AAV2.0.0.13","2.1.0.383","PSt7-10","171027-000","6/27/2018 9:55:33 AM","0000-00","0","no battery","V"
"08/23/2019","12:52:58","1","default","104940808","OXY1","16.960","min","172.502","μmol/L","Humid","21.197","deg","91664","µV","31.141","°C","1022.000","hPa","36.0","pmil","0","55.680","deg","20.000","°C","100.000","%a.s.","22.210","deg","20.000","°C","971.000","hPa","0.826","-0.01532","0.000401","-0.00012","0","11.08","Humid","26.60","0","20.10","230468.50","SABD0002000011","AAV2.0.0.13","2.1.0.383","PSt7-10","171027-000","6/27/2018 9:55:33 AM","0000-00","0","no battery","V"
"08/23/2019","12:52:59","1","default","104940808","OXY1","16.977","min","172.373","μmol/L","Humid","21.201","deg","91657","µV","31.153","°C","1022.000","hPa","36.0","pmil","0","55.680","deg","20.000","°C","100.000","%a.s.","22.210","deg","20.000","°C","971.000","hPa","0.826","-0.01532","0.000401","-0.00012","0","11.08","Humid","26.60","0","20.10","230458.56","SABD0002000011","AAV2.0.0.13","2.1.0.383","PSt7-10","171027-000","6/27/2018 9:55:33 AM","0000-00","0","no battery","V"
"08/23/2019","12:53:00","1","default","104940808","OXY1","16.994","min","172.407","μmol/L","Humid","21.201","deg","91663","µV","31.147","°C","1022.000","hPa","36.0","pmil","0","55.680","deg","20.000","°C","100.000","%a.s.","22.210","deg","20.000","°C","971.000","hPa","0.826","-0.01532","0.000401","-0.00012","0","11.08","Humid","26.60","0","20.10","230461.24","SABD0002000011","AAV2.0.0.13","2.1.0.383","PSt7-10","171027-000","6/27/2018 9:55:33 AM","0000-00","0","no battery","V"
"08/23/2019","12:53:01","1","default","104940808","OXY1","17.011","min","172.494","μmol/L","Humid","21.197","deg","91660","µV","31.141","°C","1021.000","hPa","36.0","pmil","0","55.680","deg","20.000","°C","100.000","%a.s.","22.210","deg","20.000","°C","971.000","hPa","0.826","-0.01532","0.000401","-0.00012","0","11.08","Humid","26.60","0","20.10","230462.92","SABD0002000011","AAV2.0.0.13","2.1.0.383","PSt7-10","171027-000","6/27/2018 9:55:33 AM","0000-00","0","no battery","V"
"08/23/2019","12:53:02","1","default","104940808","OXY1","17.027","min","172.434","μmol/L","Humid","21.197","deg","91660","µV","31.153","°C","1022.000","hPa","36.0","pmil","0","55.680","deg","20.000","°C","100.000","%a.s.","22.210","deg","20.000","°C","971.000","hPa","0.826","-0.01532","0.000401","-0.00012","0","11.08","Humid","26.60","0","20.10","230462.78","SABD0002000011","AAV2.0.0.13","2.1.0.383","PSt7-10","171027-000","6/27/2018 9:55:33 AM","0000-00","0","no battery","V"
"08/23/2019","12:53:03","1","default","104940808","OXY1","17.043","min","172.422","μmol/L","Humid","21.200","deg","91669","µV","31.147","°C","1022.000","hPa","36.0","pmil","0","55.680","deg","20.000","°C","100.000","%a.s.","22.210","deg","20.000","°C","971.000","hPa","0.826","-0.01532","0.000401","-0.00012","0","11.08","Humid","26.60","0","20.10","230464.73","SABD0002000011","AAV2.0.0.13","2.1.0.383","PSt7-10","171027-000","6/27/2018 9:55:33 AM","0000-00","0","no battery","V"
"08/23/2019","12:53:04","1","default","104940808","OXY1","17.060","min","172.399","μmol/L","Humid","21.201","deg","91676","µV","31.147","°C","1021.000","hPa","36.0","pmil","0","55.680","deg","20.000","°C","100.000","%a.s.","22.210","deg","20.000","°C","971.000","hPa","0.826","-0.01532","0.000401","-0.00012","0","11.08","Humid","26.60","0","20.10","230465.38","SABD0002000011","AAV2.0.0.13","2.1.0.383","PSt7-10","171027-000","6/27/2018 9:55:33 AM","0000-00","0","no battery","V"
"08/23/2019","12:53:05","1","default","104940808","OXY1","17.077","min","172.384","μmol/L","Humid","21.202","deg","91668","µV","31.147","°C","1021.000","hPa","36.0","pmil","0","55.680","deg","20.000","°C","100.000","%a.s.","22.210","deg","20.000","°C","971.000","hPa","0.826","-0.01532","0.000401","-0.00012","0","11.08","Humid","26.60","0","20.10","230465.49","SABD0002000011","AAV2.0.0.13","2.1.0.383","PSt7-10","171027-000","6/27/2018 9:55:33 AM","0000-00","0","no battery","V"
"08/23/2019","12:53:06","1","default","104940808","OXY1","17.094","min","172.377","μmol/L","Humid","21.203","deg","91678","µV","31.147","°C","1022.000","hPa","36.0","pmil","0","55.680","deg","20.000","°C","100.000","%a.s.","22.210","deg","20.000","°C","971.000","hPa","0.826","-0.01532","0.000401","-0.00012","0","11.08","Humid","26.60","0","20.10","230459.66","SABD0002000011","AAV2.0.0.13","2.1.0.383","PSt7-10","171027-000","6/27/2018 9:55:33 AM","0000-00","0","no battery","V"
"08/23/2019","12:53:07","1","default","104940808","OXY1","17.110","min","172.373","μmol/L","Humid","21.201","deg","91668","µV","31.153","°C","1022.000","hPa","36.0","pmil","0","55.680","deg","20.000","°C","100.000","%a.s.","22.210","deg","20.000","°C","971.000","hPa","0.826","-0.01532","0.000401","-0.00012","0","11.08","Humid","26.60","0","20.10","230455.05","SABD0002000011","AAV2.0.0.13","2.1.0.383","PSt7-10","171027-000","6/27/2018 9:55:33 AM","0000-00","0","no battery","V"
"08/23/2019","12:53:08","1","default","104940808","OXY1","17.127","min","172.410","μmol/L","Humid","21.203","deg","91663","µV","31.141","°C","1022.000","hPa","36.0","pmil","0","55.680","deg","20.000","°C","100.000","%a.s.","22.210","deg","20.000","°C","971.000","hPa","0.826","-0.01532","0.000401","-0.00012","0","11.08","Humid","26.60","0","20.10","230453.22","SABD0002000011","AAV2.0.0.13","2.1.0.383","PSt7-10","171027-000","6/27/2018 9:55:33 AM","0000-00","0","no battery","V"
"08/23/2019","12:53:09","1","default","104940808","OXY1","17.144","min","172.460","μmol/L","Humid","21.197","deg","91654","µV","31.147","°C","1021.000","hPa","36.0","pmil","0","55.680","deg","20.000","°C","100.000","%a.s.","22.210","deg","20.000","°C","971.000","hPa","0.826","-0.01532","0.000401","-0.00012","0","11.08","Humid","26.60","0","20.10","230454.03","SABD0002000011","AAV2.0.0.13","2.1.0.383","PSt7-10","171027-000","6/27/2018 9:55:33 AM","0000-00","0","no battery","V"
"08/23/2019","12:53:10","1","default","104940808","OXY1","17.161","min","172.453","μmol/L","Humid","21.198","deg","91663","µV","31.147","°C","1022.000","hPa","36.0","pmil","0","55.680","deg","20.000","°C","100.000","%a.s.","22.210","deg","20.000","°C","971.000","hPa","0.826","-0.01532","0.000401","-0.00012","0","11.08","Humid","26.60","0","20.10","230467.60","SABD0002000011","AAV2.0.0.13","2.1.0.383","PSt7-10","171027-000","6/27/2018 9:55:33 AM","0000-00","0","no battery","V"
"08/23/2019","12:53:11","1","default","104940808","OXY1","17.177","min","172.476","μmol/L","Humid","21.196","deg","91658","µV","31.147","°C","1021.000","hPa","36.0","pmil","0","55.680","deg","20.000","°C","100.000","%a.s.","22.210","deg","20.000","°C","971.000","hPa","0.826","-0.01532","0.000401","-0.00012","0","11.08","Humid","26.60","0","20.10","230459.93","SABD0002000011","AAV2.0.0.13","2.1.0.383","PSt7-10","171027-000","6/27/2018 9:55:33 AM","0000-00","0","no battery","V"
"08/23/2019","12:53:12","1","default","104940808","OXY1","17.193","min","172.422","μmol/L","Humid","21.200","deg","91658","µV","31.147","°C","1022.000","hPa","36.0","pmil","0","55.680","deg","20.000","°C","100.000","%a.s.","22.210","deg","20.000","°C","971.000","hPa","0.826","-0.01532","0.000401","-0.00012","0","11.08","Humid","26.60","0","20.10","230458.18","SABD0002000011","AAV2.0.0.13","2.1.0.383","PSt7-10","171027-000","6/27/2018 9:55:33 AM","0000-00","0","no battery","V"
"08/23/2019","12:53:13","1","default","104940808","OXY1","17.210","min","172.514","μmol/L","Humid","21.194","deg","91658","µV","31.147","°C","1022.000","hPa","36.0","pmil","0","55.680","deg","20.000","°C","100.000","%a.s.","22.210","deg","20.000","°C","971.000","hPa","0.826","-0.01532","0.000401","-0.00012","0","11.08","Humid","26.60","0","20.10","230464.39","SABD0002000011","AAV2.0.0.13","2.1.0.383","PSt7-10","171027-000","6/27/2018 9:55:33 AM","0000-00","0","no battery","V"
"08/23/2019","12:53:14","1","default","104940808","OXY1","17.227","min","172.407","μmol/L","Humid","21.201","deg","91657","µV","31.147","°C","1022.000","hPa","36.0","pmil","0","55.680","deg","20.000","°C","100.000","%a.s.","22.210","deg","20.000","°C","971.000","hPa","0.826","-0.01532","0.000401","-0.00012","0","11.08","Humid","26.60","0","20.10","230456.51","SABD0002000011","AAV2.0.0.13","2.1.0.383","PSt7-10","171027-000","6/27/2018 9:55:33 AM","0000-00","0","no battery","V"
"08/23/2019","12:53:15","1","default","104940808","OXY1","17.244","min","172.419","μmol/L","Humid","21.198","deg","91655","µV","31.153","°C","1022.000","hPa","36.0","pmil","0","55.680","deg","20.000","°C","100.000","%a.s.","22.210","deg","20.000","°C","971.000","hPa","0.826","-0.01532","0.000401","-0.00012","0","11.08","Humid","26.60","0","20.10","230449.55","SABD0002000011","AAV2.0.0.13","2.1.0.383","PSt7-10","171027-000","6/27/2018 9:55:33 AM","0000-00","0","no battery","V"
"08/23/2019","12:53:16","1","default","104940808","OXY1","17.260","min","172.389","μmol/L","Humid","21.200","deg","91657","µV","31.153","°C","1022.000","hPa","36.0","pmil","0","55.680","deg","20.000","°C","100.000","%a.s.","22.210","deg","20.000","°C","971.000","hPa","0.826","-0.01532","0.000401","-0.00012","0","11.08","Humid","26.60","0","20.10","230463.76","SABD0002000011","AAV2.0.0.13","2.1.0.383","PSt7-10","171027-000","6/27/2018 9:55:33 AM","0000-00","0","no battery","V"
"08/23/2019","12:53:17","1","default","104940808","OXY1","17.277","min","172.327","μmol/L","Humid","21.204","deg","91661","µV","31.153","°C","1022.000","hPa","36.0","pmil","0","55.680","deg","20.000","°C","100.000","%a.s.","22.210","deg","20.000","°C","971.000","hPa","0.826","-0.01532","0.000401","-0.00012","0","11.08","Humid","26.60","0","20.10","230451.36","SABD0002000011","AAV2.0.0.13","2.1.0.383","PSt7-10","171027-000","6/27/2018 9:55:33 AM","0000-00","0","no battery","V"
"08/23/2019","12:53:18","1","default","104940808","OXY1","17.294","min","172.358","μmol/L","Humid","21.202","deg","91658","µV","31.153","°C","1022.000","hPa","36.0","pmil","0","55.680","deg","20.000","°C","100.000","%a.s.","22.210","deg","20.000","°C","971.000","hPa","0.826","-0.01532","0.000401","-0.00012","0","11.08","Humid","26.60","0","20.10","230463.85","SABD0002000011","AAV2.0.0.13","2.1.0.383","PSt7-10","171027-000","6/27/2018 9:55:33 AM","0000-00","0","no battery","V"
"08/23/2019","12:53:19","1","default","104940808","OXY1","17.311","min","172.358","μmol/L","Humid","21.202","deg","91656","µV","31.153","°C","1022.000","hPa","36.0","pmil","0","55.680","deg","20.000","°C","100.000","%a.s.","22.210","deg","20.000","°C","971.000","hPa","0.826","-0.01532","0.000401","-0.00012","0","11.08","Humid","26.60","0","20.10","230468.61","SABD0002000011","AAV2.0.0.13","2.1.0.383","PSt7-10","171027-000","6/27/2018 9:55:33 AM","0000-00","0","no battery","V"
"08/23/2019","12:53:20","1","default","104940808","OXY1","17.327","min","172.453","μmol/L","Humid","21.198","deg","91656","µV","31.147","°C","1022.000","hPa","36.0","pmil","0","55.680","deg","20.000","°C","100.000","%a.s.","22.210","deg","20.000","°C","971.000","hPa","0.826","-0.01532","0.000401","-0.00012","0","11.08","Humid","26.60","0","20.10","230455.67","SABD0002000011","AAV2.0.0.13","2.1.0.383","PSt7-10","171027-000","6/27/2018 9:55:33 AM","0000-00","0","no battery","V"
"08/23/2019","12:53:21","1","default","104940808","OXY1","17.343","min","172.438","μmol/L","Humid","21.199","deg","91657","µV","31.147","°C","1022.000","hPa","36.0","pmil","0","55.680","deg","20.000","°C","100.000","%a.s.","22.210","deg","20.000","°C","971.000","hPa","0.826","-0.01532","0.000401","-0.00012","0","11.08","Humid","26.60","0","20.10","230457.83","SABD0002000011","AAV2.0.0.13","2.1.0.383","PSt7-10","171027-000","6/27/2018 9:55:33 AM","0000-00","0","no battery","V"
"08/23/2019","12:53:22","1","default","104940808","OXY1","17.360","min","172.487","μmol/L","Humid","21.198","deg","91652","µV","31.141","°C","1022.000","hPa","36.0","pmil","0","55.680","deg","20.000","°C","100.000","%a.s.","22.210","deg","20.000","°C","971.000","hPa","0.826","-0.01532","0.000401","-0.00012","0","11.08","Humid","26.60","0","20.10","230444.68","SABD0002000011","AAV2.0.0.13","2.1.0.383","PSt7-10","171027-000","6/27/2018 9:55:33 AM","0000-00","0","no battery","V"
"08/23/2019","12:53:23","1","default","104940808","OXY1","17.377","min","172.422","μmol/L","Humid","21.200","deg","91656","µV","31.147","°C","1022.000","hPa","36.0","pmil","0","55.680","deg","20.000","°C","100.000","%a.s.","22.210","deg","20.000","°C","971.000","hPa","0.826","-0.01532","0.000401","-0.00012","0","11.08","Humid","26.60","0","20.10","230445.89","SABD0002000011","AAV2.0.0.13","2.1.0.383","PSt7-10","171027-000","6/27/2018 9:55:33 AM","0000-00","0","no battery","V"
"08/23/2019","12:53:24","1","default","104940808","OXY1","17.394","min","172.373","μmol/L","Humid","21.201","deg","91655","µV","31.153","°C","1022.000","hPa","36.0","pmil","0","55.680","deg","20.000","°C","100.000","%a.s.","22.210","deg","20.000","°C","971.000","hPa","0.826","-0.01532","0.000401","-0.00012","0","11.08","Humid","26.60","0","20.10","230463.89","SABD0002000011","AAV2.0.0.13","2.1.0.383","PSt7-10","171027-000","6/27/2018 9:55:33 AM","0000-00","0","no battery","V"
"08/23/2019","12:53:25","1","default","104940808","OXY1","17.410","min","172.358","μmol/L","Humid","21.202","deg","91658","µV","31.153","°C","1022.000","hPa","36.0","pmil","0","55.680","deg","20.000","°C","100.000","%a.s.","22.210","deg","20.000","°C","971.000","hPa","0.826","-0.01532","0.000401","-0.00012","0","11.08","Humid","26.60","0","20.10","230453.00","SABD0002000011","AAV2.0.0.13","2.1.0.383","PSt7-10","171027-000","6/27/2018 9:55:33 AM","0000-00","0","no battery","V"
"08/23/2019","12:53:26","1","default","104940808","OXY1","17.427","min","172.370","μmol/L","Humid","21.199","deg","91652","µV","31.159","°C","1022.000","hPa","36.0","pmil","0","55.680","deg","20.000","°C","100.000","%a.s.","22.210","deg","20.000","°C","971.000","hPa","0.826","-0.01532","0.000401","-0.00012","0","11.08","Humid","26.60","0","20.10","230459.51","SABD0002000011","AAV2.0.0.13","2.1.0.383","PSt7-10","171027-000","6/27/2018 9:55:33 AM","0000-00","0","no battery","V"
"08/23/2019","12:53:27","1","default","104940808","OXY1","17.444","min","172.415","μmol/L","Humid","21.200","deg","91660","µV","31.147","°C","1021.000","hPa","36.0","pmil","0","55.680","deg","20.000","°C","100.000","%a.s.","22.210","deg","20.000","°C","971.000","hPa","0.826","-0.01532","0.000401","-0.00012","0","11.08","Humid","26.60","0","20.10","230453.56","SABD0002000011","AAV2.0.0.13","2.1.0.383","PSt7-10","171027-000","6/27/2018 9:55:33 AM","0000-00","0","no battery","V"
"08/23/2019","12:53:28","1","default","104940808","OXY1","17.461","min","172.410","μmol/L","Humid","21.203","deg","91653","µV","31.141","°C","1022.000","hPa","36.0","pmil","0","55.680","deg","20.000","°C","100.000","%a.s.","22.210","deg","20.000","°C","971.000","hPa","0.826","-0.01532","0.000401","-0.00012","0","11.08","Humid","26.60","0","20.10","230452.07","SABD0002000011","AAV2.0.0.13","2.1.0.383","PSt7-10","171027-000","6/27/2018 9:55:33 AM","0000-00","0","no battery","V"
"08/23/2019","12:53:29","1","default","104940808","OXY1","17.477","min","172.433","μmol/L","Humid","21.201","deg","91663","µV","31.141","°C","1021.000","hPa","36.0","pmil","0","55.680","deg","20.000","°C","100.000","%a.s.","22.210","deg","20.000","°C","971.000","hPa","0.826","-0.01532","0.000401","-0.00012","0","11.08","Humid","26.60","0","20.10","230454.99","SABD0002000011","AAV2.0.0.13","2.1.0.383","PSt7-10","171027-000","6/27/2018 9:55:33 AM","0000-00","0","no battery","V"
"08/23/2019","12:53:30","1","default","104940808","OXY1","17.493","min","172.358","μmol/L","Humid","21.202","deg","91656","µV","31.153","°C","1022.000","hPa","36.0","pmil","0","55.680","deg","20.000","°C","100.000","%a.s.","22.210","deg","20.000","°C","971.000","hPa","0.826","-0.01532","0.000401","-0.00012","0","11.08","Humid","26.60","0","20.10","230451.78","SABD0002000011","AAV2.0.0.13","2.1.0.383","PSt7-10","171027-000","6/27/2018 9:55:33 AM","0000-00","0","no battery","V"
"08/23/2019","12:53:31","1","default","104940808","OXY1","17.510","min","172.315","μmol/L","Humid","21.207","deg","91655","µV","31.147","°C","1022.000","hPa","36.0","pmil","0","55.680","deg","20.000","°C","100.000","%a.s.","22.210","deg","20.000","°C","971.000","hPa","0.826","-0.01532","0.000401","-0.00012","0","11.08","Humid","26.60","0","20.10","230453.23","SABD0002000011","AAV2.0.0.13","2.1.0.383","PSt7-10","171027-000","6/27/2018 9:55:33 AM","0000-00","0","no battery","V"
"08/23/2019","12:53:32","1","default","104940808","OXY1","17.527","min","172.407","μmol/L","Humid","21.201","deg","91657","µV","31.147","°C","1022.000","hPa","36.0","pmil","0","55.680","deg","20.000","°C","100.000","%a.s.","22.210","deg","20.000","°C","971.000","hPa","0.826","-0.01532","0.000401","-0.00012","0","11.08","Humid","26.60","0","20.10","230455.45","SABD0002000011","AAV2.0.0.13","2.1.0.383","PSt7-10","171027-000","6/27/2018 9:55:33 AM","0000-00","0","no battery","V"
"08/23/2019","12:53:33","1","default","104940808","OXY1","17.544","min","172.456","μmol/L","Humid","21.200","deg","91651","µV","31.141","°C","1022.000","hPa","36.0","pmil","0","55.680","deg","20.000","°C","100.000","%a.s.","22.210","deg","20.000","°C","971.000","hPa","0.826","-0.01532","0.000401","-0.00012","0","11.08","Humid","26.60","0","20.10","230455.59","SABD0002000011","AAV2.0.0.13","2.1.0.383","PSt7-10","171027-000","6/27/2018 9:55:33 AM","0000-00","0","no battery","V"
"08/23/2019","12:53:34","1","default","104940808","OXY1","17.560","min","172.441","μmol/L","Humid","21.201","deg","91650","µV","31.141","°C","1022.000","hPa","36.0","pmil","0","55.680","deg","20.000","°C","100.000","%a.s.","22.210","deg","20.000","°C","971.000","hPa","0.826","-0.01532","0.000401","-0.00012","0","11.08","Humid","26.60","0","20.10","230462.00","SABD0002000011","AAV2.0.0.13","2.1.0.383","PSt7-10","171027-000","6/27/2018 9:55:33 AM","0000-00","0","no battery","V"
"08/23/2019","12:53:35","1","default","104940808","OXY1","17.577","min","172.453","μmol/L","Humid","21.198","deg","91643","µV","31.147","°C","1022.000","hPa","36.0","pmil","0","55.680","deg","20.000","°C","100.000","%a.s.","22.210","deg","20.000","°C","971.000","hPa","0.826","-0.01532","0.000401","-0.00012","0","11.08","Humid","26.60","0","20.10","230466.44","SABD0002000011","AAV2.0.0.13","2.1.0.383","PSt7-10","171027-000","6/27/2018 9:55:33 AM","0000-00","0","no battery","V"
"08/23/2019","12:53:36","1","default","104940808","OXY1","17.594","min","172.472","μmol/L","Humid","21.199","deg","91642","µV","31.141","°C","1022.000","hPa","36.0","pmil","0","55.680","deg","20.000","°C","100.000","%a.s.","22.210","deg","20.000","°C","971.000","hPa","0.826","-0.01532","0.000401","-0.00012","0","11.08","Humid","26.60","0","20.10","230451.78","SABD0002000011","AAV2.0.0.13","2.1.0.383","PSt7-10","171027-000","6/27/2018 9:55:33 AM","0000-00","0","no battery","V"
"08/23/2019","12:53:37","1","default","104940808","OXY1","17.611","min","172.339","μmol/L","Humid","21.201","deg","91645","µV","31.159","°C","1022.000","hPa","36.0","pmil","0","55.680","deg","20.000","°C","100.000","%a.s.","22.210","deg","20.000","°C","971.000","hPa","0.826","-0.01532","0.000401","-0.00012","0","11.08","Humid","26.60","0","20.10","230449.75","SABD0002000011","AAV2.0.0.13","2.1.0.383","PSt7-10","171027-000","6/27/2018 9:55:33 AM","0000-00","0","no battery","V"
"08/23/2019","12:53:38","1","default","104940808","OXY1","17.627","min","172.407","μmol/L","Humid","21.201","deg","91646","µV","31.147","°C","1022.000","hPa","36.0","pmil","0","55.680","deg","20.000","°C","100.000","%a.s.","22.210","deg","20.000","°C","971.000","hPa","0.826","-0.01532","0.000401","-0.00012","0","11.08","Humid","26.60","0","20.10","230458.80","SABD0002000011","AAV2.0.0.13","2.1.0.383","PSt7-10","171027-000","6/27/2018 9:55:33 AM","0000-00","0","no battery","V"
"08/23/2019","12:53:39","1","default","104940808","OXY1","17.643","min","172.339","μmol/L","Humid","21.201","deg","91635","µV","31.159","°C","1022.000","hPa","36.0","pmil","0","55.680","deg","20.000","°C","100.000","%a.s.","22.210","deg","20.000","°C","971.000","hPa","0.826","-0.01532","0.000401","-0.00012","0","11.08","Humid","26.60","0","20.10","230447.22","SABD0002000011","AAV2.0.0.13","2.1.0.383","PSt7-10","171027-000","6/27/2018 9:55:33 AM","0000-00","0","no battery","V"
"08/23/2019","12:53:40","1","default","104940808","OXY1","17.660","min","172.407","μmol/L","Humid","21.201","deg","91650","µV","31.147","°C","1022.000","hPa","36.0","pmil","0","55.680","deg","20.000","°C","100.000","%a.s.","22.210","deg","20.000","°C","971.000","hPa","0.826","-0.01532","0.000401","-0.00012","0","11.08","Humid","26.60","0","20.10","230448.35","SABD0002000011","AAV2.0.0.13","2.1.0.383","PSt7-10","171027-000","6/27/2018 9:55:33 AM","0000-00","0","no battery","V"
"08/23/2019","12:53:41","1","default","104940808","OXY1","17.677","min","172.407","μmol/L","Humid","21.201","deg","91642","µV","31.147","°C","1022.000","hPa","36.0","pmil","0","55.680","deg","20.000","°C","100.000","%a.s.","22.210","deg","20.000","°C","971.000","hPa","0.826","-0.01532","0.000401","-0.00012","0","11.08","Humid","26.60","0","20.10","230448.04","SABD0002000011","AAV2.0.0.13","2.1.0.383","PSt7-10","171027-000","6/27/2018 9:55:33 AM","0000-00","0","no battery","V"
"08/23/2019","12:53:42","1","default","104940808","OXY1","17.694","min","172.370","μmol/L","Humid","21.199","deg","91653","µV","31.159","°C","1022.000","hPa","36.0","pmil","0","55.680","deg","20.000","°C","100.000","%a.s.","22.210","deg","20.000","°C","971.000","hPa","0.826","-0.01532","0.000401","-0.00012","0","11.08","Humid","26.60","0","20.10","230453.13","SABD0002000011","AAV2.0.0.13","2.1.0.383","PSt7-10","171027-000","6/27/2018 9:55:33 AM","0000-00","0","no battery","V"
"08/23/2019","12:53:43","1","default","104940808","OXY1","17.711","min","172.419","μmol/L","Humid","21.198","deg","91646","µV","31.153","°C","1022.000","hPa","36.0","pmil","0","55.680","deg","20.000","°C","100.000","%a.s.","22.210","deg","20.000","°C","971.000","hPa","0.826","-0.01532","0.000401","-0.00012","0","11.08","Humid","26.60","0","20.10","230444.28","SABD0002000011","AAV2.0.0.13","2.1.0.383","PSt7-10","171027-000","6/27/2018 9:55:33 AM","0000-00","0","no battery","V"
"08/23/2019","12:53:44","1","default","104940808","OXY1","17.727","min","172.404","μmol/L","Humid","21.199","deg","91638","µV","31.153","°C","1022.000","hPa","36.0","pmil","0","55.680","deg","20.000","°C","100.000","%a.s.","22.210","deg","20.000","°C","971.000","hPa","0.826","-0.01532","0.000401","-0.00012","0","11.08","Humid","26.60","0","20.10","230442.45","SABD0002000011","AAV2.0.0.13","2.1.0.383","PSt7-10","171027-000","6/27/2018 9:55:33 AM","0000-00","0","no battery","V"
"08/23/2019","12:53:45","1","default","104940808","OXY1","17.743","min","172.416","μmol/L","Humid","21.196","deg","91634","µV","31.159","°C","1022.000","hPa","36.0","pmil","0","55.680","deg","20.000","°C","100.000","%a.s.","22.210","deg","20.000","°C","971.000","hPa","0.826","-0.01532","0.000401","-0.00012","0","11.08","Humid","26.60","0","20.10","230427.23","SABD0002000011","AAV2.0.0.13","2.1.0.383","PSt7-10","171027-000","6/27/2018 9:55:33 AM","0000-00","0","no battery","V"
"08/23/2019","12:53:46","1","default","104940808","OXY1","17.760","min","172.401","μmol/L","Humid","21.197","deg","91637","µV","31.159","°C","1022.000","hPa","36.0","pmil","0","55.680","deg","20.000","°C","100.000","%a.s.","22.210","deg","20.000","°C","971.000","hPa","0.826","-0.01532","0.000401","-0.00012","0","11.08","Humid","26.60","0","20.10","230438.76","SABD0002000011","AAV2.0.0.13","2.1.0.383","PSt7-10","171027-000","6/27/2018 9:55:33 AM","0000-00","0","no battery","V"
"08/23/2019","12:53:47","1","default","104940808","OXY1","17.777","min","172.393","μmol/L","Humid","21.197","deg","91632","µV","31.159","°C","1021.000","hPa","36.0","pmil","0","55.680","deg","20.000","°C","100.000","%a.s.","22.210","deg","20.000","°C","971.000","hPa","0.826","-0.01532","0.000401","-0.00012","0","11.08","Humid","26.60","0","20.10","230442.46","SABD0002000011","AAV2.0.0.13","2.1.0.383","PSt7-10","171027-000","6/27/2018 9:55:33 AM","0000-00","0","no battery","V"
"08/23/2019","12:53:48","1","default","104940808","OXY1","17.794","min","172.545","μmol/L","Humid","21.192","deg","91625","µV","31.147","°C","1022.000","hPa","36.0","pmil","0","55.680","deg","20.000","°C","100.000","%a.s.","22.210","deg","20.000","°C","971.000","hPa","0.826","-0.01532","0.000401","-0.00012","0","11.08","Humid","26.60","0","20.10","230446.89","SABD0002000011","AAV2.0.0.13","2.1.0.383","PSt7-10","171027-000","6/27/2018 9:55:33 AM","0000-00","0","no battery","V"
"08/23/2019","12:53:49","1","default","104940808","OXY1","17.810","min","172.496","μmol/L","Humid","21.193","deg","91625","µV","31.153","°C","1022.000","hPa","36.0","pmil","0","55.680","deg","20.000","°C","100.000","%a.s.","22.210","deg","20.000","°C","971.000","hPa","0.826","-0.01532","0.000401","-0.00012","0","11.08","Humid","26.60","0","20.10","230436.65","SABD0002000011","AAV2.0.0.13","2.1.0.383","PSt7-10","171027-000","6/27/2018 9:55:33 AM","0000-00","0","no battery","V"
"08/23/2019","12:53:50","1","default","104940808","OXY1","17.827","min","172.389","μmol/L","Humid","21.200","deg","91630","µV","31.153","°C","1022.000","hPa","36.0","pmil","0","55.680","deg","20.000","°C","100.000","%a.s.","22.210","deg","20.000","°C","971.000","hPa","0.826","-0.01532","0.000401","-0.00012","0","11.08","Humid","26.60","0","20.10","230433.37","SABD0002000011","AAV2.0.0.13","2.1.0.383","PSt7-10","171027-000","6/27/2018 9:55:33 AM","0000-00","0","no battery","V"
"08/23/2019","12:53:51","1","default","104940808","OXY1","17.844","min","172.385","μmol/L","Humid","21.198","deg","91622","µV","31.159","°C","1022.000","hPa","36.0","pmil","0","55.680","deg","20.000","°C","100.000","%a.s.","22.210","deg","20.000","°C","971.000","hPa","0.826","-0.01532","0.000401","-0.00012","0","11.08","Humid","26.60","0","20.10","230431.65","SABD0002000011","AAV2.0.0.13","2.1.0.383","PSt7-10","171027-000","6/27/2018 9:55:33 AM","0000-00","0","no battery","V"
"08/23/2019","12:53:52","1","default","104940808","OXY1","17.861","min","172.465","μmol/L","Humid","21.195","deg","91626","µV","31.153","°C","1022.000","hPa","36.0","pmil","0","55.680","deg","20.000","°C","100.000","%a.s.","22.210","deg","20.000","°C","971.000","hPa","0.826","-0.01532","0.000401","-0.00012","0","11.08","Humid","26.60","0","20.10","230438.35","SABD0002000011","AAV2.0.0.13","2.1.0.383","PSt7-10","171027-000","6/27/2018 9:55:33 AM","0000-00","0","no battery","V"
"08/23/2019","12:53:53","1","default","104940808","OXY1","17.877","min","172.438","μmol/L","Humid","21.199","deg","91637","µV","31.147","°C","1022.000","hPa","36.0","pmil","0","55.680","deg","20.000","°C","100.000","%a.s.","22.210","deg","20.000","°C","971.000","hPa","0.826","-0.01532","0.000401","-0.00012","0","11.08","Humid","26.60","0","20.10","230444.00","SABD0002000011","AAV2.0.0.13","2.1.0.383","PSt7-10","171027-000","6/27/2018 9:55:33 AM","0000-00","0","no battery","V"
"08/23/2019","12:53:54","1","default","104940808","OXY1","17.893","min","172.389","μmol/L","Humid","21.200","deg","91632","µV","31.153","°C","1022.000","hPa","36.0","pmil","0","55.680","deg","20.000","°C","100.000","%a.s.","22.210","deg","20.000","°C","971.000","hPa","0.826","-0.01532","0.000401","-0.00012","0","11.08","Humid","26.60","0","20.10","230440.72","SABD0002000011","AAV2.0.0.13","2.1.0.383","PSt7-10","171027-000","6/27/2018 9:55:33 AM","0000-00","0","no battery","V"
"08/23/2019","12:53:55","1","default","104940808","OXY1","17.910","min","172.389","μmol/L","Humid","21.200","deg","91637","µV","31.153","°C","1022.000","hPa","36.0","pmil","0","55.680","deg","20.000","°C","100.000","%a.s.","22.210","deg","20.000","°C","971.000","hPa","0.826","-0.01532","0.000401","-0.00012","0","11.08","Humid","26.60","0","20.10","230439.22","SABD0002000011","AAV2.0.0.13","2.1.0.383","PSt7-10","171027-000","6/27/2018 9:55:33 AM","0000-00","0","no battery","V"
"08/23/2019","12:53:56","1","default","104940808","OXY1","17.927","min","172.438","μmol/L","Humid","21.199","deg","91638","µV","31.147","°C","1022.000","hPa","36.0","pmil","0","55.680","deg","20.000","°C","100.000","%a.s.","22.210","deg","20.000","°C","971.000","hPa","0.826","-0.01532","0.000401","-0.00012","0","11.08","Humid","26.60","0","20.10","230436.55","SABD0002000011","AAV2.0.0.13","2.1.0.383","PSt7-10","171027-000","6/27/2018 9:55:33 AM","0000-00","0","no battery","V"
"08/23/2019","12:53:57","1","default","104940808","OXY1","17.944","min","172.438","μmol/L","Humid","21.199","deg","91640","µV","31.147","°C","1022.000","hPa","36.0","pmil","0","55.680","deg","20.000","°C","100.000","%a.s.","22.210","deg","20.000","°C","971.000","hPa","0.826","-0.01532","0.000401","-0.00012","0","11.08","Humid","26.60","0","20.10","230425.58","SABD0002000011","AAV2.0.0.13","2.1.0.383","PSt7-10","171027-000","6/27/2018 9:55:33 AM","0000-00","0","no battery","V"
"08/23/2019","12:53:58","1","default","104940808","OXY1","17.960","min","172.407","μmol/L","Humid","21.201","deg","91641","µV","31.147","°C","1022.000","hPa","36.0","pmil","0","55.680","deg","20.000","°C","100.000","%a.s.","22.210","deg","20.000","°C","971.000","hPa","0.826","-0.01532","0.000401","-0.00012","0","11.08","Humid","26.60","0","20.10","230426.88","SABD0002000011","AAV2.0.0.13","2.1.0.383","PSt7-10","171027-000","6/27/2018 9:55:33 AM","0000-00","0","no battery","V"
"08/23/2019","12:53:59","1","default","104940808","OXY1","17.977","min","172.403","μmol/L","Humid","21.203","deg","91637","µV","31.141","°C","1021.000","hPa","36.0","pmil","0","55.680","deg","20.000","°C","100.000","%a.s.","22.210","deg","20.000","°C","971.000","hPa","0.826","-0.01532","0.000401","-0.00012","0","11.08","Humid","26.60","0","20.10","230434.36","SABD0002000011","AAV2.0.0.13","2.1.0.383","PSt7-10","171027-000","6/27/2018 9:55:33 AM","0000-00","0","no battery","V"
"08/23/2019","12:54:00","1","default","104940808","OXY1","17.994","min","172.422","μmol/L","Humid","21.200","deg","91641","µV","31.147","°C","1022.000","hPa","36.0","pmil","0","55.680","deg","20.000","°C","100.000","%a.s.","22.210","deg","20.000","°C","971.000","hPa","0.826","-0.01532","0.000401","-0.00012","0","11.08","Humid","26.60","0","20.10","230431.45","SABD0002000011","AAV2.0.0.13","2.1.0.383","PSt7-10","171027-000","6/27/2018 9:55:33 AM","0000-00","0","no battery","V"
"08/23/2019","12:54:01","1","default","104940808","OXY1","18.010","min","172.438","μmol/L","Humid","21.199","deg","91639","µV","31.147","°C","1022.000","hPa","36.0","pmil","0","55.680","deg","20.000","°C","100.000","%a.s.","22.210","deg","20.000","°C","971.000","hPa","0.826","-0.01532","0.000401","-0.00012","0","11.08","Humid","26.60","0","20.10","230434.41","SABD0002000011","AAV2.0.0.13","2.1.0.383","PSt7-10","171027-000","6/27/2018 9:55:33 AM","0000-00","0","no battery","V"
"08/23/2019","12:54:02","1","default","104940808","OXY1","18.027","min","172.312","μmol/L","Humid","21.205","deg","91645","µV","31.153","°C","1022.000","hPa","36.0","pmil","0","55.680","deg","20.000","°C","100.000","%a.s.","22.210","deg","20.000","°C","971.000","hPa","0.826","-0.01532","0.000401","-0.00012","0","11.08","Humid","26.60","0","20.10","230438.04","SABD0002000011","AAV2.0.0.13","2.1.0.383","PSt7-10","171027-000","6/27/2018 9:55:33 AM","0000-00","0","no battery","V"
"08/23/2019","12:54:03","1","default","104940808","OXY1","18.043","min","172.343","μmol/L","Humid","21.203","deg","91646","µV","31.153","°C","1022.000","hPa","36.0","pmil","0","55.680","deg","20.000","°C","100.000","%a.s.","22.210","deg","20.000","°C","971.000","hPa","0.826","-0.01532","0.000401","-0.00012","0","11.08","Humid","26.60","0","20.10","230423.93","SABD0002000011","AAV2.0.0.13","2.1.0.383","PSt7-10","171027-000","6/27/2018 9:55:33 AM","0000-00","0","no battery","V"
"08/23/2019","12:54:04","1","default","104940808","OXY1","18.060","min","172.373","μmol/L","Humid","21.201","deg","91645","µV","31.153","°C","1022.000","hPa","36.0","pmil","0","55.680","deg","20.000","°C","100.000","%a.s.","22.210","deg","20.000","°C","971.000","hPa","0.826","-0.01532","0.000401","-0.00012","0","11.08","Humid","26.60","0","20.10","230428.19","SABD0002000011","AAV2.0.0.13","2.1.0.383","PSt7-10","171027-000","6/27/2018 9:55:33 AM","0000-00","0","no battery","V"
"08/23/2019","12:54:05","1","default","104940808","OXY1","18.077","min","172.324","μmol/L","Humid","21.202","deg","91647","µV","31.159","°C","1022.000","hPa","36.0","pmil","0","55.680","deg","20.000","°C","100.000","%a.s.","22.210","deg","20.000","°C","971.000","hPa","0.826","-0.01532","0.000401","-0.00012","0","11.08","Humid","26.60","0","20.10","230418.41","SABD0002000011","AAV2.0.0.13","2.1.0.383","PSt7-10","171027-000","6/27/2018 9:55:33 AM","0000-00","0","no battery","V"
"08/23/2019","12:54:06","1","default","104940808","OXY1","18.094","min","172.407","μmol/L","Humid","21.201","deg","91646","µV","31.147","°C","1022.000","hPa","36.0","pmil","0","55.680","deg","20.000","°C","100.000","%a.s.","22.210","deg","20.000","°C","971.000","hPa","0.826","-0.01532","0.000401","-0.00012","0","11.08","Humid","26.60","0","20.10","230416.50","SABD0002000011","AAV2.0.0.13","2.1.0.383","PSt7-10","171027-000","6/27/2018 9:55:33 AM","0000-00","0","no battery","V"
"08/23/2019","12:54:07","1","default","104940808","OXY1","18.110","min","172.422","μmol/L","Humid","21.200","deg","91648","µV","31.147","°C","1022.000","hPa","36.0","pmil","0","55.680","deg","20.000","°C","100.000","%a.s.","22.210","deg","20.000","°C","971.000","hPa","0.826","-0.01532","0.000401","-0.00012","0","11.08","Humid","26.60","0","20.10","230407.56","SABD0002000011","AAV2.0.0.13","2.1.0.383","PSt7-10","171027-000","6/27/2018 9:55:33 AM","0000-00","0","no battery","V"
"08/23/2019","12:54:08","1","default","104940808","OXY1","18.127","min","172.309","μmol/L","Humid","21.203","deg","91650","µV","31.159","°C","1022.000","hPa","36.0","pmil","0","55.680","deg","20.000","°C","100.000","%a.s.","22.210","deg","20.000","°C","971.000","hPa","0.826","-0.01532","0.000401","-0.00012","0","11.08","Humid","26.60","0","20.10","230421.69","SABD0002000011","AAV2.0.0.13","2.1.0.383","PSt7-10","171027-000","6/27/2018 9:55:33 AM","0000-00","0","no battery","V"
"08/23/2019","12:54:09","1","default","104940808","OXY1","18.144","min","172.343","μmol/L","Humid","21.203","deg","91646","µV","31.153","°C","1022.000","hPa","36.0","pmil","0","55.680","deg","20.000","°C","100.000","%a.s.","22.210","deg","20.000","°C","971.000","hPa","0.826","-0.01532","0.000401","-0.00012","0","11.08","Humid","26.60","0","20.10","230423.06","SABD0002000011","AAV2.0.0.13","2.1.0.383","PSt7-10","171027-000","6/27/2018 9:55:33 AM","0000-00","0","no battery","V"
"08/23/2019","12:54:10","1","default","104940808","OXY1","18.161","min","172.263","μmol/L","Humid","21.206","deg","91643","µV","31.159","°C","1022.000","hPa","36.0","pmil","0","55.680","deg","20.000","°C","100.000","%a.s.","22.210","deg","20.000","°C","971.000","hPa","0.826","-0.01532","0.000401","-0.00012","0","11.08","Humid","26.60","0","20.10","230421.23","SABD0002000011","AAV2.0.0.13","2.1.0.383","PSt7-10","171027-000","6/27/2018 9:55:33 AM","0000-00","0","no battery","V"
"08/23/2019","12:54:11","1","default","104940808","OXY1","18.177","min","172.335","μmol/L","Humid","21.203","deg","91638","µV","31.153","°C","1021.000","hPa","36.0","pmil","0","55.680","deg","20.000","°C","100.000","%a.s.","22.210","deg","20.000","°C","971.000","hPa","0.826","-0.01532","0.000401","-0.00012","0","11.08","Humid","26.60","0","20.10","230417.20","SABD0002000011","AAV2.0.0.13","2.1.0.383","PSt7-10","171027-000","6/27/2018 9:55:33 AM","0000-00","0","no battery","V"
"08/23/2019","12:54:12","1","default","104940808","OXY1","18.194","min","172.309","μmol/L","Humid","21.203","deg","91644","µV","31.159","°C","1022.000","hPa","36.0","pmil","0","55.680","deg","20.000","°C","100.000","%a.s.","22.210","deg","20.000","°C","971.000","hPa","0.826","-0.01532","0.000401","-0.00012","0","11.08","Humid","26.60","0","20.10","230421.43","SABD0002000011","AAV2.0.0.13","2.1.0.383","PSt7-10","171027-000","6/27/2018 9:55:33 AM","0000-00","0","no battery","V"
"08/23/2019","12:54:13","1","default","104940808","OXY1","18.210","min","172.309","μmol/L","Humid","21.203","deg","91640","µV","31.159","°C","1022.000","hPa","36.0","pmil","0","55.680","deg","20.000","°C","100.000","%a.s.","22.210","deg","20.000","°C","971.000","hPa","0.826","-0.01532","0.000401","-0.00012","0","11.08","Humid","26.60","0","20.10","230414.07","SABD0002000011","AAV2.0.0.13","2.1.0.383","PSt7-10","171027-000","6/27/2018 9:55:33 AM","0000-00","0","no battery","V"
"08/23/2019","12:54:14","1","default","104940808","OXY1","18.227","min","172.327","μmol/L","Humid","21.204","deg","91634","µV","31.153","°C","1022.000","hPa","36.0","pmil","0","55.680","deg","20.000","°C","100.000","%a.s.","22.210","deg","20.000","°C","971.000","hPa","0.826","-0.01532","0.000401","-0.00012","0","11.08","Humid","26.60","0","20.10","230415.78","SABD0002000011","AAV2.0.0.13","2.1.0.383","PSt7-10","171027-000","6/27/2018 9:55:33 AM","0000-00","0","no battery","V"
"08/23/2019","12:54:15","1","default","104940808","OXY1","18.244","min","172.404","μmol/L","Humid","21.199","deg","91638","µV","31.153","°C","1022.000","hPa","36.0","pmil","0","55.680","deg","20.000","°C","100.000","%a.s.","22.210","deg","20.000","°C","971.000","hPa","0.826","-0.01532","0.000401","-0.00012","0","11.08","Humid","26.60","0","20.10","230420.00","SABD0002000011","AAV2.0.0.13","2.1.0.383","PSt7-10","171027-000","6/27/2018 9:55:33 AM","0000-00","0","no battery","V"
"08/23/2019","12:54:16","1","default","104940808","OXY1","18.260","min","172.351","μmol/L","Humid","21.198","deg","91627","µV","31.165","°C","1022.000","hPa","36.0","pmil","0","55.680","deg","20.000","°C","100.000","%a.s.","22.210","deg","20.000","°C","971.000","hPa","0.826","-0.01532","0.000401","-0.00012","0","11.08","Humid","26.60","0","20.10","230401.99","SABD0002000011","AAV2.0.0.13","2.1.0.383","PSt7-10","171027-000","6/27/2018 9:55:33 AM","0000-00","0","no battery","V"
"08/23/2019","12:54:17","1","default","104940808","OXY1","18.277","min","172.404","μmol/L","Humid","21.199","deg","91631","µV","31.153","°C","1022.000","hPa","36.0","pmil","0","55.680","deg","20.000","°C","100.000","%a.s.","22.210","deg","20.000","°C","971.000","hPa","0.826","-0.01532","0.000401","-0.00012","0","11.08","Humid","26.60","0","20.10","230416.14","SABD0002000011","AAV2.0.0.13","2.1.0.383","PSt7-10","171027-000","6/27/2018 9:55:33 AM","0000-00","0","no battery","V"
"08/23/2019","12:54:18","1","default","104940808","OXY1","18.294","min","172.355","μmol/L","Humid","21.200","deg","91633","µV","31.159","°C","1022.000","hPa","36.0","pmil","0","55.680","deg","20.000","°C","100.000","%a.s.","22.210","deg","20.000","°C","971.000","hPa","0.826","-0.01532","0.000401","-0.00012","0","11.08","Humid","26.60","0","20.10","230401.28","SABD0002000011","AAV2.0.0.13","2.1.0.383","PSt7-10","171027-000","6/27/2018 9:55:33 AM","0000-00","0","no battery","V"
"08/23/2019","12:54:19","1","default","104940808","OXY1","18.311","min","172.332","μmol/L","Humid","21.201","deg","91630","µV","31.159","°C","1021.000","hPa","36.0","pmil","0","55.680","deg","20.000","°C","100.000","%a.s.","22.210","deg","20.000","°C","971.000","hPa","0.826","-0.01532","0.000401","-0.00012","0","11.08","Humid","26.60","0","20.10","230400.86","SABD0002000011","AAV2.0.0.13","2.1.0.383","PSt7-10","171027-000","6/27/2018 9:55:33 AM","0000-00","0","no battery","V"
"08/23/2019","12:54:20","1","default","104940808","OXY1","18.327","min","172.339","μmol/L","Humid","21.201","deg","91627","µV","31.159","°C","1022.000","hPa","36.0","pmil","0","55.680","deg","20.000","°C","100.000","%a.s.","22.210","deg","20.000","°C","971.000","hPa","0.826","-0.01532","0.000401","-0.00012","0","11.08","Humid","26.60","0","20.10","230399.95","SABD0002000011","AAV2.0.0.13","2.1.0.383","PSt7-10","171027-000","6/27/2018 9:55:33 AM","0000-00","0","no battery","V"
"08/23/2019","12:54:21","1","default","104940808","OXY1","18.344","min","172.431","μmol/L","Humid","21.195","deg","91622","µV","31.159","°C","1022.000","hPa","36.0","pmil","0","55.680","deg","20.000","°C","100.000","%a.s.","22.210","deg","20.000","°C","971.000","hPa","0.826","-0.01532","0.000401","-0.00012","0","11.08","Humid","26.60","0","20.10","230405.61","SABD0002000011","AAV2.0.0.13","2.1.0.383","PSt7-10","171027-000","6/27/2018 9:55:33 AM","0000-00","0","no battery","V"
"08/23/2019","12:54:22","1","default","104940808","OXY1","18.361","min","172.358","μmol/L","Humid","21.202","deg","91611","µV","31.153","°C","1022.000","hPa","36.0","pmil","0","55.680","deg","20.000","°C","100.000","%a.s.","22.210","deg","20.000","°C","971.000","hPa","0.826","-0.01532","0.000401","-0.00012","0","11.08","Humid","26.60","0","20.10","230408.46","SABD0002000011","AAV2.0.0.13","2.1.0.383","PSt7-10","171027-000","6/27/2018 9:55:33 AM","0000-00","0","no battery","V"
"08/23/2019","12:54:23","1","default","104940808","OXY1","18.377","min","172.370","μmol/L","Humid","21.199","deg","91621","µV","31.159","°C","1022.000","hPa","36.0","pmil","0","55.680","deg","20.000","°C","100.000","%a.s.","22.210","deg","20.000","°C","971.000","hPa","0.826","-0.01532","0.000401","-0.00012","0","11.08","Humid","26.60","0","20.10","230415.01","SABD0002000011","AAV2.0.0.13","2.1.0.383","PSt7-10","171027-000","6/27/2018 9:55:33 AM","0000-00","0","no battery","V"
"08/23/2019","12:54:24","1","default","104940808","OXY1","18.393","min","172.306","μmol/L","Humid","21.201","deg","91621","µV","31.165","°C","1022.000","hPa","36.0","pmil","0","55.680","deg","20.000","°C","100.000","%a.s.","22.210","deg","20.000","°C","971.000","hPa","0.826","-0.01532","0.000401","-0.00012","0","11.08","Humid","26.60","0","20.10","230400.31","SABD0002000011","AAV2.0.0.13","2.1.0.383","PSt7-10","171027-000","6/27/2018 9:55:33 AM","0000-00","0","no battery","V"
"08/23/2019","12:54:25","1","default","104940808","OXY1","18.410","min","172.359","μmol/L","Humid","21.197","deg","91614","µV","31.165","°C","1021.000","hPa","36.0","pmil","0","55.680","deg","20.000","°C","100.000","%a.s.","22.210","deg","20.000","°C","971.000","hPa","0.826","-0.01532","0.000401","-0.00012","0","11.08","Humid","26.60","0","20.10","230409.26","SABD0002000011","AAV2.0.0.13","2.1.0.383","PSt7-10","171027-000","6/27/2018 9:55:33 AM","0000-00","0","no battery","V"
"08/23/2019","12:54:26","1","default","104940808","OXY1","18.427","min","172.355","μmol/L","Humid","21.200","deg","91615","µV","31.159","°C","1022.000","hPa","36.0","pmil","0","55.680","deg","20.000","°C","100.000","%a.s.","22.210","deg","20.000","°C","971.000","hPa","0.826","-0.01532","0.000401","-0.00012","0","11.08","Humid","26.60","0","20.10","230408.99","SABD0002000011","AAV2.0.0.13","2.1.0.383","PSt7-10","171027-000","6/27/2018 9:55:33 AM","0000-00","0","no battery","V"
"08/23/2019","12:54:27","1","default","104940808","OXY1","18.444","min","172.370","μmol/L","Humid","21.199","deg","91616","µV","31.159","°C","1022.000","hPa","36.0","pmil","0","55.680","deg","20.000","°C","100.000","%a.s.","22.210","deg","20.000","°C","971.000","hPa","0.826","-0.01532","0.000401","-0.00012","0","11.08","Humid","26.60","0","20.10","230395.89","SABD0002000011","AAV2.0.0.13","2.1.0.383","PSt7-10","171027-000","6/27/2018 9:55:33 AM","0000-00","0","no battery","V"
"08/23/2019","12:54:28","1","default","104940808","OXY1","18.460","min","172.434","μmol/L","Humid","21.197","deg","91607","µV","31.153","°C","1022.000","hPa","36.0","pmil","0","55.680","deg","20.000","°C","100.000","%a.s.","22.210","deg","20.000","°C","971.000","hPa","0.826","-0.01532","0.000401","-0.00012","0","11.08","Humid","26.60","0","20.10","230412.48","SABD0002000011","AAV2.0.0.13","2.1.0.383","PSt7-10","171027-000","6/27/2018 9:55:33 AM","0000-00","0","no battery","V"
"08/23/2019","12:54:29","1","default","104940808","OXY1","18.477","min","172.442","μmol/L","Humid","21.196","deg","91612","µV","31.153","°C","1021.000","hPa","36.0","pmil","0","55.680","deg","20.000","°C","100.000","%a.s.","22.210","deg","20.000","°C","971.000","hPa","0.826","-0.01532","0.000401","-0.00012","0","11.08","Humid","26.60","0","20.10","230396.82","SABD0002000011","AAV2.0.0.13","2.1.0.383","PSt7-10","171027-000","6/27/2018 9:55:33 AM","0000-00","0","no battery","V"
"08/23/2019","12:54:30","1","default","104940808","OXY1","18.494","min","172.332","μmol/L","Humid","21.201","deg","91610","µV","31.159","°C","1021.000","hPa","36.0","pmil","0","55.680","deg","20.000","°C","100.000","%a.s.","22.210","deg","20.000","°C","971.000","hPa","0.826","-0.01532","0.000401","-0.00012","0","11.08","Humid","26.60","0","20.10","230407.30","SABD0002000011","AAV2.0.0.13","2.1.0.383","PSt7-10","171027-000","6/27/2018 9:55:33 AM","0000-00","0","no battery","V"
"08/23/2019","12:54:31","1","default","104940808","OXY1","18.510","min","172.401","μmol/L","Humid","21.197","deg","91614","µV","31.159","°C","1022.000","hPa","36.0","pmil","0","55.680","deg","20.000","°C","100.000","%a.s.","22.210","deg","20.000","°C","971.000","hPa","0.826","-0.01532","0.000401","-0.00012","0","11.08","Humid","26.60","0","20.10","230409.16","SABD0002000011","AAV2.0.0.13","2.1.0.383","PSt7-10","171027-000","6/27/2018 9:55:33 AM","0000-00","0","no battery","V"
"08/23/2019","12:54:32","1","default","104940808","OXY1","18.527","min","172.355","μmol/L","Humid","21.200","deg","91607","µV","31.159","°C","1022.000","hPa","36.0","pmil","0","55.680","deg","20.000","°C","100.000","%a.s.","22.210","deg","20.000","°C","971.000","hPa","0.826","-0.01532","0.000401","-0.00012","0","11.08","Humid","26.60","0","20.10","230391.39","SABD0002000011","AAV2.0.0.13","2.1.0.383","PSt7-10","171027-000","6/27/2018 9:55:33 AM","0000-00","0","no battery","V"
"08/23/2019","12:54:33","1","default","104940808","OXY1","18.543","min","172.419","μmol/L","Humid","21.198","deg","91609","µV","31.153","°C","1022.000","hPa","36.0","pmil","0","55.680","deg","20.000","°C","100.000","%a.s.","22.210","deg","20.000","°C","971.000","hPa","0.826","-0.01532","0.000401","-0.00012","0","11.08","Humid","26.60","0","20.10","230389.70","SABD0002000011","AAV2.0.0.13","2.1.0.383","PSt7-10","171027-000","6/27/2018 9:55:33 AM","0000-00","0","no battery","V"
"08/23/2019","12:54:34","1","default","104940808","OXY1","18.560","min","172.450","μmol/L","Humid","21.196","deg","91609","µV","31.153","°C","1022.000","hPa","36.0","pmil","0","55.680","deg","20.000","°C","100.000","%a.s.","22.210","deg","20.000","°C","971.000","hPa","0.826","-0.01532","0.000401","-0.00012","0","11.08","Humid","26.60","0","20.10","230408.44","SABD0002000011","AAV2.0.0.13","2.1.0.383","PSt7-10","171027-000","6/27/2018 9:55:33 AM","0000-00","0","no battery","V"
"08/23/2019","12:54:35","1","default","104940808","OXY1","18.577","min","172.381","μmol/L","Humid","21.200","deg","91604","µV","31.153","°C","1021.000","hPa","36.0","pmil","0","55.680","deg","20.000","°C","100.000","%a.s.","22.210","deg","20.000","°C","971.000","hPa","0.826","-0.01532","0.000401","-0.00012","0","11.08","Humid","26.60","0","20.10","230396.28","SABD0002000011","AAV2.0.0.13","2.1.0.383","PSt7-10","171027-000","6/27/2018 9:55:33 AM","0000-00","0","no battery","V"
"08/23/2019","12:54:36","1","default","104940808","OXY1","18.594","min","172.355","μmol/L","Humid","21.200","deg","91611","µV","31.159","°C","1022.000","hPa","36.0","pmil","0","55.680","deg","20.000","°C","100.000","%a.s.","22.210","deg","20.000","°C","971.000","hPa","0.826","-0.01532","0.000401","-0.00012","0","11.08","Humid","26.60","0","20.10","230402.18","SABD0002000011","AAV2.0.0.13","2.1.0.383","PSt7-10","171027-000","6/27/2018 9:55:33 AM","0000-00","0","no battery","V"
"08/23/2019","12:54:37","1","default","104940808","OXY1","18.610","min","172.374","μmol/L","Humid","21.196","deg","91608","µV","31.165","°C","1021.000","hPa","36.0","pmil","0","55.680","deg","20.000","°C","100.000","%a.s.","22.210","deg","20.000","°C","971.000","hPa","0.826","-0.01532","0.000401","-0.00012","0","11.08","Humid","26.60","0","20.10","230395.98","SABD0002000011","AAV2.0.0.13","2.1.0.383","PSt7-10","171027-000","6/27/2018 9:55:33 AM","0000-00","0","no battery","V"
"08/23/2019","12:54:38","1","default","104940808","OXY1","18.627","min","172.385","μmol/L","Humid","21.198","deg","91607","µV","31.159","°C","1022.000","hPa","36.0","pmil","0","55.680","deg","20.000","°C","100.000","%a.s.","22.210","deg","20.000","°C","971.000","hPa","0.826","-0.01532","0.000401","-0.00012","0","11.08","Humid","26.60","0","20.10","230405.24","SABD0002000011","AAV2.0.0.13","2.1.0.383","PSt7-10","171027-000","6/27/2018 9:55:33 AM","0000-00","0","no battery","V"
"08/23/2019","12:54:39","1","default","104940808","OXY1","18.644","min","172.423","μmol/L","Humid","21.195","deg","91599","µV","31.159","°C","1021.000","hPa","36.0","pmil","0","55.680","deg","20.000","°C","100.000","%a.s.","22.210","deg","20.000","°C","971.000","hPa","0.826","-0.01532","0.000401","-0.00012","0","11.08","Humid","26.60","0","20.10","230397.47","SABD0002000011","AAV2.0.0.13","2.1.0.383","PSt7-10","171027-000","6/27/2018 9:55:33 AM","0000-00","0","no battery","V"
"08/23/2019","12:54:40","1","default","104940808","OXY1","18.661","min","172.382","μmol/L","Humid","21.196","deg","91617","µV","31.165","°C","1022.000","hPa","36.0","pmil","0","55.680","deg","20.000","°C","100.000","%a.s.","22.210","deg","20.000","°C","971.000","hPa","0.826","-0.01532","0.000401","-0.00012","0","11.08","Humid","26.60","0","20.10","230411.33","SABD0002000011","AAV2.0.0.13","2.1.0.383","PSt7-10","171027-000","6/27/2018 9:55:33 AM","0000-00","0","no battery","V"
"08/23/2019","12:54:41","1","default","104940808","OXY1","18.677","min","172.385","μmol/L","Humid","21.198","deg","91606","µV","31.159","°C","1022.000","hPa","36.0","pmil","0","55.680","deg","20.000","°C","100.000","%a.s.","22.210","deg","20.000","°C","971.000","hPa","0.826","-0.01532","0.000401","-0.00012","0","11.08","Humid","26.60","0","20.10","230412.37","SABD0002000011","AAV2.0.0.13","2.1.0.383","PSt7-10","171027-000","6/27/2018 9:55:33 AM","0000-00","0","no battery","V"
"08/23/2019","12:54:42","1","default","104940808","OXY1","18.693","min","172.401","μmol/L","Humid","21.197","deg","91605","µV","31.159","°C","1022.000","hPa","36.0","pmil","0","55.680","deg","20.000","°C","100.000","%a.s.","22.210","deg","20.000","°C","971.000","hPa","0.826","-0.01532","0.000401","-0.00012","0","11.08","Humid","26.60","0","20.10","230394.19","SABD0002000011","AAV2.0.0.13","2.1.0.383","PSt7-10","171027-000","6/27/2018 9:55:33 AM","0000-00","0","no battery","V"
"08/23/2019","12:54:43","1","default","104940808","OXY1","18.710","min","172.344","μmol/L","Humid","21.198","deg","91606","µV","31.165","°C","1021.000","hPa","36.0","pmil","0","55.680","deg","20.000","°C","100.000","%a.s.","22.210","deg","20.000","°C","971.000","hPa","0.826","-0.01532","0.000401","-0.00012","0","11.08","Humid","26.60","0","20.10","230401.03","SABD0002000011","AAV2.0.0.13","2.1.0.383","PSt7-10","171027-000","6/27/2018 9:55:33 AM","0000-00","0","no battery","V"
"08/23/2019","12:54:44","1","default","104940808","OXY1","18.727","min","172.374","μmol/L","Humid","21.196","deg","91597","µV","31.165","°C","1021.000","hPa","36.0","pmil","0","55.680","deg","20.000","°C","100.000","%a.s.","22.210","deg","20.000","°C","971.000","hPa","0.826","-0.01532","0.000401","-0.00012","0","11.08","Humid","26.60","0","20.10","230383.84","SABD0002000011","AAV2.0.0.13","2.1.0.383","PSt7-10","171027-000","6/27/2018 9:55:33 AM","0000-00","0","no battery","V"
"08/23/2019","12:54:45","1","default","104940808","OXY1","18.743","min","172.347","μmol/L","Humid","21.200","deg","91602","µV","31.159","°C","1021.000","hPa","36.0","pmil","0","55.680","deg","20.000","°C","100.000","%a.s.","22.210","deg","20.000","°C","971.000","hPa","0.826","-0.01532","0.000401","-0.00012","0","11.08","Humid","26.60","0","20.10","230400.92","SABD0002000011","AAV2.0.0.13","2.1.0.383","PSt7-10","171027-000","6/27/2018 9:55:33 AM","0000-00","0","no battery","V"
"08/23/2019","12:54:46","1","default","104940808","OXY1","18.760","min","172.431","μmol/L","Humid","21.195","deg","91596","µV","31.159","°C","1022.000","hPa","36.0","pmil","0","55.680","deg","20.000","°C","100.000","%a.s.","22.210","deg","20.000","°C","971.000","hPa","0.826","-0.01532","0.000401","-0.00012","0","11.08","Humid","26.60","0","20.10","230401.63","SABD0002000011","AAV2.0.0.13","2.1.0.383","PSt7-10","171027-000","6/27/2018 9:55:33 AM","0000-00","0","no battery","V"
"08/23/2019","12:54:47","1","default","104940808","OXY1","18.777","min","172.370","μmol/L","Humid","21.199","deg","91595","µV","31.159","°C","1022.000","hPa","36.0","pmil","0","55.680","deg","20.000","°C","100.000","%a.s.","22.210","deg","20.000","°C","971.000","hPa","0.826","-0.01532","0.000401","-0.00012","0","11.08","Humid","26.60","0","20.10","230397.75","SABD0002000011","AAV2.0.0.13","2.1.0.383","PSt7-10","171027-000","6/27/2018 9:55:33 AM","0000-00","0","no battery","V"
"08/23/2019","12:54:48","1","default","104940808","OXY1","18.794","min","172.431","μmol/L","Humid","21.195","deg","91597","µV","31.159","°C","1022.000","hPa","36.0","pmil","0","55.680","deg","20.000","°C","100.000","%a.s.","22.210","deg","20.000","°C","971.000","hPa","0.826","-0.01532","0.000401","-0.00012","0","11.08","Humid","26.60","0","20.10","230398.21","SABD0002000011","AAV2.0.0.13","2.1.0.383","PSt7-10","171027-000","6/27/2018 9:55:33 AM","0000-00","0","no battery","V"
"08/23/2019","12:54:49","1","default","104940808","OXY1","18.810","min","172.382","μmol/L","Humid","21.196","deg","91596","µV","31.165","°C","1022.000","hPa","36.0","pmil","0","55.680","deg","20.000","°C","100.000","%a.s.","22.210","deg","20.000","°C","971.000","hPa","0.826","-0.01532","0.000401","-0.00012","0","11.08","Humid","26.60","0","20.10","230394.13","SABD0002000011","AAV2.0.0.13","2.1.0.383","PSt7-10","171027-000","6/27/2018 9:55:33 AM","0000-00","0","no battery","V"
"08/23/2019","12:54:50","1","default","104940808","OXY1","18.827","min","172.344","μmol/L","Humid","21.198","deg","91593","µV","31.165","°C","1021.000","hPa","36.0","pmil","0","55.680","deg","20.000","°C","100.000","%a.s.","22.210","deg","20.000","°C","971.000","hPa","0.826","-0.01532","0.000401","-0.00012","0","11.08","Humid","26.60","0","20.10","230391.65","SABD0002000011","AAV2.0.0.13","2.1.0.383","PSt7-10","171027-000","6/27/2018 9:55:33 AM","0000-00","0","no battery","V"
"08/23/2019","12:54:51","1","default","104940808","OXY1","18.844","min","172.382","μmol/L","Humid","21.196","deg","91590","µV","31.165","°C","1022.000","hPa","36.0","pmil","0","55.680","deg","20.000","°C","100.000","%a.s.","22.210","deg","20.000","°C","971.000","hPa","0.826","-0.01532","0.000401","-0.00012","0","11.08","Humid","26.60","0","20.10","230388.19","SABD0002000011","AAV2.0.0.13","2.1.0.383","PSt7-10","171027-000","6/27/2018 9:55:33 AM","0000-00","0","no battery","V"
"08/23/2019","12:54:52","1","default","104940808","OXY1","18.860","min","172.431","μmol/L","Humid","21.195","deg","91594","µV","31.159","°C","1022.000","hPa","36.0","pmil","0","55.680","deg","20.000","°C","100.000","%a.s.","22.210","deg","20.000","°C","971.000","hPa","0.826","-0.01532","0.000401","-0.00012","0","11.08","Humid","26.60","0","20.10","230398.06","SABD0002000011","AAV2.0.0.13","2.1.0.383","PSt7-10","171027-000","6/27/2018 9:55:33 AM","0000-00","0","no battery","V"
"08/23/2019","12:54:53","1","default","104940808","OXY1","18.877","min","172.306","μmol/L","Humid","21.201","deg","91593","µV","31.165","°C","1022.000","hPa","36.0","pmil","0","55.680","deg","20.000","°C","100.000","%a.s.","22.210","deg","20.000","°C","971.000","hPa","0.826","-0.01532","0.000401","-0.00012","0","11.08","Humid","26.60","0","20.10","230380.04","SABD0002000011","AAV2.0.0.13","2.1.0.383","PSt7-10","171027-000","6/27/2018 9:55:33 AM","0000-00","0","no battery","V"
"08/23/2019","12:54:54","1","default","104940808","OXY1","18.893","min","172.328","μmol/L","Humid","21.199","deg","91599","µV","31.165","°C","1021.000","hPa","36.0","pmil","0","55.680","deg","20.000","°C","100.000","%a.s.","22.210","deg","20.000","°C","971.000","hPa","0.826","-0.01532","0.000401","-0.00012","0","11.08","Humid","26.60","0","20.10","230379.67","SABD0002000011","AAV2.0.0.13","2.1.0.383","PSt7-10","171027-000","6/27/2018 9:55:33 AM","0000-00","0","no battery","V"
"08/23/2019","12:54:55","1","default","104940808","OXY1","18.910","min","172.431","μmol/L","Humid","21.195","deg","91596","µV","31.159","°C","1022.000","hPa","36.0","pmil","0","55.680","deg","20.000","°C","100.000","%a.s.","22.210","deg","20.000","°C","971.000","hPa","0.826","-0.01532","0.000401","-0.00012","0","11.08","Humid","26.60","0","20.10","230386.72","SABD0002000011","AAV2.0.0.13","2.1.0.383","PSt7-10","171027-000","6/27/2018 9:55:33 AM","0000-00","0","no battery","V"
"08/23/2019","12:54:56","1","default","104940808","OXY1","18.927","min","172.443","μmol/L","Humid","21.192","deg","91589","µV","31.165","°C","1022.000","hPa","36.0","pmil","0","55.680","deg","20.000","°C","100.000","%a.s.","22.210","deg","20.000","°C","971.000","hPa","0.826","-0.01532","0.000401","-0.00012","0","11.08","Humid","26.60","0","20.10","230386.23","SABD0002000011","AAV2.0.0.13","2.1.0.383","PSt7-10","171027-000","6/27/2018 9:55:33 AM","0000-00","0","no battery","V"
"08/23/2019","12:54:57","1","default","104940808","OXY1","18.944","min","172.439","μmol/L","Humid","21.194","deg","91593","µV","31.159","°C","1021.000","hPa","36.0","pmil","0","55.680","deg","20.000","°C","100.000","%a.s.","22.210","deg","20.000","°C","971.000","hPa","0.826","-0.01532","0.000401","-0.00012","0","11.08","Humid","26.60","0","20.10","230398.44","SABD0002000011","AAV2.0.0.13","2.1.0.383","PSt7-10","171027-000","6/27/2018 9:55:33 AM","0000-00","0","no battery","V"
"08/23/2019","12:54:58","1","default","104940808","OXY1","18.961","min","172.328","μmol/L","Humid","21.199","deg","91595","µV","31.165","°C","1021.000","hPa","36.0","pmil","0","55.680","deg","20.000","°C","100.000","%a.s.","22.210","deg","20.000","°C","971.000","hPa","0.826","-0.01532","0.000401","-0.00012","0","11.08","Humid","26.60","0","20.10","230395.97","SABD0002000011","AAV2.0.0.13","2.1.0.383","PSt7-10","171027-000","6/27/2018 9:55:33 AM","0000-00","0","no battery","V"
"08/23/2019","12:54:59","1","default","104940808","OXY1","18.977","min","172.420","μmol/L","Humid","21.193","deg","91595","µV","31.165","°C","1021.000","hPa","36.0","pmil","0","55.680","deg","20.000","°C","100.000","%a.s.","22.210","deg","20.000","°C","971.000","hPa","0.826","-0.01532","0.000401","-0.00012","0","11.08","Humid","26.60","0","20.10","230394.28","SABD0002000011","AAV2.0.0.13","2.1.0.383","PSt7-10","171027-000","6/27/2018 9:55:33 AM","0000-00","0","no battery","V"
"08/23/2019","12:55:00","1","default","104940808","OXY1","18.994","min","172.404","μmol/L","Humid","21.199","deg","91594","µV","31.153","°C","1022.000","hPa","36.0","pmil","0","55.680","deg","20.000","°C","100.000","%a.s.","22.210","deg","20.000","°C","971.000","hPa","0.826","-0.01532","0.000401","-0.00012","0","11.08","Humid","26.60","0","20.10","230395.07","SABD0002000011","AAV2.0.0.13","2.1.0.383","PSt7-10","171027-000","6/27/2018 9:55:33 AM","0000-00","0","no battery","V"
"08/23/2019","12:55:01","1","default","104940808","OXY1","19.010","min","172.416","μmol/L","Humid","21.196","deg","91591","µV","31.159","°C","1022.000","hPa","36.0","pmil","0","55.680","deg","20.000","°C","100.000","%a.s.","22.210","deg","20.000","°C","971.000","hPa","0.826","-0.01532","0.000401","-0.00012","0","11.08","Humid","26.60","0","20.10","230391.48","SABD0002000011","AAV2.0.0.13","2.1.0.383","PSt7-10","171027-000","6/27/2018 9:55:33 AM","0000-00","0","no battery","V"
"08/23/2019","12:55:02","1","default","104940808","OXY1","19.027","min","172.385","μmol/L","Humid","21.198","deg","91599","µV","31.159","°C","1022.000","hPa","36.0","pmil","0","55.680","deg","20.000","°C","100.000","%a.s.","22.210","deg","20.000","°C","971.000","hPa","0.826","-0.01532","0.000401","-0.00012","0","11.08","Humid","26.60","0","20.10","230396.30","SABD0002000011","AAV2.0.0.13","2.1.0.383","PSt7-10","171027-000","6/27/2018 9:55:33 AM","0000-00","0","no battery","V"
"08/23/2019","12:55:03","1","default","104940808","OXY1","19.043","min","172.309","μmol/L","Humid","21.203","deg","91593","µV","31.159","°C","1022.000","hPa","36.0","pmil","0","55.680","deg","20.000","°C","100.000","%a.s.","22.210","deg","20.000","°C","971.000","hPa","0.826","-0.01532","0.000401","-0.00012","0","11.08","Humid","26.60","0","20.10","230387.18","SABD0002000011","AAV2.0.0.13","2.1.0.383","PSt7-10","171027-000","6/27/2018 9:55:33 AM","0000-00","0","no battery","V"
"08/23/2019","12:55:04","1","default","104940808","OXY1","19.060","min","172.336","μmol/L","Humid","21.199","deg","91601","µV","31.165","°C","1022.000","hPa","36.0","pmil","0","55.680","deg","20.000","°C","100.000","%a.s.","22.210","deg","20.000","°C","971.000","hPa","0.826","-0.01532","0.000401","-0.00012","0","11.08","Humid","26.60","0","20.10","230390.46","SABD0002000011","AAV2.0.0.13","2.1.0.383","PSt7-10","171027-000","6/27/2018 9:55:33 AM","0000-00","0","no battery","V"
"08/23/2019","12:55:05","1","default","104940808","OXY1","19.077","min","172.385","μmol/L","Humid","21.198","deg","91597","µV","31.159","°C","1022.000","hPa","36.0","pmil","0","55.680","deg","20.000","°C","100.000","%a.s.","22.210","deg","20.000","°C","971.000","hPa","0.826","-0.01532","0.000401","-0.00012","0","11.08","Humid","26.60","0","20.10","230374.70","SABD0002000011","AAV2.0.0.13","2.1.0.383","PSt7-10","171027-000","6/27/2018 9:55:33 AM","0000-00","0","no battery","V"
"08/23/2019","12:55:06","1","default","104940808","OXY1","19.094","min","172.362","μmol/L","Humid","21.199","deg","91612","µV","31.159","°C","1021.000","hPa","36.0","pmil","0","55.680","deg","20.000","°C","100.000","%a.s.","22.210","deg","20.000","°C","971.000","hPa","0.826","-0.01532","0.000401","-0.00012","0","11.08","Humid","26.60","0","20.10","230380.92","SABD0002000011","AAV2.0.0.13","2.1.0.383","PSt7-10","171027-000","6/27/2018 9:55:33 AM","0000-00","0","no battery","V"
"08/23/2019","12:55:07","1","default","104940808","OXY1","19.110","min","172.411","μmol/L","Humid","21.198","deg","91605","µV","31.153","°C","1021.000","hPa","36.0","pmil","0","55.680","deg","20.000","°C","100.000","%a.s.","22.210","deg","20.000","°C","971.000","hPa","0.826","-0.01532","0.000401","-0.00012","0","11.08","Humid","26.60","0","20.10","230368.05","SABD0002000011","AAV2.0.0.13","2.1.0.383","PSt7-10","171027-000","6/27/2018 9:55:33 AM","0000-00","0","no battery","V"
"08/23/2019","12:55:08","1","default","104940808","OXY1","19.127","min","172.370","μmol/L","Humid","21.199","deg","91609","µV","31.159","°C","1022.000","hPa","36.0","pmil","0","55.680","deg","20.000","°C","100.000","%a.s.","22.210","deg","20.000","°C","971.000","hPa","0.826","-0.01532","0.000401","-0.00012","0","11.08","Humid","26.60","0","20.10","230383.10","SABD0002000011","AAV2.0.0.13","2.1.0.383","PSt7-10","171027-000","6/27/2018 9:55:33 AM","0000-00","0","no battery","V"
"08/23/2019","12:55:09","1","default","104940808","OXY1","19.144","min","172.355","μmol/L","Humid","21.200","deg","91611","µV","31.159","°C","1022.000","hPa","36.0","pmil","0","55.680","deg","20.000","°C","100.000","%a.s.","22.210","deg","20.000","°C","971.000","hPa","0.826","-0.01532","0.000401","-0.00012","0","11.08","Humid","26.60","0","20.10","230382.58","SABD0002000011","AAV2.0.0.13","2.1.0.383","PSt7-10","171027-000","6/27/2018 9:55:33 AM","0000-00","0","no battery","V"
"08/23/2019","12:55:10","1","default","104940808","OXY1","19.161","min","172.301","μmol/L","Humid","21.203","deg","91616","µV","31.159","°C","1021.000","hPa","36.0","pmil","0","55.680","deg","20.000","°C","100.000","%a.s.","22.210","deg","20.000","°C","971.000","hPa","0.826","-0.01532","0.000401","-0.00012","0","11.08","Humid","26.60","0","20.10","230368.33","SABD0002000011","AAV2.0.0.13","2.1.0.383","PSt7-10","171027-000","6/27/2018 9:55:33 AM","0000-00","0","no battery","V"
"08/23/2019","12:55:11","1","default","104940808","OXY1","19.177","min","172.270","μmol/L","Humid","21.205","deg","91610","µV","31.159","°C","1021.000","hPa","36.0","pmil","0","55.680","deg","20.000","°C","100.000","%a.s.","22.210","deg","20.000","°C","971.000","hPa","0.826","-0.01532","0.000401","-0.00012","0","11.08","Humid","26.60","0","20.10","230388.01","SABD0002000011","AAV2.0.0.13","2.1.0.383","PSt7-10","171027-000","6/27/2018 9:55:33 AM","0000-00","0","no battery","V"
"08/23/2019","12:55:12","1","default","104940808","OXY1","19.194","min","172.343","μmol/L","Humid","21.203","deg","91612","µV","31.153","°C","1022.000","hPa","36.0","pmil","0","55.680","deg","20.000","°C","100.000","%a.s.","22.210","deg","20.000","°C","971.000","hPa","0.826","-0.01532","0.000401","-0.00012","0","11.08","Humid","26.60","0","20.10","230364.57","SABD0002000011","AAV2.0.0.13","2.1.0.383","PSt7-10","171027-000","6/27/2018 9:55:33 AM","0000-00","0","no battery","V"
"08/23/2019","12:55:13","1","default","104940808","OXY1","19.210","min","172.301","μmol/L","Humid","21.203","deg","91616","µV","31.159","°C","1021.000","hPa","36.0","pmil","0","55.680","deg","20.000","°C","100.000","%a.s.","22.210","deg","20.000","°C","971.000","hPa","0.826","-0.01532","0.000401","-0.00012","0","11.08","Humid","26.60","0","20.10","230367.46","SABD0002000011","AAV2.0.0.13","2.1.0.383","PSt7-10","171027-000","6/27/2018 9:55:33 AM","0000-00","0","no battery","V"
"08/23/2019","12:55:14","1","default","104940808","OXY1","19.227","min","172.294","μmol/L","Humid","21.204","deg","91621","µV","31.159","°C","1022.000","hPa","36.0","pmil","0","55.680","deg","20.000","°C","100.000","%a.s.","22.210","deg","20.000","°C","971.000","hPa","0.826","-0.01532","0.000401","-0.00012","0","11.08","Humid","26.60","0","20.10","230374.42","SABD0002000011","AAV2.0.0.13","2.1.0.383","PSt7-10","171027-000","6/27/2018 9:55:33 AM","0000-00","0","no battery","V"
"08/23/2019","12:55:15","1","default","104940808","OXY1","19.244","min","172.358","μmol/L","Humid","21.202","deg","91618","µV","31.153","°C","1022.000","hPa","36.0","pmil","0","55.680","deg","20.000","°C","100.000","%a.s.","22.210","deg","20.000","°C","971.000","hPa","0.826","-0.01532","0.000401","-0.00012","0","11.08","Humid","26.60","0","20.10","230353.48","SABD0002000011","AAV2.0.0.13","2.1.0.383","PSt7-10","171027-000","6/27/2018 9:55:33 AM","0000-00","0","no battery","V"
"08/23/2019","12:55:16","1","default","104940808","OXY1","19.260","min","172.236","μmol/L","Humid","21.210","deg","91627","µV","31.153","°C","1022.000","hPa","36.0","pmil","0","55.680","deg","20.000","°C","100.000","%a.s.","22.210","deg","20.000","°C","971.000","hPa","0.826","-0.01532","0.000401","-0.00012","0","11.08","Humid","26.60","0","20.10","230368.22","SABD0002000011","AAV2.0.0.13","2.1.0.383","PSt7-10","171027-000","6/27/2018 9:55:33 AM","0000-00","0","no battery","V"
"08/23/2019","12:55:17","1","default","104940808","OXY1","19.277","min","172.240","μmol/L","Humid","21.207","deg","91624","µV","31.159","°C","1021.000","hPa","36.0","pmil","0","55.680","deg","20.000","°C","100.000","%a.s.","22.210","deg","20.000","°C","971.000","hPa","0.826","-0.01532","0.000401","-0.00012","0","11.08","Humid","26.60","0","20.10","230361.35","SABD0002000011","AAV2.0.0.13","2.1.0.383","PSt7-10","171027-000","6/27/2018 9:55:33 AM","0000-00","0","no battery","V"
"08/23/2019","12:55:18","1","default","104940808","OXY1","19.294","min","172.266","μmol/L","Humid","21.208","deg","91629","µV","31.153","°C","1022.000","hPa","36.0","pmil","0","55.680","deg","20.000","°C","100.000","%a.s.","22.210","deg","20.000","°C","971.000","hPa","0.826","-0.01532","0.000401","-0.00012","0","11.08","Humid","26.60","0","20.10","230373.76","SABD0002000011","AAV2.0.0.13","2.1.0.383","PSt7-10","171027-000","6/27/2018 9:55:33 AM","0000-00","0","no battery","V"
"08/23/2019","12:55:19","1","default","104940808","OXY1","19.311","min","172.225","μmol/L","Humid","21.208","deg","91631","µV","31.159","°C","1021.000","hPa","36.0","pmil","0","55.680","deg","20.000","°C","100.000","%a.s.","22.210","deg","20.000","°C","971.000","hPa","0.826","-0.01532","0.000401","-0.00012","0","11.08","Humid","26.60","0","20.10","230367.77","SABD0002000011","AAV2.0.0.13","2.1.0.383","PSt7-10","171027-000","6/27/2018 9:55:33 AM","0000-00","0","no battery","V"
"08/23/2019","12:55:20","1","default","104940808","OXY1","19.327","min","172.282","μmol/L","Humid","21.207","deg","91640","µV","31.153","°C","1022.000","hPa","36.0","pmil","0","55.680","deg","20.000","°C","100.000","%a.s.","22.210","deg","20.000","°C","971.000","hPa","0.826","-0.01532","0.000401","-0.00012","0","11.08","Humid","26.60","0","20.10","230365.68","SABD0002000011","AAV2.0.0.13","2.1.0.383","PSt7-10","171027-000","6/27/2018 9:55:33 AM","0000-00","0","no battery","V"
"08/23/2019","12:55:21","1","default","104940808","OXY1","19.343","min","172.153","μmol/L","Humid","21.211","deg","91637","µV","31.165","°C","1022.000","hPa","36.0","pmil","0","55.680","deg","20.000","°C","100.000","%a.s.","22.210","deg","20.000","°C","971.000","hPa","0.826","-0.01532","0.000401","-0.00012","0","11.08","Humid","26.60","0","20.10","230372.61","SABD0002000011","AAV2.0.0.13","2.1.0.383","PSt7-10","171027-000","6/27/2018 9:55:33 AM","0000-00","0","no battery","V"
"08/23/2019","12:55:22","1","default","104940808","OXY1","19.360","min","172.289","μmol/L","Humid","21.206","deg","91644","µV","31.153","°C","1021.000","hPa","36.0","pmil","0","55.680","deg","20.000","°C","100.000","%a.s.","22.210","deg","20.000","°C","971.000","hPa","0.826","-0.01532","0.000401","-0.00012","0","11.08","Humid","26.60","0","20.10","230377.65","SABD0002000011","AAV2.0.0.13","2.1.0.383","PSt7-10","171027-000","6/27/2018 9:55:33 AM","0000-00","0","no battery","V"
"08/23/2019","12:55:23","1","default","104940808","OXY1","19.377","min","172.141","μmol/L","Humid","21.214","deg","91642","µV","31.159","°C","1022.000","hPa","36.0","pmil","0","55.680","deg","20.000","°C","100.000","%a.s.","22.210","deg","20.000","°C","971.000","hPa","0.826","-0.01532","0.000401","-0.00012","0","11.08","Humid","26.60","0","20.10","230372.69","SABD0002000011","AAV2.0.0.13","2.1.0.383","PSt7-10","171027-000","6/27/2018 9:55:33 AM","0000-00","0","no battery","V"
"08/23/2019","12:55:24","1","default","104940808","OXY1","19.394","min","172.138","μmol/L","Humid","21.212","deg","91634","µV","31.165","°C","1022.000","hPa","36.0","pmil","0","55.680","deg","20.000","°C","100.000","%a.s.","22.210","deg","20.000","°C","971.000","hPa","0.826","-0.01532","0.000401","-0.00012","0","11.08","Humid","26.60","0","20.10","230369.01","SABD0002000011","AAV2.0.0.13","2.1.0.383","PSt7-10","171027-000","6/27/2018 9:55:33 AM","0000-00","0","no battery","V"
"08/23/2019","12:55:25","1","default","104940808","OXY1","19.410","min","172.248","μmol/L","Humid","21.207","deg","91636","µV","31.159","°C","1022.000","hPa","36.0","pmil","0","55.680","deg","20.000","°C","100.000","%a.s.","22.210","deg","20.000","°C","971.000","hPa","0.826","-0.01532","0.000401","-0.00012","0","11.08","Humid","26.60","0","20.10","230361.11","SABD0002000011","AAV2.0.0.13","2.1.0.383","PSt7-10","171027-000","6/27/2018 9:55:33 AM","0000-00","0","no battery","V"
"08/23/2019","12:55:26","1","default","104940808","OXY1","19.427","min","172.237","μmol/L","Humid","21.205","deg","91639","µV","31.165","°C","1021.000","hPa","36.0","pmil","0","55.680","deg","20.000","°C","100.000","%a.s.","22.210","deg","20.000","°C","971.000","hPa","0.826","-0.01532","0.000401","-0.00012","0","11.08","Humid","26.60","0","20.10","230351.95","SABD0002000011","AAV2.0.0.13","2.1.0.383","PSt7-10","171027-000","6/27/2018 9:55:33 AM","0000-00","0","no battery","V"
"08/23/2019","12:55:27","1","default","104940808","OXY1","19.444","min","172.183","μmol/L","Humid","21.209","deg","91642","µV","31.165","°C","1022.000","hPa","36.0","pmil","0","55.680","deg","20.000","°C","100.000","%a.s.","22.210","deg","20.000","°C","971.000","hPa","0.826","-0.01532","0.000401","-0.00012","0","11.08","Humid","26.60","0","20.10","230363.79","SABD0002000011","AAV2.0.0.13","2.1.0.383","PSt7-10","171027-000","6/27/2018 9:55:33 AM","0000-00","0","no battery","V"
"08/23/2019","12:55:28","1","default","104940808","OXY1","19.461","min","172.282","μmol/L","Humid","21.207","deg","91637","µV","31.153","°C","1022.000","hPa","36.0","pmil","0","55.680","deg","20.000","°C","100.000","%a.s.","22.210","deg","20.000","°C","971.000","hPa","0.826","-0.01532","0.000401","-0.00012","0","11.08","Humid","26.60","0","20.10","230365.93","SABD0002000011","AAV2.0.0.13","2.1.0.383","PSt7-10","171027-000","6/27/2018 9:55:33 AM","0000-00","0","no battery","V"
"08/23/2019","12:55:29","1","default","104940808","OXY1","19.477","min","172.191","μmol/L","Humid","21.208","deg","91624","µV","31.165","°C","1021.000","hPa","36.0","pmil","0","55.680","deg","20.000","°C","100.000","%a.s.","22.210","deg","20.000","°C","971.000","hPa","0.826","-0.01532","0.000401","-0.00012","0","11.08","Humid","26.60","0","20.10","230371.88","SABD0002000011","AAV2.0.0.13","2.1.0.383","PSt7-10","171027-000","6/27/2018 9:55:33 AM","0000-00","0","no battery","V"
"08/23/2019","12:55:30","1","default","104940808","OXY1","19.493","min","172.191","μmol/L","Humid","21.208","deg","91629","µV","31.165","°C","1021.000","hPa","36.0","pmil","0","55.680","deg","20.000","°C","100.000","%a.s.","22.210","deg","20.000","°C","971.000","hPa","0.826","-0.01532","0.000401","-0.00012","0","11.08","Humid","26.60","0","20.10","230361.66","SABD0002000011","AAV2.0.0.13","2.1.0.383","PSt7-10","171027-000","6/27/2018 9:55:33 AM","0000-00","0","no battery","V"
"08/23/2019","12:55:31","1","default","104940808","OXY1","19.510","min","172.202","μmol/L","Humid","21.210","deg","91631","µV","31.159","°C","1022.000","hPa","36.0","pmil","0","55.680","deg","20.000","°C","100.000","%a.s.","22.210","deg","20.000","°C","971.000","hPa","0.826","-0.01532","0.000401","-0.00012","0","11.08","Humid","26.60","0","20.10","230359.28","SABD0002000011","AAV2.0.0.13","2.1.0.383","PSt7-10","171027-000","6/27/2018 9:55:33 AM","0000-00","0","no battery","V"
"08/23/2019","12:55:32","1","default","104940808","OXY1","19.527","min","172.248","μmol/L","Humid","21.207","deg","91621","µV","31.159","°C","1022.000","hPa","36.0","pmil","0","55.680","deg","20.000","°C","100.000","%a.s.","22.210","deg","20.000","°C","971.000","hPa","0.826","-0.01532","0.000401","-0.00012","0","11.08","Humid","26.60","0","20.10","230348.69","SABD0002000011","AAV2.0.0.13","2.1.0.383","PSt7-10","171027-000","6/27/2018 9:55:33 AM","0000-00","0","no battery","V"
"08/23/2019","12:55:33","1","default","104940808","OXY1","19.544","min","172.278","μmol/L","Humid","21.205","deg","91621","µV","31.159","°C","1022.000","hPa","36.0","pmil","0","55.680","deg","20.000","°C","100.000","%a.s.","22.210","deg","20.000","°C","971.000","hPa","0.826","-0.01532","0.000401","-0.00012","0","11.08","Humid","26.60","0","20.10","230353.71","SABD0002000011","AAV2.0.0.13","2.1.0.383","PSt7-10","171027-000","6/27/2018 9:55:33 AM","0000-00","0","no battery","V"
"08/23/2019","12:55:34","1","default","104940808","OXY1","19.560","min","172.286","μmol/L","Humid","21.204","deg","91615","µV","31.159","°C","1021.000","hPa","36.0","pmil","0","55.680","deg","20.000","°C","100.000","%a.s.","22.210","deg","20.000","°C","971.000","hPa","0.826","-0.01532","0.000401","-0.00012","0","11.08","Humid","26.60","0","20.10","230369.40","SABD0002000011","AAV2.0.0.13","2.1.0.383","PSt7-10","171027-000","6/27/2018 9:55:33 AM","0000-00","0","no battery","V"
"08/23/2019","12:55:35","1","default","104940808","OXY1","19.577","min","172.176","μmol/L","Humid","21.209","deg","91618","µV","31.165","°C","1021.000","hPa","36.0","pmil","0","55.680","deg","20.000","°C","100.000","%a.s.","22.210","deg","20.000","°C","971.000","hPa","0.826","-0.01532","0.000401","-0.00012","0","11.08","Humid","26.60","0","20.10","230349.01","SABD0002000011","AAV2.0.0.13","2.1.0.383","PSt7-10","171027-000","6/27/2018 9:55:33 AM","0000-00","0","no battery","V"
"08/23/2019","12:55:36","1","default","104940808","OXY1","19.594","min","172.252","μmol/L","Humid","21.204","deg","91609","µV","31.165","°C","1021.000","hPa","36.0","pmil","0","55.680","deg","20.000","°C","100.000","%a.s.","22.210","deg","20.000","°C","971.000","hPa","0.826","-0.01532","0.000401","-0.00012","0","11.08","Humid","26.60","0","20.10","230354.55","SABD0002000011","AAV2.0.0.13","2.1.0.383","PSt7-10","171027-000","6/27/2018 9:55:33 AM","0000-00","0","no battery","V"
"08/23/2019","12:55:37","1","default","104940808","OXY1","19.611","min","172.309","μmol/L","Humid","21.203","deg","91617","µV","31.159","°C","1022.000","hPa","36.0","pmil","0","55.680","deg","20.000","°C","100.000","%a.s.","22.210","deg","20.000","°C","971.000","hPa","0.826","-0.01532","0.000401","-0.00012","0","11.08","Humid","26.60","0","20.10","230343.06","SABD0002000011","AAV2.0.0.13","2.1.0.383","PSt7-10","171027-000","6/27/2018 9:55:33 AM","0000-00","0","no battery","V"
"08/23/2019","12:55:38","1","default","104940808","OXY1","19.627","min","172.263","μmol/L","Humid","21.206","deg","91610","µV","31.159","°C","1022.000","hPa","36.0","pmil","0","55.680","deg","20.000","°C","100.000","%a.s.","22.210","deg","20.000","°C","971.000","hPa","0.826","-0.01532","0.000401","-0.00012","0","11.08","Humid","26.60","0","20.10","230354.60","SABD0002000011","AAV2.0.0.13","2.1.0.383","PSt7-10","171027-000","6/27/2018 9:55:33 AM","0000-00","0","no battery","V"
"08/23/2019","12:55:39","1","default","104940808","OXY1","19.643","min","172.335","μmol/L","Humid","21.203","deg","91611","µV","31.153","°C","1021.000","hPa","36.0","pmil","0","55.680","deg","20.000","°C","100.000","%a.s.","22.210","deg","20.000","°C","971.000","hPa","0.826","-0.01532","0.000401","-0.00012","0","11.08","Humid","26.60","0","20.10","230363.64","SABD0002000011","AAV2.0.0.13","2.1.0.383","PSt7-10","171027-000","6/27/2018 9:55:33 AM","0000-00","0","no battery","V"
"08/23/2019","12:55:40","1","default","104940808","OXY1","19.660","min","172.260","μmol/L","Humid","21.204","deg","91613","µV","31.165","°C","1022.000","hPa","36.0","pmil","0","55.680","deg","20.000","°C","100.000","%a.s.","22.210","deg","20.000","°C","971.000","hPa","0.826","-0.01532","0.000401","-0.00012","0","11.08","Humid","26.60","0","20.10","230365.00","SABD0002000011","AAV2.0.0.13","2.1.0.383","PSt7-10","171027-000","6/27/2018 9:55:33 AM","0000-00","0","no battery","V"
"08/23/2019","12:55:41","1","default","104940808","OXY1","19.677","min","172.350","μmol/L","Humid","21.202","deg","91603","µV","31.153","°C","1021.000","hPa","36.0","pmil","0","55.680","deg","20.000","°C","100.000","%a.s.","22.210","deg","20.000","°C","971.000","hPa","0.826","-0.01532","0.000401","-0.00012","0","11.08","Humid","26.60","0","20.10","230359.30","SABD0002000011","AAV2.0.0.13","2.1.0.383","PSt7-10","171027-000","6/27/2018 9:55:33 AM","0000-00","0","no battery","V"
"08/23/2019","12:55:42","1","default","104940808","OXY1","19.694","min","172.270","μmol/L","Humid","21.205","deg","91604","µV","31.159","°C","1021.000","hPa","36.0","pmil","0","55.680","deg","20.000","°C","100.000","%a.s.","22.210","deg","20.000","°C","971.000","hPa","0.826","-0.01532","0.000401","-0.00012","0","11.08","Humid","26.60","0","20.10","230364.19","SABD0002000011","AAV2.0.0.13","2.1.0.383","PSt7-10","171027-000","6/27/2018 9:55:33 AM","0000-00","0","no battery","V"
"08/23/2019","12:55:43","1","default","104940808","OXY1","19.710","min","172.267","μmol/L","Humid","21.203","deg","91597","µV","31.165","°C","1021.000","hPa","36.0","pmil","0","55.680","deg","20.000","°C","100.000","%a.s.","22.210","deg","20.000","°C","971.000","hPa","0.826","-0.01532","0.000401","-0.00012","0","11.08","Humid","26.60","0","20.10","230347.61","SABD0002000011","AAV2.0.0.13","2.1.0.383","PSt7-10","171027-000","6/27/2018 9:55:33 AM","0000-00","0","no battery","V"
"08/23/2019","12:55:44","1","default","104940808","OXY1","19.727","min","172.301","μmol/L","Humid","21.203","deg","91605","µV","31.159","°C","1021.000","hPa","36.0","pmil","0","55.680","deg","20.000","°C","100.000","%a.s.","22.210","deg","20.000","°C","971.000","hPa","0.826","-0.01532","0.000401","-0.00012","0","11.08","Humid","26.60","0","20.10","230347.07","SABD0002000011","AAV2.0.0.13","2.1.0.383","PSt7-10","171027-000","6/27/2018 9:55:33 AM","0000-00","0","no battery","V"
"08/23/2019","12:55:45","1","default","104940808","OXY1","19.744","min","172.301","μmol/L","Humid","21.203","deg","91604","µV","31.159","°C","1021.000","hPa","36.0","pmil","0","55.680","deg","20.000","°C","100.000","%a.s.","22.210","deg","20.000","°C","971.000","hPa","0.826","-0.01532","0.000401","-0.00012","0","11.08","Humid","26.60","0","20.10","230348.77","SABD0002000011","AAV2.0.0.13","2.1.0.383","PSt7-10","171027-000","6/27/2018 9:55:33 AM","0000-00","0","no battery","V"
"08/23/2019","12:55:46","1","default","104940808","OXY1","19.760","min","172.245","μmol/L","Humid","21.205","deg","91603","µV","31.165","°C","1022.000","hPa","36.0","pmil","0","55.680","deg","20.000","°C","100.000","%a.s.","22.210","deg","20.000","°C","971.000","hPa","0.826","-0.01532","0.000401","-0.00012","0","11.08","Humid","26.60","0","20.10","230342.55","SABD0002000011","AAV2.0.0.13","2.1.0.383","PSt7-10","171027-000","6/27/2018 9:55:33 AM","0000-00","0","no battery","V"
"08/23/2019","12:55:47","1","default","104940808","OXY1","19.777","min","172.206","μmol/L","Humid","21.207","deg","91605","µV","31.165","°C","1021.000","hPa","36.0","pmil","0","55.680","deg","20.000","°C","100.000","%a.s.","22.210","deg","20.000","°C","971.000","hPa","0.826","-0.01532","0.000401","-0.00012","0","11.08","Humid","26.60","0","20.10","230345.90","SABD0002000011","AAV2.0.0.13","2.1.0.383","PSt7-10","171027-000","6/27/2018 9:55:33 AM","0000-00","0","no battery","V"
"08/23/2019","12:55:48","1","default","104940808","OXY1","19.794","min","172.275","μmol/L","Humid","21.203","deg","91607","µV","31.165","°C","1022.000","hPa","36.0","pmil","0","55.680","deg","20.000","°C","100.000","%a.s.","22.210","deg","20.000","°C","971.000","hPa","0.826","-0.01532","0.000401","-0.00012","0","11.08","Humid","26.60","0","20.10","230344.98","SABD0002000011","AAV2.0.0.13","2.1.0.383","PSt7-10","171027-000","6/27/2018 9:55:33 AM","0000-00","0","no battery","V"
"08/23/2019","12:55:49","1","default","104940808","OXY1","19.811","min","172.252","μmol/L","Humid","21.204","deg","91600","µV","31.165","°C","1021.000","hPa","36.0","pmil","0","55.680","deg","20.000","°C","100.000","%a.s.","22.210","deg","20.000","°C","971.000","hPa","0.826","-0.01532","0.000401","-0.00012","0","11.08","Humid","26.60","0","20.10","230339.34","SABD0002000011","AAV2.0.0.13","2.1.0.383","PSt7-10","171027-000","6/27/2018 9:55:33 AM","0000-00","0","no battery","V"
"08/23/2019","12:55:50","1","default","104940808","OXY1","19.827","min","172.225","μmol/L","Humid","21.208","deg","91602","µV","31.159","°C","1021.000","hPa","36.0","pmil","0","55.680","deg","20.000","°C","100.000","%a.s.","22.210","deg","20.000","°C","971.000","hPa","0.826","-0.01532","0.000401","-0.00012","0","11.08","Humid","26.60","0","20.10","230334.87","SABD0002000011","AAV2.0.0.13","2.1.0.383","PSt7-10","171027-000","6/27/2018 9:55:33 AM","0000-00","0","no battery","V"
"08/23/2019","12:55:51","1","default","104940808","OXY1","19.843","min","172.248","μmol/L","Humid","21.207","deg","91608","µV","31.159","°C","1022.000","hPa","36.0","pmil","0","55.680","deg","20.000","°C","100.000","%a.s.","22.210","deg","20.000","°C","971.000","hPa","0.826","-0.01532","0.000401","-0.00012","0","11.08","Humid","26.60","0","20.10","230337.56","SABD0002000011","AAV2.0.0.13","2.1.0.383","PSt7-10","171027-000","6/27/2018 9:55:33 AM","0000-00","0","no battery","V"
"08/23/2019","12:55:52","1","default","104940808","OXY1","19.860","min","172.221","μmol/L","Humid","21.206","deg","91609","µV","31.165","°C","1021.000","hPa","36.0","pmil","0","55.680","deg","20.000","°C","100.000","%a.s.","22.210","deg","20.000","°C","971.000","hPa","0.826","-0.01532","0.000401","-0.00012","0","11.08","Humid","26.60","0","20.10","230347.78","SABD0002000011","AAV2.0.0.13","2.1.0.383","PSt7-10","171027-000","6/27/2018 9:55:33 AM","0000-00","0","no battery","V"
"08/23/2019","12:55:53","1","default","104940808","OXY1","19.877","min","172.324","μmol/L","Humid","21.202","deg","91603","µV","31.159","°C","1022.000","hPa","36.0","pmil","0","55.680","deg","20.000","°C","100.000","%a.s.","22.210","deg","20.000","°C","971.000","hPa","0.826","-0.01532","0.000401","-0.00012","0","11.08","Humid","26.60","0","20.10","230344.46","SABD0002000011","AAV2.0.0.13","2.1.0.383","PSt7-10","171027-000","6/27/2018 9:55:33 AM","0000-00","0","no battery","V"
"08/23/2019","12:55:54","1","default","104940808","OXY1","19.894","min","172.266","μmol/L","Humid","21.208","deg","91605","µV","31.153","°C","1022.000","hPa","36.0","pmil","0","55.680","deg","20.000","°C","100.000","%a.s.","22.210","deg","20.000","°C","971.000","hPa","0.826","-0.01532","0.000401","-0.00012","0","11.08","Humid","26.60","0","20.10","230335.42","SABD0002000011","AAV2.0.0.13","2.1.0.383","PSt7-10","171027-000","6/27/2018 9:55:33 AM","0000-00","0","no battery","V"
"08/23/2019","12:55:55","1","default","104940808","OXY1","19.910","min","172.209","μmol/L","Humid","21.209","deg","91602","µV","31.159","°C","1021.000","hPa","36.0","pmil","0","55.680","deg","20.000","°C","100.000","%a.s.","22.210","deg","20.000","°C","971.000","hPa","0.826","-0.01532","0.000401","-0.00012","0","11.08","Humid","26.60","0","20.10","230330.95","SABD0002000011","AAV2.0.0.13","2.1.0.383","PSt7-10","171027-000","6/27/2018 9:55:33 AM","0000-00","0","no battery","V"
"08/23/2019","12:55:56","1","default","104940808","OXY1","19.927","min","172.252","μmol/L","Humid","21.204","deg","91605","µV","31.165","°C","1021.000","hPa","36.0","pmil","0","55.680","deg","20.000","°C","100.000","%a.s.","22.210","deg","20.000","°C","971.000","hPa","0.826","-0.01532","0.000401","-0.00012","0","11.08","Humid","26.60","0","20.10","230333.62","SABD0002000011","AAV2.0.0.13","2.1.0.383","PSt7-10","171027-000","6/27/2018 9:55:33 AM","0000-00","0","no battery","V"
"08/23/2019","12:55:57","1","default","104940808","OXY1","19.944","min","172.191","μmol/L","Humid","21.208","deg","91603","µV","31.165","°C","1021.000","hPa","36.0","pmil","0","55.680","deg","20.000","°C","100.000","%a.s.","22.210","deg","20.000","°C","971.000","hPa","0.826","-0.01532","0.000401","-0.00012","0","11.08","Humid","26.60","0","20.10","230345.12","SABD0002000011","AAV2.0.0.13","2.1.0.383","PSt7-10","171027-000","6/27/2018 9:55:33 AM","0000-00","0","no battery","V"
"08/23/2019","12:55:58","1","default","104940808","OXY1","19.961","min","172.217","μmol/L","Humid","21.209","deg","91601","µV","31.159","°C","1022.000","hPa","36.0","pmil","0","55.680","deg","20.000","°C","100.000","%a.s.","22.210","deg","20.000","°C","971.000","hPa","0.826","-0.01532","0.000401","-0.00012","0","11.08","Humid","26.60","0","20.10","230339.85","SABD0002000011","AAV2.0.0.13","2.1.0.383","PSt7-10","171027-000","6/27/2018 9:55:33 AM","0000-00","0","no battery","V"
"08/23/2019","12:55:59","1","default","104940808","OXY1","19.977","min","172.289","μmol/L","Humid","21.206","deg","91597","µV","31.153","°C","1021.000","hPa","36.0","pmil","0","55.680","deg","20.000","°C","100.000","%a.s.","22.210","deg","20.000","°C","971.000","hPa","0.826","-0.01532","0.000401","-0.00012","0","11.08","Humid","26.60","0","20.10","230345.34","SABD0002000011","AAV2.0.0.13","2.1.0.383","PSt7-10","171027-000","6/27/2018 9:55:33 AM","0000-00","0","no battery","V"
"08/23/2019","12:56:00","1","default","104940808","OXY1","19.993","min","172.240","μmol/L","Humid","21.207","deg","91594","µV","31.159","°C","1021.000","hPa","36.0","pmil","0","55.680","deg","20.000","°C","100.000","%a.s.","22.210","deg","20.000","°C","971.000","hPa","0.826","-0.01532","0.000401","-0.00012","0","11.08","Humid","26.60","0","20.10","230339.35","SABD0002000011","AAV2.0.0.13","2.1.0.383","PSt7-10","171027-000","6/27/2018 9:55:33 AM","0000-00","0","no battery","V"
"08/23/2019","12:56:01","1","default","104940808","OXY1","20.010","min","172.324","μmol/L","Humid","21.202","deg","91599","µV","31.159","°C","1022.000","hPa","36.0","pmil","0","55.680","deg","20.000","°C","100.000","%a.s.","22.210","deg","20.000","°C","971.000","hPa","0.826","-0.01532","0.000401","-0.00012","0","11.08","Humid","26.60","0","20.10","230341.58","SABD0002000011","AAV2.0.0.13","2.1.0.383","PSt7-10","171027-000","6/27/2018 9:55:33 AM","0000-00","0","no battery","V"
"08/23/2019","12:56:02","1","default","104940808","OXY1","20.027","min","172.301","μmol/L","Humid","21.203","deg","91592","µV","31.159","°C","1021.000","hPa","36.0","pmil","0","55.680","deg","20.000","°C","100.000","%a.s.","22.210","deg","20.000","°C","971.000","hPa","0.826","-0.01532","0.000401","-0.00012","0","11.08","Humid","26.60","0","20.10","230342.51","SABD0002000011","AAV2.0.0.13","2.1.0.383","PSt7-10","171027-000","6/27/2018 9:55:33 AM","0000-00","0","no battery","V"
"08/23/2019","12:56:03","1","default","104940808","OXY1","20.043","min","172.301","μmol/L","Humid","21.203","deg","91591","µV","31.159","°C","1021.000","hPa","36.0","pmil","0","55.680","deg","20.000","°C","100.000","%a.s.","22.210","deg","20.000","°C","971.000","hPa","0.826","-0.01532","0.000401","-0.00012","0","11.08","Humid","26.60","0","20.10","230344.29","SABD0002000011","AAV2.0.0.13","2.1.0.383","PSt7-10","171027-000","6/27/2018 9:55:33 AM","0000-00","0","no battery","V"
"08/23/2019","12:56:04","1","default","104940808","OXY1","20.060","min","172.203","μmol/L","Humid","21.205","deg","91587","µV","31.171","°C","1021.000","hPa","36.0","pmil","0","55.680","deg","20.000","°C","100.000","%a.s.","22.210","deg","20.000","°C","971.000","hPa","0.826","-0.01532","0.000401","-0.00012","0","11.08","Humid","26.60","0","20.10","230340.16","SABD0002000011","AAV2.0.0.13","2.1.0.383","PSt7-10","171027-000","6/27/2018 9:55:33 AM","0000-00","0","no battery","V"
"08/23/2019","12:56:05","1","default","104940808","OXY1","20.077","min","172.267","μmol/L","Humid","21.203","deg","91587","µV","31.165","°C","1021.000","hPa","36.0","pmil","0","55.680","deg","20.000","°C","100.000","%a.s.","22.210","deg","20.000","°C","971.000","hPa","0.826","-0.01532","0.000401","-0.00012","0","11.08","Humid","26.60","0","20.10","230340.28","SABD0002000011","AAV2.0.0.13","2.1.0.383","PSt7-10","171027-000","6/27/2018 9:55:33 AM","0000-00","0","no battery","V"
"08/23/2019","12:56:06","1","default","104940808","OXY1","20.094","min","172.302","μmol/L","Humid","21.199","deg","91592","µV","31.171","°C","1022.000","hPa","36.0","pmil","0","55.680","deg","20.000","°C","100.000","%a.s.","22.210","deg","20.000","°C","971.000","hPa","0.826","-0.01532","0.000401","-0.00012","0","11.08","Humid","26.60","0","20.10","230326.42","SABD0002000011","AAV2.0.0.13","2.1.0.383","PSt7-10","171027-000","6/27/2018 9:55:33 AM","0000-00","0","no battery","V"
"08/23/2019","12:56:07","1","default","104940808","OXY1","20.111","min","172.316","μmol/L","Humid","21.202","deg","91586","µV","31.159","°C","1021.000","hPa","36.0","pmil","0","55.680","deg","20.000","°C","100.000","%a.s.","22.210","deg","20.000","°C","971.000","hPa","0.826","-0.01532","0.000401","-0.00012","0","11.08","Humid","26.60","0","20.10","230340.41","SABD0002000011","AAV2.0.0.13","2.1.0.383","PSt7-10","171027-000","6/27/2018 9:55:33 AM","0000-00","0","no battery","V"
"08/23/2019","12:56:08","1","default","104940808","OXY1","20.127","min","172.286","μmol/L","Humid","21.204","deg","91584","µV","31.159","°C","1021.000","hPa","36.0","pmil","0","55.680","deg","20.000","°C","100.000","%a.s.","22.210","deg","20.000","°C","971.000","hPa","0.826","-0.01532","0.000401","-0.00012","0","11.08","Humid","26.60","0","20.10","230339.02","SABD0002000011","AAV2.0.0.13","2.1.0.383","PSt7-10","171027-000","6/27/2018 9:55:33 AM","0000-00","0","no battery","V"
"08/23/2019","12:56:09","1","default","104940808","OXY1","20.144","min","172.286","μmol/L","Humid","21.204","deg","91592","µV","31.159","°C","1021.000","hPa","36.0","pmil","0","55.680","deg","20.000","°C","100.000","%a.s.","22.210","deg","20.000","°C","971.000","hPa","0.826","-0.01532","0.000401","-0.00012","0","11.08","Humid","26.60","0","20.10","230342.26","SABD0002000011","AAV2.0.0.13","2.1.0.383","PSt7-10","171027-000","6/27/2018 9:55:33 AM","0000-00","0","no battery","V"
"08/23/2019","12:56:10","1","default","104940808","OXY1","20.161","min","172.245","μmol/L","Humid","21.205","deg","91586","µV","31.165","°C","1022.000","hPa","36.0","pmil","0","55.680","deg","20.000","°C","100.000","%a.s.","22.210","deg","20.000","°C","971.000","hPa","0.826","-0.01532","0.000401","-0.00012","0","11.08","Humid","26.60","0","20.10","230345.82","SABD0002000011","AAV2.0.0.13","2.1.0.383","PSt7-10","171027-000","6/27/2018 9:55:33 AM","0000-00","0","no battery","V"
"08/23/2019","12:56:11","1","default","104940808","OXY1","20.177","min","172.233","μmol/L","Humid","21.203","deg","91596","µV","31.171","°C","1021.000","hPa","36.0","pmil","0","55.680","deg","20.000","°C","100.000","%a.s.","22.210","deg","20.000","°C","971.000","hPa","0.826","-0.01532","0.000401","-0.00012","0","11.08","Humid","26.60","0","20.10","230343.91","SABD0002000011","AAV2.0.0.13","2.1.0.383","PSt7-10","171027-000","6/27/2018 9:55:33 AM","0000-00","0","no battery","V"
"08/23/2019","12:56:12","1","default","104940808","OXY1","20.193","min","172.214","μmol/L","Humid","21.207","deg","91594","µV","31.165","°C","1022.000","hPa","36.0","pmil","0","55.680","deg","20.000","°C","100.000","%a.s.","22.210","deg","20.000","°C","971.000","hPa","0.826","-0.01532","0.000401","-0.00012","0","11.08","Humid","26.60","0","20.10","230338.75","SABD0002000011","AAV2.0.0.13","2.1.0.383","PSt7-10","171027-000","6/27/2018 9:55:33 AM","0000-00","0","no battery","V"
"08/23/2019","12:56:13","1","default","104940808","OXY1","20.210","min","172.332","μmol/L","Humid","21.201","deg","91594","µV","31.159","°C","1021.000","hPa","36.0","pmil","0","55.680","deg","20.000","°C","100.000","%a.s.","22.210","deg","20.000","°C","971.000","hPa","0.826","-0.01532","0.000401","-0.00012","0","11.08","Humid","26.60","0","20.10","230334.64","SABD0002000011","AAV2.0.0.13","2.1.0.383","PSt7-10","171027-000","6/27/2018 9:55:33 AM","0000-00","0","no battery","V"
"08/23/2019","12:56:14","1","default","104940808","OXY1","20.227","min","172.278","μmol/L","Humid","21.205","deg","91592","µV","31.159","°C","1022.000","hPa","36.0","pmil","0","55.680","deg","20.000","°C","100.000","%a.s.","22.210","deg","20.000","°C","971.000","hPa","0.826","-0.01532","0.000401","-0.00012","0","11.08","Humid","26.60","0","20.10","230330.83","SABD0002000011","AAV2.0.0.13","2.1.0.383","PSt7-10","171027-000","6/27/2018 9:55:33 AM","0000-00","0","no battery","V"
"08/23/2019","12:56:15","1","default","104940808","OXY1","20.244","min","172.275","μmol/L","Humid","21.203","deg","91590","µV","31.165","°C","1022.000","hPa","36.0","pmil","0","55.680","deg","20.000","°C","100.000","%a.s.","22.210","deg","20.000","°C","971.000","hPa","0.826","-0.01532","0.000401","-0.00012","0","11.08","Humid","26.60","0","20.10","230338.80","SABD0002000011","AAV2.0.0.13","2.1.0.383","PSt7-10","171027-000","6/27/2018 9:55:33 AM","0000-00","0","no battery","V"
"08/23/2019","12:56:16","1","default","104940808","OXY1","20.260","min","172.306","μmol/L","Humid","21.201","deg","91586","µV","31.165","°C","1022.000","hPa","36.0","pmil","0","55.680","deg","20.000","°C","100.000","%a.s.","22.210","deg","20.000","°C","971.000","hPa","0.826","-0.01532","0.000401","-0.00012","0","11.08","Humid","26.60","0","20.10","230342.08","SABD0002000011","AAV2.0.0.13","2.1.0.383","PSt7-10","171027-000","6/27/2018 9:55:33 AM","0000-00","0","no battery","V"
"08/23/2019","12:56:17","1","default","104940808","OXY1","20.277","min","172.351","μmol/L","Humid","21.198","deg","91577","µV","31.165","°C","1022.000","hPa","36.0","pmil","0","55.680","deg","20.000","°C","100.000","%a.s.","22.210","deg","20.000","°C","971.000","hPa","0.826","-0.01532","0.000401","-0.00012","0","11.08","Humid","26.60","0","20.10","230330.92","SABD0002000011","AAV2.0.0.13","2.1.0.383","PSt7-10","171027-000","6/27/2018 9:55:33 AM","0000-00","0","no battery","V"
"08/23/2019","12:56:18","1","default","104940808","OXY1","20.294","min","172.385","μmol/L","Humid","21.198","deg","91582","µV","31.159","°C","1022.000","hPa","36.0","pmil","0","55.680","deg","20.000","°C","100.000","%a.s.","22.210","deg","20.000","°C","971.000","hPa","0.826","-0.01532","0.000401","-0.00012","0","11.08","Humid","26.60","0","20.10","230340.24","SABD0002000011","AAV2.0.0.13","2.1.0.383","PSt7-10","171027-000","6/27/2018 9:55:33 AM","0000-00","0","no battery","V"
"08/23/2019","12:56:19","1","default","104940808","OXY1","20.310","min","172.252","μmol/L","Humid","21.204","deg","91579","µV","31.165","°C","1021.000","hPa","36.0","pmil","0","55.680","deg","20.000","°C","100.000","%a.s.","22.210","deg","20.000","°C","971.000","hPa","0.826","-0.01532","0.000401","-0.00012","0","11.08","Humid","26.60","0","20.10","230330.18","SABD0002000011","AAV2.0.0.13","2.1.0.383","PSt7-10","171027-000","6/27/2018 9:55:33 AM","0000-00","0","no battery","V"
"08/23/2019","12:56:20","1","default","104940808","OXY1","20.327","min","172.282","μmol/L","Humid","21.202","deg","91567","µV","31.165","°C","1021.000","hPa","36.0","pmil","0","55.680","deg","20.000","°C","100.000","%a.s.","22.210","deg","20.000","°C","971.000","hPa","0.826","-0.01532","0.000401","-0.00012","0","11.08","Humid","26.60","0","20.10","230315.96","SABD0002000011","AAV2.0.0.13","2.1.0.383","PSt7-10","171027-000","6/27/2018 9:55:33 AM","0000-00","0","no battery","V"
"08/23/2019","12:56:21","1","default","104940808","OXY1","20.343","min","172.290","μmol/L","Humid","21.202","deg","91576","µV","31.165","°C","1022.000","hPa","36.0","pmil","0","55.680","deg","20.000","°C","100.000","%a.s.","22.210","deg","20.000","°C","971.000","hPa","0.826","-0.01532","0.000401","-0.00012","0","11.08","Humid","26.60","0","20.10","230329.35","SABD0002000011","AAV2.0.0.13","2.1.0.383","PSt7-10","171027-000","6/27/2018 9:55:33 AM","0000-00","0","no battery","V"
"08/23/2019","12:56:22","1","default","104940808","OXY1","20.360","min","172.275","μmol/L","Humid","21.203","deg","91577","µV","31.165","°C","1022.000","hPa","36.0","pmil","0","55.680","deg","20.000","°C","100.000","%a.s.","22.210","deg","20.000","°C","971.000","hPa","0.826","-0.01532","0.000401","-0.00012","0","11.08","Humid","26.60","0","20.10","230320.21","SABD0002000011","AAV2.0.0.13","2.1.0.383","PSt7-10","171027-000","6/27/2018 9:55:33 AM","0000-00","0","no battery","V"
"08/23/2019","12:56:23","1","default","104940808","OXY1","20.377","min","172.275","μmol/L","Humid","21.203","deg","91579","µV","31.165","°C","1022.000","hPa","36.0","pmil","0","55.680","deg","20.000","°C","100.000","%a.s.","22.210","deg","20.000","°C","971.000","hPa","0.826","-0.01532","0.000401","-0.00012","0","11.08","Humid","26.60","0","20.10","230314.82","SABD0002000011","AAV2.0.0.13","2.1.0.383","PSt7-10","171027-000","6/27/2018 9:55:33 AM","0000-00","0","no battery","V"
"08/23/2019","12:56:24","1","default","104940808","OXY1","20.394","min","172.260","μmol/L","Humid","21.204","deg","91587","µV","31.165","°C","1022.000","hPa","36.0","pmil","0","55.680","deg","20.000","°C","100.000","%a.s.","22.210","deg","20.000","°C","971.000","hPa","0.826","-0.01532","0.000401","-0.00012","0","11.08","Humid","26.60","0","20.10","230331.57","SABD0002000011","AAV2.0.0.13","2.1.0.383","PSt7-10","171027-000","6/27/2018 9:55:33 AM","0000-00","0","no battery","V"
"08/23/2019","12:56:25","1","default","104940808","OXY1","20.410","min","172.267","μmol/L","Humid","21.203","deg","91580","µV","31.165","°C","1021.000","hPa","36.0","pmil","0","55.680","deg","20.000","°C","100.000","%a.s.","22.210","deg","20.000","°C","971.000","hPa","0.826","-0.01532","0.000401","-0.00012","0","11.08","Humid","26.60","0","20.10","230334.77","SABD0002000011","AAV2.0.0.13","2.1.0.383","PSt7-10","171027-000","6/27/2018 9:55:33 AM","0000-00","0","no battery","V"
"08/23/2019","12:56:26","1","default","104940808","OXY1","20.427","min","172.237","μmol/L","Humid","21.205","deg","91573","µV","31.165","°C","1021.000","hPa","36.0","pmil","0","55.680","deg","20.000","°C","100.000","%a.s.","22.210","deg","20.000","°C","971.000","hPa","0.826","-0.01532","0.000401","-0.00012","0","11.08","Humid","26.60","0","20.10","230334.03","SABD0002000011","AAV2.0.0.13","2.1.0.383","PSt7-10","171027-000","6/27/2018 9:55:33 AM","0000-00","0","no battery","V"
"08/23/2019","12:56:27","1","default","104940808","OXY1","20.444","min","172.324","μmol/L","Humid","21.202","deg","91579","µV","31.159","°C","1022.000","hPa","36.0","pmil","0","55.680","deg","20.000","°C","100.000","%a.s.","22.210","deg","20.000","°C","971.000","hPa","0.826","-0.01532","0.000401","-0.00012","0","11.08","Humid","26.60","0","20.10","230323.14","SABD0002000011","AAV2.0.0.13","2.1.0.383","PSt7-10","171027-000","6/27/2018 9:55:33 AM","0000-00","0","no battery","V"
"08/23/2019","12:56:28","1","default","104940808","OXY1","20.461","min","172.241","μmol/L","Humid","21.203","deg","91578","µV","31.171","°C","1022.000","hPa","36.0","pmil","0","55.680","deg","20.000","°C","100.000","%a.s.","22.210","deg","20.000","°C","971.000","hPa","0.826","-0.01532","0.000401","-0.00012","0","11.08","Humid","26.60","0","20.10","230319.65","SABD0002000011","AAV2.0.0.13","2.1.0.383","PSt7-10","171027-000","6/27/2018 9:55:33 AM","0000-00","0","no battery","V"
"08/23/2019","12:56:29","1","default","104940808","OXY1","20.477","min","172.233","μmol/L","Humid","21.208","deg","91580","µV","31.159","°C","1022.000","hPa","36.0","pmil","0","55.680","deg","20.000","°C","100.000","%a.s.","22.210","deg","20.000","°C","971.000","hPa","0.826","-0.01532","0.000401","-0.00012","0","11.08","Humid","26.60","0","20.10","230318.01","SABD0002000011","AAV2.0.0.13","2.1.0.383","PSt7-10","171027-000","6/27/2018 9:55:33 AM","0000-00","0","no battery","V"
"08/23/2019","12:56:30","1","default","104940808","OXY1","20.493","min","172.241","μmol/L","Humid","21.203","deg","91582","µV","31.171","°C","1022.000","hPa","36.0","pmil","0","55.680","deg","20.000","°C","100.000","%a.s.","22.210","deg","20.000","°C","971.000","hPa","0.826","-0.01532","0.000401","-0.00012","0","11.08","Humid","26.60","0","20.10","230313.12","SABD0002000011","AAV2.0.0.13","2.1.0.383","PSt7-10","171027-000","6/27/2018 9:55:33 AM","0000-00","0","no battery","V"
"08/23/2019","12:56:31","1","default","104940808","OXY1","20.510","min","172.298","μmol/L","Humid","21.201","deg","91582","µV","31.165","°C","1021.000","hPa","36.0","pmil","0","55.680","deg","20.000","°C","100.000","%a.s.","22.210","deg","20.000","°C","971.000","hPa","0.826","-0.01532","0.000401","-0.00012","0","11.08","Humid","26.60","0","20.10","230317.34","SABD0002000011","AAV2.0.0.13","2.1.0.383","PSt7-10","171027-000","6/27/2018 9:55:33 AM","0000-00","0","no battery","V"
"08/23/2019","12:56:32","1","default","104940808","OXY1","20.527","min","172.240","μmol/L","Humid","21.207","deg","91577","µV","31.159","°C","1021.000","hPa","36.0","pmil","0","55.680","deg","20.000","°C","100.000","%a.s.","22.210","deg","20.000","°C","971.000","hPa","0.826","-0.01532","0.000401","-0.00012","0","11.08","Humid","26.60","0","20.10","230315.04","SABD0002000011","AAV2.0.0.13","2.1.0.383","PSt7-10","171027-000","6/27/2018 9:55:33 AM","0000-00","0","no battery","V"
"08/23/2019","12:56:33","1","default","104940808","OXY1","20.543","min","172.301","μmol/L","Humid","21.203","deg","91578","µV","31.159","°C","1021.000","hPa","36.0","pmil","0","55.680","deg","20.000","°C","100.000","%a.s.","22.210","deg","20.000","°C","971.000","hPa","0.826","-0.01532","0.000401","-0.00012","0","11.08","Humid","26.60","0","20.10","230314.68","SABD0002000011","AAV2.0.0.13","2.1.0.383","PSt7-10","171027-000","6/27/2018 9:55:33 AM","0000-00","0","no battery","V"
"08/23/2019","12:56:34","1","default","104940808","OXY1","20.560","min","172.255","μmol/L","Humid","21.206","deg","91582","µV","31.159","°C","1021.000","hPa","36.0","pmil","0","55.680","deg","20.000","°C","100.000","%a.s.","22.210","deg","20.000","°C","971.000","hPa","0.826","-0.01532","0.000401","-0.00012","0","11.08","Humid","26.60","0","20.10","230317.40","SABD0002000011","AAV2.0.0.13","2.1.0.383","PSt7-10","171027-000","6/27/2018 9:55:33 AM","0000-00","0","no battery","V"
"08/23/2019","12:56:35","1","default","104940808","OXY1","20.577","min","172.286","μmol/L","Humid","21.204","deg","91585","µV","31.159","°C","1021.000","hPa","36.0","pmil","0","55.680","deg","20.000","°C","100.000","%a.s.","22.210","deg","20.000","°C","971.000","hPa","0.826","-0.01532","0.000401","-0.00012","0","11.08","Humid","26.60","0","20.10","230314.71","SABD0002000011","AAV2.0.0.13","2.1.0.383","PSt7-10","171027-000","6/27/2018 9:55:33 AM","0000-00","0","no battery","V"
"08/23/2019","12:56:36","1","default","104940808","OXY1","20.593","min","172.176","μmol/L","Humid","21.209","deg","91586","µV","31.165","°C","1021.000","hPa","36.0","pmil","0","55.680","deg","20.000","°C","100.000","%a.s.","22.210","deg","20.000","°C","971.000","hPa","0.826","-0.01532","0.000401","-0.00012","0","11.08","Humid","26.60","0","20.10","230326.86","SABD0002000011","AAV2.0.0.13","2.1.0.383","PSt7-10","171027-000","6/27/2018 9:55:33 AM","0000-00","0","no battery","V"
"08/23/2019","12:56:37","1","default","104940808","OXY1","20.610","min","172.176","μmol/L","Humid","21.209","deg","91584","µV","31.165","°C","1021.000","hPa","36.0","pmil","0","55.680","deg","20.000","°C","100.000","%a.s.","22.210","deg","20.000","°C","971.000","hPa","0.826","-0.01532","0.000401","-0.00012","0","11.08","Humid","26.60","0","20.10","230310.46","SABD0002000011","AAV2.0.0.13","2.1.0.383","PSt7-10","171027-000","6/27/2018 9:55:33 AM","0000-00","0","no battery","V"
"08/23/2019","12:56:38","1","default","104940808","OXY1","20.627","min","172.263","μmol/L","Humid","21.206","deg","91586","µV","31.159","°C","1022.000","hPa","36.0","pmil","0","55.680","deg","20.000","°C","100.000","%a.s.","22.210","deg","20.000","°C","971.000","hPa","0.826","-0.01532","0.000401","-0.00012","0","11.08","Humid","26.60","0","20.10","230317.59","SABD0002000011","AAV2.0.0.13","2.1.0.383","PSt7-10","171027-000","6/27/2018 9:55:33 AM","0000-00","0","no battery","V"
"08/23/2019","12:56:39","1","default","104940808","OXY1","20.644","min","172.297","μmol/L","Humid","21.206","deg","91588","µV","31.153","°C","1022.000","hPa","36.0","pmil","0","55.680","deg","20.000","°C","100.000","%a.s.","22.210","deg","20.000","°C","971.000","hPa","0.826","-0.01532","0.000401","-0.00012","0","11.08","Humid","26.60","0","20.10","230321.63","SABD0002000011","AAV2.0.0.13","2.1.0.383","PSt7-10","171027-000","6/27/2018 9:55:33 AM","0000-00","0","no battery","V"
"08/23/2019","12:56:40","1","default","104940808","OXY1","20.660","min","172.228","μmol/L","Humid","21.210","deg","91599","µV","31.153","°C","1021.000","hPa","36.0","pmil","0","55.680","deg","20.000","°C","100.000","%a.s.","22.210","deg","20.000","°C","971.000","hPa","0.826","-0.01532","0.000401","-0.00012","0","11.08","Humid","26.60","0","20.10","230311.23","SABD0002000011","AAV2.0.0.13","2.1.0.383","PSt7-10","171027-000","6/27/2018 9:55:33 AM","0000-00","0","no battery","V"
"08/23/2019","12:56:41","1","default","104940808","OXY1","20.677","min","172.255","μmol/L","Humid","21.206","deg","91593","µV","31.159","°C","1021.000","hPa","36.0","pmil","0","55.680","deg","20.000","°C","100.000","%a.s.","22.210","deg","20.000","°C","971.000","hPa","0.826","-0.01532","0.000401","-0.00012","0","11.08","Humid","26.60","0","20.10","230318.27","SABD0002000011","AAV2.0.0.13","2.1.0.383","PSt7-10","171027-000","6/27/2018 9:55:33 AM","0000-00","0","no battery","V"
"08/23/2019","12:56:42","1","default","104940808","OXY1","20.693","min","172.194","μmol/L","Humid","21.210","deg","91586","µV","31.159","°C","1021.000","hPa","36.0","pmil","0","55.680","deg","20.000","°C","100.000","%a.s.","22.210","deg","20.000","°C","971.000","hPa","0.826","-0.01532","0.000401","-0.00012","0","11.08","Humid","26.60","0","20.10","230314.93","SABD0002000011","AAV2.0.0.13","2.1.0.383","PSt7-10","171027-000","6/27/2018 9:55:33 AM","0000-00","0","no battery","V"
"08/23/2019","12:56:43","1","default","104940808","OXY1","20.710","min","172.209","μmol/L","Humid","21.209","deg","91590","µV","31.159","°C","1021.000","hPa","36.0","pmil","0","55.680","deg","20.000","°C","100.000","%a.s.","22.210","deg","20.000","°C","971.000","hPa","0.826","-0.01532","0.000401","-0.00012","0","11.08","Humid","26.60","0","20.10","230322.81","SABD0002000011","AAV2.0.0.13","2.1.0.383","PSt7-10","171027-000","6/27/2018 9:55:33 AM","0000-00","0","no battery","V"
"08/23/2019","12:56:44","1","default","104940808","OXY1","20.727","min","172.203","μmol/L","Humid","21.205","deg","91593","µV","31.171","°C","1021.000","hPa","36.0","pmil","0","55.680","deg","20.000","°C","100.000","%a.s.","22.210","deg","20.000","°C","971.000","hPa","0.826","-0.01532","0.000401","-0.00012","0","11.08","Humid","26.60","0","20.10","230305.90","SABD0002000011","AAV2.0.0.13","2.1.0.383","PSt7-10","171027-000","6/27/2018 9:55:33 AM","0000-00","0","no battery","V"
"08/23/2019","12:56:45","1","default","104940808","OXY1","20.744","min","172.199","μmol/L","Humid","21.208","deg","91591","µV","31.165","°C","1022.000","hPa","36.0","pmil","0","55.680","deg","20.000","°C","100.000","%a.s.","22.210","deg","20.000","°C","971.000","hPa","0.826","-0.01532","0.000401","-0.00012","0","11.08","Humid","26.60","0","20.10","230313.80","SABD0002000011","AAV2.0.0.13","2.1.0.383","PSt7-10","171027-000","6/27/2018 9:55:33 AM","0000-00","0","no battery","V"
"08/23/2019","12:56:46","1","default","104940808","OXY1","20.760","min","172.252","μmol/L","Humid","21.204","deg","91590","µV","31.165","°C","1021.000","hPa","36.0","pmil","0","55.680","deg","20.000","°C","100.000","%a.s.","22.210","deg","20.000","°C","971.000","hPa","0.826","-0.01532","0.000401","-0.00012","0","11.08","Humid","26.60","0","20.10","230297.83","SABD0002000011","AAV2.0.0.13","2.1.0.383","PSt7-10","171027-000","6/27/2018 9:55:33 AM","0000-00","0","no battery","V"
"08/23/2019","12:56:47","1","default","104940808","OXY1","20.777","min","172.225","μmol/L","Humid","21.208","deg","91592","µV","31.159","°C","1021.000","hPa","36.0","pmil","0","55.680","deg","20.000","°C","100.000","%a.s.","22.210","deg","20.000","°C","971.000","hPa","0.826","-0.01532","0.000401","-0.00012","0","11.08","Humid","26.60","0","20.10","230321.59","SABD0002000011","AAV2.0.0.13","2.1.0.383","PSt7-10","171027-000","6/27/2018 9:55:33 AM","0000-00","0","no battery","V"
"08/23/2019","12:56:48","1","default","104940808","OXY1","20.794","min","172.165","μmol/L","Humid","21.208","deg","91592","µV","31.171","°C","1022.000","hPa","36.0","pmil","0","55.680","deg","20.000","°C","100.000","%a.s.","22.210","deg","20.000","°C","971.000","hPa","0.826","-0.01532","0.000401","-0.00012","0","11.08","Humid","26.60","0","20.10","230314.38","SABD0002000011","AAV2.0.0.13","2.1.0.383","PSt7-10","171027-000","6/27/2018 9:55:33 AM","0000-00","0","no battery","V"
"08/23/2019","12:56:49","1","default","104940808","OXY1","20.810","min","172.275","μmol/L","Humid","21.203","deg","91586","µV","31.165","°C","1022.000","hPa","36.0","pmil","0","55.680","deg","20.000","°C","100.000","%a.s.","22.210","deg","20.000","°C","971.000","hPa","0.826","-0.01532","0.000401","-0.00012","0","11.08","Humid","26.60","0","20.10","230318.41","SABD0002000011","AAV2.0.0.13","2.1.0.383","PSt7-10","171027-000","6/27/2018 9:55:33 AM","0000-00","0","no battery","V"
"08/23/2019","12:56:50","1","default","104940808","OXY1","20.827","min","172.142","μmol/L","Humid","21.209","deg","91585","µV","31.171","°C","1021.000","hPa","36.0","pmil","0","55.680","deg","20.000","°C","100.000","%a.s.","22.210","deg","20.000","°C","971.000","hPa","0.826","-0.01532","0.000401","-0.00012","0","11.08","Humid","26.60","0","20.10","230305.53","SABD0002000011","AAV2.0.0.13","2.1.0.383","PSt7-10","171027-000","6/27/2018 9:55:33 AM","0000-00","0","no battery","V"
"08/23/2019","12:56:51","1","default","104940808","OXY1","20.844","min","172.233","μmol/L","Humid","21.203","deg","91589","µV","31.171","°C","1021.000","hPa","36.0","pmil","0","55.680","deg","20.000","°C","100.000","%a.s.","22.210","deg","20.000","°C","971.000","hPa","0.826","-0.01532","0.000401","-0.00012","0","11.08","Humid","26.60","0","20.10","230309.92","SABD0002000011","AAV2.0.0.13","2.1.0.383","PSt7-10","171027-000","6/27/2018 9:55:33 AM","0000-00","0","no battery","V"
"08/23/2019","12:56:52","1","default","104940808","OXY1","20.861","min","172.237","μmol/L","Humid","21.205","deg","91588","µV","31.165","°C","1021.000","hPa","36.0","pmil","0","55.680","deg","20.000","°C","100.000","%a.s.","22.210","deg","20.000","°C","971.000","hPa","0.826","-0.01532","0.000401","-0.00012","0","11.08","Humid","26.60","0","20.10","230302.63","SABD0002000011","AAV2.0.0.13","2.1.0.383","PSt7-10","171027-000","6/27/2018 9:55:33 AM","0000-00","0","no battery","V"
"08/23/2019","12:56:53","1","default","104940808","OXY1","20.877","min","172.188","μmol/L","Humid","21.206","deg","91592","µV","31.171","°C","1021.000","hPa","36.0","pmil","0","55.680","deg","20.000","°C","100.000","%a.s.","22.210","deg","20.000","°C","971.000","hPa","0.826","-0.01532","0.000401","-0.00012","0","11.08","Humid","26.60","0","20.10","230307.71","SABD0002000011","AAV2.0.0.13","2.1.0.383","PSt7-10","171027-000","6/27/2018 9:55:33 AM","0000-00","0","no battery","V"
"08/23/2019","12:56:54","1","default","104940808","OXY1","20.894","min","172.119","μmol/L","Humid","21.211","deg","91599","µV","31.171","°C","1022.000","hPa","36.0","pmil","0","55.680","deg","20.000","°C","100.000","%a.s.","22.210","deg","20.000","°C","971.000","hPa","0.826","-0.01532","0.000401","-0.00012","0","11.08","Humid","26.60","0","20.10","230304.09","SABD0002000011","AAV2.0.0.13","2.1.0.383","PSt7-10","171027-000","6/27/2018 9:55:33 AM","0000-00","0","no battery","V"
"08/23/2019","12:56:55","1","default","104940808","OXY1","20.910","min","172.157","μmol/L","Humid","21.208","deg","91588","µV","31.171","°C","1021.000","hPa","36.0","pmil","0","55.680","deg","20.000","°C","100.000","%a.s.","22.210","deg","20.000","°C","971.000","hPa","0.826","-0.01532","0.000401","-0.00012","0","11.08","Humid","26.60","0","20.10","230297.99","SABD0002000011","AAV2.0.0.13","2.1.0.383","PSt7-10","171027-000","6/27/2018 9:55:33 AM","0000-00","0","no battery","V"
"08/23/2019","12:56:56","1","default","104940808","OXY1","20.927","min","172.176","μmol/L","Humid","21.209","deg","91595","µV","31.165","°C","1021.000","hPa","36.0","pmil","0","55.680","deg","20.000","°C","100.000","%a.s.","22.210","deg","20.000","°C","971.000","hPa","0.826","-0.01532","0.000401","-0.00012","0","11.08","Humid","26.60","0","20.10","230299.70","SABD0002000011","AAV2.0.0.13","2.1.0.383","PSt7-10","171027-000","6/27/2018 9:55:33 AM","0000-00","0","no battery","V"
"08/23/2019","12:56:57","1","default","104940808","OXY1","20.943","min","172.191","μmol/L","Humid","21.208","deg","91590","µV","31.165","°C","1021.000","hPa","36.0","pmil","0","55.680","deg","20.000","°C","100.000","%a.s.","22.210","deg","20.000","°C","971.000","hPa","0.826","-0.01532","0.000401","-0.00012","0","11.08","Humid","26.60","0","20.10","230305.26","SABD0002000011","AAV2.0.0.13","2.1.0.383","PSt7-10","171027-000","6/27/2018 9:55:33 AM","0000-00","0","no battery","V"
"08/23/2019","12:56:58","1","default","104940808","OXY1","20.960","min","172.176","μmol/L","Humid","21.209","deg","91582","µV","31.165","°C","1021.000","hPa","36.0","pmil","0","55.680","deg","20.000","°C","100.000","%a.s.","22.210","deg","20.000","°C","971.000","hPa","0.826","-0.01532","0.000401","-0.00012","0","11.08","Humid","26.60","0","20.10","230301.40","SABD0002000011","AAV2.0.0.13","2.1.0.383","PSt7-10","171027-000","6/27/2018 9:55:33 AM","0000-00","0","no battery","V"
"08/23/2019","12:56:59","1","default","104940808","OXY1","20.977","min","172.168","μmol/L","Humid","21.210","deg","91580","µV","31.165","°C","1022.000","hPa","36.0","pmil","0","55.680","deg","20.000","°C","100.000","%a.s.","22.210","deg","20.000","°C","971.000","hPa","0.826","-0.01532","0.000401","-0.00012","0","11.08","Humid","26.60","0","20.10","230297.19","SABD0002000011","AAV2.0.0.13","2.1.0.383","PSt7-10","171027-000","6/27/2018 9:55:33 AM","0000-00","0","no battery","V"
"08/23/2019","12:57:00","1","default","104940808","OXY1","20.994","min","172.313","μmol/L","Humid","21.200","deg","91576","µV","31.165","°C","1021.000","hPa","36.0","pmil","0","55.680","deg","20.000","°C","100.000","%a.s.","22.210","deg","20.000","°C","971.000","hPa","0.826","-0.01532","0.000401","-0.00012","0","11.08","Humid","26.60","0","20.10","230301.03","SABD0002000011","AAV2.0.0.13","2.1.0.383","PSt7-10","171027-000","6/27/2018 9:55:33 AM","0000-00","0","no battery","V"
"08/23/2019","12:57:01","1","default","104940808","OXY1","21.010","min","172.176","μmol/L","Humid","21.209","deg","91572","µV","31.165","°C","1021.000","hPa","36.0","pmil","0","55.680","deg","20.000","°C","100.000","%a.s.","22.210","deg","20.000","°C","971.000","hPa","0.826","-0.01532","0.000401","-0.00012","0","11.08","Humid","26.60","0","20.10","230300.25","SABD0002000011","AAV2.0.0.13","2.1.0.383","PSt7-10","171027-000","6/27/2018 9:55:33 AM","0000-00","0","no battery","V"
"08/23/2019","12:57:02","1","default","104940808","OXY1","21.027","min","172.225","μmol/L","Humid","21.208","deg","91572","µV","31.159","°C","1021.000","hPa","36.0","pmil","0","55.680","deg","20.000","°C","100.000","%a.s.","22.210","deg","20.000","°C","971.000","hPa","0.826","-0.01532","0.000401","-0.00012","0","11.08","Humid","26.60","0","20.10","230299.10","SABD0002000011","AAV2.0.0.13","2.1.0.383","PSt7-10","171027-000","6/27/2018 9:55:33 AM","0000-00","0","no battery","V"
"08/23/2019","12:57:03","1","default","104940808","OXY1","21.044","min","172.267","μmol/L","Humid","21.203","deg","91573","µV","31.165","°C","1021.000","hPa","36.0","pmil","0","55.680","deg","20.000","°C","100.000","%a.s.","22.210","deg","20.000","°C","971.000","hPa","0.826","-0.01532","0.000401","-0.00012","0","11.08","Humid","26.60","0","20.10","230306.17","SABD0002000011","AAV2.0.0.13","2.1.0.383","PSt7-10","171027-000","6/27/2018 9:55:33 AM","0000-00","0","no battery","V"
"08/23/2019","12:57:04","1","default","104940808","OXY1","21.061","min","172.267","μmol/L","Humid","21.203","deg","91572","µV","31.165","°C","1021.000","hPa","36.0","pmil","0","55.680","deg","20.000","°C","100.000","%a.s.","22.210","deg","20.000","°C","971.000","hPa","0.826","-0.01532","0.000401","-0.00012","0","11.08","Humid","26.60","0","20.10","230310.69","SABD0002000011","AAV2.0.0.13","2.1.0.383","PSt7-10","171027-000","6/27/2018 9:55:33 AM","0000-00","0","no battery","V"
"08/23/2019","12:57:05","1","default","104940808","OXY1","21.077","min","172.264","μmol/L","Humid","21.201","deg","91574","µV","31.171","°C","1021.000","hPa","36.0","pmil","0","55.680","deg","20.000","°C","100.000","%a.s.","22.210","deg","20.000","°C","971.000","hPa","0.826","-0.01532","0.000401","-0.00012","0","11.08","Humid","26.60","0","20.10","230283.69","SABD0002000011","AAV2.0.0.13","2.1.0.383","PSt7-10","171027-000","6/27/2018 9:55:33 AM","0000-00","0","no battery","V"
"08/23/2019","12:57:06","1","default","104940808","OXY1","21.093","min","172.275","μmol/L","Humid","21.203","deg","91575","µV","31.165","°C","1022.000","hPa","36.0","pmil","0","55.680","deg","20.000","°C","100.000","%a.s.","22.210","deg","20.000","°C","971.000","hPa","0.826","-0.01532","0.000401","-0.00012","0","11.08","Humid","26.60","0","20.10","230285.32","SABD0002000011","AAV2.0.0.13","2.1.0.383","PSt7-10","171027-000","6/27/2018 9:55:33 AM","0000-00","0","no battery","V"
"08/23/2019","12:57:07","1","default","104940808","OXY1","21.110","min","172.252","μmol/L","Humid","21.204","deg","91574","µV","31.165","°C","1021.000","hPa","36.0","pmil","0","55.680","deg","20.000","°C","100.000","%a.s.","22.210","deg","20.000","°C","971.000","hPa","0.826","-0.01532","0.000401","-0.00012","0","11.08","Humid","26.60","0","20.10","230293.88","SABD0002000011","AAV2.0.0.13","2.1.0.383","PSt7-10","171027-000","6/27/2018 9:55:33 AM","0000-00","0","no battery","V"
"08/23/2019","12:57:08","1","default","104940808","OXY1","21.127","min","172.199","μmol/L","Humid","21.208","deg","91575","µV","31.165","°C","1022.000","hPa","36.0","pmil","0","55.680","deg","20.000","°C","100.000","%a.s.","22.210","deg","20.000","°C","971.000","hPa","0.826","-0.01532","0.000401","-0.00012","0","11.08","Humid","26.60","0","20.10","230296.15","SABD0002000011","AAV2.0.0.13","2.1.0.383","PSt7-10","171027-000","6/27/2018 9:55:33 AM","0000-00","0","no battery","V"
"08/23/2019","12:57:09","1","default","104940808","OXY1","21.144","min","172.221","μmol/L","Humid","21.206","deg","91573","µV","31.165","°C","1021.000","hPa","36.0","pmil","0","55.680","deg","20.000","°C","100.000","%a.s.","22.210","deg","20.000","°C","971.000","hPa","0.826","-0.01532","0.000401","-0.00012","0","11.08","Humid","26.60","0","20.10","230293.78","SABD0002000011","AAV2.0.0.13","2.1.0.383","PSt7-10","171027-000","6/27/2018 9:55:33 AM","0000-00","0","no battery","V"
"08/23/2019","12:57:10","1","default","104940808","OXY1","21.160","min","172.206","μmol/L","Humid","21.207","deg","91575","µV","31.165","°C","1021.000","hPa","36.0","pmil","0","55.680","deg","20.000","°C","100.000","%a.s.","22.210","deg","20.000","°C","971.000","hPa","0.826","-0.01532","0.000401","-0.00012","0","11.08","Humid","26.60","0","20.10","230289.95","SABD0002000011","AAV2.0.0.13","2.1.0.383","PSt7-10","171027-000","6/27/2018 9:55:33 AM","0000-00","0","no battery","V"
"08/23/2019","12:57:11","1","default","104940808","OXY1","21.177","min","172.195","μmol/L","Humid","21.206","deg","91577","µV","31.171","°C","1022.000","hPa","36.0","pmil","0","55.680","deg","20.000","°C","100.000","%a.s.","22.210","deg","20.000","°C","971.000","hPa","0.826","-0.01532","0.000401","-0.00012","0","11.08","Humid","26.60","0","20.10","230290.90","SABD0002000011","AAV2.0.0.13","2.1.0.383","PSt7-10","171027-000","6/27/2018 9:55:33 AM","0000-00","0","no battery","V"
"08/23/2019","12:57:12","1","default","104940808","OXY1","21.194","min","172.172","μmol/L","Humid","21.207","deg","91578","µV","31.171","°C","1021.000","hPa","36.0","pmil","0","55.680","deg","20.000","°C","100.000","%a.s.","22.210","deg","20.000","°C","971.000","hPa","0.826","-0.01532","0.000401","-0.00012","0","11.08","Humid","26.60","0","20.10","230285.47","SABD0002000011","AAV2.0.0.13","2.1.0.383","PSt7-10","171027-000","6/27/2018 9:55:33 AM","0000-00","0","no battery","V"
"08/23/2019","12:57:13","1","default","104940808","OXY1","21.211","min","172.172","μmol/L","Humid","21.207","deg","91582","µV","31.171","°C","1021.000","hPa","36.0","pmil","0","55.680","deg","20.000","°C","100.000","%a.s.","22.210","deg","20.000","°C","971.000","hPa","0.826","-0.01532","0.000401","-0.00012","0","11.08","Humid","26.60","0","20.10","230300.66","SABD0002000011","AAV2.0.0.13","2.1.0.383","PSt7-10","171027-000","6/27/2018 9:55:33 AM","0000-00","0","no battery","V"
"08/23/2019","12:57:14","1","default","104940808","OXY1","21.227","min","172.183","μmol/L","Humid","21.209","deg","91569","µV","31.165","°C","1022.000","hPa","36.0","pmil","0","55.680","deg","20.000","°C","100.000","%a.s.","22.210","deg","20.000","°C","971.000","hPa","0.826","-0.01532","0.000401","-0.00012","0","11.08","Humid","26.60","0","20.10","230295.54","SABD0002000011","AAV2.0.0.13","2.1.0.383","PSt7-10","171027-000","6/27/2018 9:55:33 AM","0000-00","0","no battery","V"
"08/23/2019","12:57:15","1","default","104940808","OXY1","21.244","min","172.180","μmol/L","Humid","21.207","deg","91578","µV","31.171","°C","1022.000","hPa","36.0","pmil","0","55.680","deg","20.000","°C","100.000","%a.s.","22.210","deg","20.000","°C","971.000","hPa","0.826","-0.01532","0.000401","-0.00012","0","11.08","Humid","26.60","0","20.10","230285.97","SABD0002000011","AAV2.0.0.13","2.1.0.383","PSt7-10","171027-000","6/27/2018 9:55:33 AM","0000-00","0","no battery","V"
"08/23/2019","12:57:16","1","default","104940808","OXY1","21.260","min","172.252","μmol/L","Humid","21.204","deg","91578","µV","31.165","°C","1021.000","hPa","36.0","pmil","0","55.680","deg","20.000","°C","100.000","%a.s.","22.210","deg","20.000","°C","971.000","hPa","0.826","-0.01532","0.000401","-0.00012","0","11.08","Humid","26.60","0","20.10","230284.92","SABD0002000011","AAV2.0.0.13","2.1.0.383","PSt7-10","171027-000","6/27/2018 9:55:33 AM","0000-00","0","no battery","V"
"08/23/2019","12:57:17","1","default","104940808","OXY1","21.277","min","172.206","μmol/L","Humid","21.207","deg","91579","µV","31.165","°C","1021.000","hPa","36.0","pmil","0","55.680","deg","20.000","°C","100.000","%a.s.","22.210","deg","20.000","°C","971.000","hPa","0.826","-0.01532","0.000401","-0.00012","0","11.08","Humid","26.60","0","20.10","230283.69","SABD0002000011","AAV2.0.0.13","2.1.0.383","PSt7-10","171027-000","6/27/2018 9:55:33 AM","0000-00","0","no battery","V"
"08/23/2019","12:57:18","1","default","104940808","OXY1","21.293","min","172.194","μmol/L","Humid","21.210","deg","91573","µV","31.159","°C","1021.000","hPa","36.0","pmil","0","55.680","deg","20.000","°C","100.000","%a.s.","22.210","deg","20.000","°C","971.000","hPa","0.826","-0.01532","0.000401","-0.00012","0","11.08","Humid","26.60","0","20.10","230285.04","SABD0002000011","AAV2.0.0.13","2.1.0.383","PSt7-10","171027-000","6/27/2018 9:55:33 AM","0000-00","0","no battery","V"
"08/23/2019","12:57:19","1","default","104940808","OXY1","21.310","min","172.225","μmol/L","Humid","21.208","deg","91574","µV","31.159","°C","1021.000","hPa","36.0","pmil","0","55.680","deg","20.000","°C","100.000","%a.s.","22.210","deg","20.000","°C","971.000","hPa","0.826","-0.01532","0.000401","-0.00012","0","11.08","Humid","26.60","0","20.10","230281.62","SABD0002000011","AAV2.0.0.13","2.1.0.383","PSt7-10","171027-000","6/27/2018 9:55:33 AM","0000-00","0","no battery","V"
"08/23/2019","12:57:20","1","default","104940808","OXY1","21.327","min","172.245","μmol/L","Humid","21.205","deg","91570","µV","31.165","°C","1022.000","hPa","36.0","pmil","0","55.680","deg","20.000","°C","100.000","%a.s.","22.210","deg","20.000","°C","971.000","hPa","0.826","-0.01532","0.000401","-0.00012","0","11.08","Humid","26.60","0","20.10","230280.67","SABD0002000011","AAV2.0.0.13","2.1.0.383","PSt7-10","171027-000","6/27/2018 9:55:33 AM","0000-00","0","no battery","V"
"08/23/2019","12:57:21","1","default","104940808","OXY1","21.344","min","172.211","μmol/L","Humid","21.205","deg","91571","µV","31.171","°C","1022.000","hPa","36.0","pmil","0","55.680","deg","20.000","°C","100.000","%a.s.","22.210","deg","20.000","°C","971.000","hPa","0.826","-0.01532","0.000401","-0.00012","0","11.08","Humid","26.60","0","20.10","230289.18","SABD0002000011","AAV2.0.0.13","2.1.0.383","PSt7-10","171027-000","6/27/2018 9:55:33 AM","0000-00","0","no battery","V"
"08/23/2019","12:57:22","1","default","104940808","OXY1","21.360","min","172.191","μmol/L","Humid","21.208","deg","91568","µV","31.165","°C","1021.000","hPa","36.0","pmil","0","55.680","deg","20.000","°C","100.000","%a.s.","22.210","deg","20.000","°C","971.000","hPa","0.826","-0.01532","0.000401","-0.00012","0","11.08","Humid","26.60","0","20.10","230277.37","SABD0002000011","AAV2.0.0.13","2.1.0.383","PSt7-10","171027-000","6/27/2018 9:55:33 AM","0000-00","0","no battery","V"
"08/23/2019","12:57:23","1","default","104940808","OXY1","21.377","min","172.203","μmol/L","Humid","21.205","deg","91581","µV","31.171","°C","1021.000","hPa","36.0","pmil","0","55.680","deg","20.000","°C","100.000","%a.s.","22.210","deg","20.000","°C","971.000","hPa","0.826","-0.01532","0.000401","-0.00012","0","11.08","Humid","26.60","0","20.10","230282.46","SABD0002000011","AAV2.0.0.13","2.1.0.383","PSt7-10","171027-000","6/27/2018 9:55:33 AM","0000-00","0","no battery","V"
"08/23/2019","12:57:24","1","default","104940808","OXY1","21.394","min","172.183","μmol/L","Humid","21.209","deg","91575","µV","31.165","°C","1022.000","hPa","36.0","pmil","0","55.680","deg","20.000","°C","100.000","%a.s.","22.210","deg","20.000","°C","971.000","hPa","0.826","-0.01532","0.000401","-0.00012","0","11.08","Humid","26.60","0","20.10","230279.37","SABD0002000011","AAV2.0.0.13","2.1.0.383","PSt7-10","171027-000","6/27/2018 9:55:33 AM","0000-00","0","no battery","V"
"08/23/2019","12:57:25","1","default","104940808","OXY1","21.411","min","172.142","μmol/L","Humid","21.209","deg","91579","µV","31.171","°C","1021.000","hPa","36.0","pmil","0","55.680","deg","20.000","°C","100.000","%a.s.","22.210","deg","20.000","°C","971.000","hPa","0.826","-0.01532","0.000401","-0.00012","0","11.08","Humid","26.60","0","20.10","230274.39","SABD0002000011","AAV2.0.0.13","2.1.0.383","PSt7-10","171027-000","6/27/2018 9:55:33 AM","0000-00","0","no battery","V"
"08/23/2019","12:57:26","1","default","104940808","OXY1","21.427","min","172.111","μmol/L","Humid","21.211","deg","91579","µV","31.171","°C","1021.000","hPa","36.0","pmil","0","55.680","deg","20.000","°C","100.000","%a.s.","22.210","deg","20.000","°C","971.000","hPa","0.826","-0.01532","0.000401","-0.00012","0","11.08","Humid","26.60","0","20.10","230276.44","SABD0002000011","AAV2.0.0.13","2.1.0.383","PSt7-10","171027-000","6/27/2018 9:55:33 AM","0000-00","0","no battery","V"
"08/23/2019","12:57:27","1","default","104940808","OXY1","21.444","min","172.157","μmol/L","Humid","21.208","deg","91587","µV","31.171","°C","1021.000","hPa","36.0","pmil","0","55.680","deg","20.000","°C","100.000","%a.s.","22.210","deg","20.000","°C","971.000","hPa","0.826","-0.01532","0.000401","-0.00012","0","11.08","Humid","26.60","0","20.10","230276.91","SABD0002000011","AAV2.0.0.13","2.1.0.383","PSt7-10","171027-000","6/27/2018 9:55:33 AM","0000-00","0","no battery","V"
"08/23/2019","12:57:28","1","default","104940808","OXY1","21.460","min","172.111","μmol/L","Humid","21.211","deg","91591","µV","31.171","°C","1021.000","hPa","36.0","pmil","0","55.680","deg","20.000","°C","100.000","%a.s.","22.210","deg","20.000","°C","971.000","hPa","0.826","-0.01532","0.000401","-0.00012","0","11.08","Humid","26.60","0","20.10","230278.91","SABD0002000011","AAV2.0.0.13","2.1.0.383","PSt7-10","171027-000","6/27/2018 9:55:33 AM","0000-00","0","no battery","V"
"08/23/2019","12:57:29","1","default","104940808","OXY1","21.477","min","172.122","μmol/L","Humid","21.213","deg","91582","µV","31.165","°C","1022.000","hPa","36.0","pmil","0","55.680","deg","20.000","°C","100.000","%a.s.","22.210","deg","20.000","°C","971.000","hPa","0.826","-0.01532","0.000401","-0.00012","0","11.08","Humid","26.60","0","20.10","230265.65","SABD0002000011","AAV2.0.0.13","2.1.0.383","PSt7-10","171027-000","6/27/2018 9:55:33 AM","0000-00","0","no battery","V"
"08/23/2019","12:57:30","1","default","104940808","OXY1","21.493","min","172.191","μmol/L","Humid","21.208","deg","91579","µV","31.165","°C","1021.000","hPa","36.0","pmil","0","55.680","deg","20.000","°C","100.000","%a.s.","22.210","deg","20.000","°C","971.000","hPa","0.826","-0.01532","0.000401","-0.00012","0","11.08","Humid","26.60","0","20.10","230273.58","SABD0002000011","AAV2.0.0.13","2.1.0.383","PSt7-10","171027-000","6/27/2018 9:55:33 AM","0000-00","0","no battery","V"
"08/23/2019","12:57:31","1","default","104940808","OXY1","21.510","min","172.165","μmol/L","Humid","21.208","deg","91588","µV","31.171","°C","1022.000","hPa","36.0","pmil","0","55.680","deg","20.000","°C","100.000","%a.s.","22.210","deg","20.000","°C","971.000","hPa","0.826","-0.01532","0.000401","-0.00012","0","11.08","Humid","26.60","0","20.10","230277.18","SABD0002000011","AAV2.0.0.13","2.1.0.383","PSt7-10","171027-000","6/27/2018 9:55:33 AM","0000-00","0","no battery","V"
"08/23/2019","12:57:32","1","default","104940808","OXY1","21.527","min","172.176","μmol/L","Humid","21.209","deg","91584","µV","31.165","°C","1021.000","hPa","36.0","pmil","0","55.680","deg","20.000","°C","100.000","%a.s.","22.210","deg","20.000","°C","971.000","hPa","0.826","-0.01532","0.000401","-0.00012","0","11.08","Humid","26.60","0","20.10","230271.27","SABD0002000011","AAV2.0.0.13","2.1.0.383","PSt7-10","171027-000","6/27/2018 9:55:33 AM","0000-00","0","no battery","V"
"08/23/2019","12:57:33","1","default","104940808","OXY1","21.544","min","172.206","μmol/L","Humid","21.207","deg","91589","µV","31.165","°C","1021.000","hPa","36.0","pmil","0","55.680","deg","20.000","°C","100.000","%a.s.","22.210","deg","20.000","°C","971.000","hPa","0.826","-0.01532","0.000401","-0.00012","0","11.08","Humid","26.60","0","20.10","230270.82","SABD0002000011","AAV2.0.0.13","2.1.0.383","PSt7-10","171027-000","6/27/2018 9:55:33 AM","0000-00","0","no battery","V"
"08/23/2019","12:57:34","1","default","104940808","OXY1","21.560","min","172.183","μmol/L","Humid","21.209","deg","91584","µV","31.165","°C","1022.000","hPa","36.0","pmil","0","55.680","deg","20.000","°C","100.000","%a.s.","22.210","deg","20.000","°C","971.000","hPa","0.826","-0.01532","0.000401","-0.00012","0","11.08","Humid","26.60","0","20.10","230272.86","SABD0002000011","AAV2.0.0.13","2.1.0.383","PSt7-10","171027-000","6/27/2018 9:55:33 AM","0000-00","0","no battery","V"
"08/23/2019","12:57:35","1","default","104940808","OXY1","21.577","min","172.065","μmol/L","Humid","21.214","deg","91584","µV","31.171","°C","1021.000","hPa","36.0","pmil","0","55.680","deg","20.000","°C","100.000","%a.s.","22.210","deg","20.000","°C","971.000","hPa","0.826","-0.01532","0.000401","-0.00012","0","11.08","Humid","26.60","0","20.10","230277.16","SABD0002000011","AAV2.0.0.13","2.1.0.383","PSt7-10","171027-000","6/27/2018 9:55:33 AM","0000-00","0","no battery","V"
"08/23/2019","12:57:36","1","default","104940808","OXY1","21.594","min","172.160","μmol/L","Humid","21.210","deg","91586","µV","31.165","°C","1021.000","hPa","36.0","pmil","0","55.680","deg","20.000","°C","100.000","%a.s.","22.210","deg","20.000","°C","971.000","hPa","0.826","-0.01532","0.000401","-0.00012","0","11.08","Humid","26.60","0","20.10","230273.11","SABD0002000011","AAV2.0.0.13","2.1.0.383","PSt7-10","171027-000","6/27/2018 9:55:33 AM","0000-00","0","no battery","V"
"08/23/2019","12:57:37","1","default","104940808","OXY1","21.611","min","172.176","μmol/L","Humid","21.209","deg","91584","µV","31.165","°C","1021.000","hPa","36.0","pmil","0","55.680","deg","20.000","°C","100.000","%a.s.","22.210","deg","20.000","°C","971.000","hPa","0.826","-0.01532","0.000401","-0.00012","0","11.08","Humid","26.60","0","20.10","230270.41","SABD0002000011","AAV2.0.0.13","2.1.0.383","PSt7-10","171027-000","6/27/2018 9:55:33 AM","0000-00","0","no battery","V"
"08/23/2019","12:57:38","1","default","104940808","OXY1","21.627","min","172.089","μmol/L","Humid","21.213","deg","91587","µV","31.171","°C","1022.000","hPa","36.0","pmil","0","55.680","deg","20.000","°C","100.000","%a.s.","22.210","deg","20.000","°C","971.000","hPa","0.826","-0.01532","0.000401","-0.00012","0","11.08","Humid","26.60","0","20.10","230257.81","SABD0002000011","AAV2.0.0.13","2.1.0.383","PSt7-10","171027-000","6/27/2018 9:55:33 AM","0000-00","0","no battery","V"
"08/23/2019","12:57:39","1","default","104940808","OXY1","21.643","min","172.179","μmol/L","Humid","21.211","deg","91595","µV","31.159","°C","1021.000","hPa","36.0","pmil","0","55.680","deg","20.000","°C","100.000","%a.s.","22.210","deg","20.000","°C","971.000","hPa","0.826","-0.01532","0.000401","-0.00012","0","11.08","Humid","26.60","0","20.10","230264.75","SABD0002000011","AAV2.0.0.13","2.1.0.383","PSt7-10","171027-000","6/27/2018 9:55:33 AM","0000-00","0","no battery","V"
"08/23/2019","12:57:40","1","default","104940808","OXY1","21.660","min","172.187","μmol/L","Humid","21.211","deg","91589","µV","31.159","°C","1022.000","hPa","36.0","pmil","0","55.680","deg","20.000","°C","100.000","%a.s.","22.210","deg","20.000","°C","971.000","hPa","0.826","-0.01532","0.000401","-0.00012","0","11.08","Humid","26.60","0","20.10","230271.26","SABD0002000011","AAV2.0.0.13","2.1.0.383","PSt7-10","171027-000","6/27/2018 9:55:33 AM","0000-00","0","no battery","V"
"08/23/2019","12:57:41","1","default","104940808","OXY1","21.677","min","172.099","μmol/L","Humid","21.214","deg","91584","µV","31.165","°C","1021.000","hPa","36.0","pmil","0","55.680","deg","20.000","°C","100.000","%a.s.","22.210","deg","20.000","°C","971.000","hPa","0.826","-0.01532","0.000401","-0.00012","0","11.08","Humid","26.60","0","20.10","230264.62","SABD0002000011","AAV2.0.0.13","2.1.0.383","PSt7-10","171027-000","6/27/2018 9:55:33 AM","0000-00","0","no battery","V"
"08/23/2019","12:57:42","1","default","104940808","OXY1","21.694","min","172.182","μmol/L","Humid","21.213","deg","91593","µV","31.153","°C","1021.000","hPa","36.0","pmil","0","55.680","deg","20.000","°C","100.000","%a.s.","22.210","deg","20.000","°C","971.000","hPa","0.826","-0.01532","0.000401","-0.00012","0","11.08","Humid","26.60","0","20.10","230263.51","SABD0002000011","AAV2.0.0.13","2.1.0.383","PSt7-10","171027-000","6/27/2018 9:55:33 AM","0000-00","0","no battery","V"
"08/23/2019","12:57:43","1","default","104940808","OXY1","21.710","min","172.171","μmol/L","Humid","21.212","deg","91588","µV","31.159","°C","1022.000","hPa","36.0","pmil","0","55.680","deg","20.000","°C","100.000","%a.s.","22.210","deg","20.000","°C","971.000","hPa","0.826","-0.01532","0.000401","-0.00012","0","11.08","Humid","26.60","0","20.10","230264.80","SABD0002000011","AAV2.0.0.13","2.1.0.383","PSt7-10","171027-000","6/27/2018 9:55:33 AM","0000-00","0","no battery","V"
"08/23/2019","12:57:44","1","default","104940808","OXY1","21.727","min","172.159","μmol/L","Humid","21.215","deg","91599","µV","31.153","°C","1022.000","hPa","36.0","pmil","0","55.680","deg","20.000","°C","100.000","%a.s.","22.210","deg","20.000","°C","971.000","hPa","0.826","-0.01532","0.000401","-0.00012","0","11.08","Humid","26.60","0","20.10","230247.72","SABD0002000011","AAV2.0.0.13","2.1.0.383","PSt7-10","171027-000","6/27/2018 9:55:33 AM","0000-00","0","no battery","V"
"08/23/2019","12:57:45","1","default","104940808","OXY1","21.744","min","172.167","μmol/L","Humid","21.214","deg","91603","µV","31.153","°C","1021.000","hPa","36.0","pmil","0","55.680","deg","20.000","°C","100.000","%a.s.","22.210","deg","20.000","°C","971.000","hPa","0.826","-0.01532","0.000401","-0.00012","0","11.08","Humid","26.60","0","20.10","230271.74","SABD0002000011","AAV2.0.0.13","2.1.0.383","PSt7-10","171027-000","6/27/2018 9:55:33 AM","0000-00","0","no battery","V"
"08/23/2019","12:57:46","1","default","104940808","OXY1","21.761","min","172.148","μmol/L","Humid","21.213","deg","91596","µV","31.159","°C","1021.000","hPa","36.0","pmil","0","55.680","deg","20.000","°C","100.000","%a.s.","22.210","deg","20.000","°C","971.000","hPa","0.826","-0.01532","0.000401","-0.00012","0","11.08","Humid","26.60","0","20.10","230264.37","SABD0002000011","AAV2.0.0.13","2.1.0.383","PSt7-10","171027-000","6/27/2018 9:55:33 AM","0000-00","0","no battery","V"
"08/23/2019","12:57:47","1","default","104940808","OXY1","21.777","min","171.978","μmol/L","Humid","21.218","deg","91602","µV","31.177","°C","1022.000","hPa","36.0","pmil","0","55.680","deg","20.000","°C","100.000","%a.s.","22.210","deg","20.000","°C","971.000","hPa","0.826","-0.01532","0.000401","-0.00012","0","11.08","Humid","26.60","0","20.10","230261.32","SABD0002000011","AAV2.0.0.13","2.1.0.383","PSt7-10","171027-000","6/27/2018 9:55:33 AM","0000-00","0","no battery","V"
"08/23/2019","12:57:48","1","default","104940808","OXY1","21.794","min","172.035","μmol/L","Humid","21.216","deg","91610","µV","31.171","°C","1021.000","hPa","36.0","pmil","0","55.680","deg","20.000","°C","100.000","%a.s.","22.210","deg","20.000","°C","971.000","hPa","0.826","-0.01532","0.000401","-0.00012","0","11.08","Humid","26.60","0","20.10","230260.40","SABD0002000011","AAV2.0.0.13","2.1.0.383","PSt7-10","171027-000","6/27/2018 9:55:33 AM","0000-00","0","no battery","V"
"08/23/2019","12:57:49","1","default","104940808","OXY1","21.810","min","172.061","μmol/L","Humid","21.217","deg","91602","µV","31.165","°C","1022.000","hPa","36.0","pmil","0","55.680","deg","20.000","°C","100.000","%a.s.","22.210","deg","20.000","°C","971.000","hPa","0.826","-0.01532","0.000401","-0.00012","0","11.08","Humid","26.60","0","20.10","230260.89","SABD0002000011","AAV2.0.0.13","2.1.0.383","PSt7-10","171027-000","6/27/2018 9:55:33 AM","0000-00","0","no battery","V"
"08/23/2019","12:57:50","1","default","104940808","OXY1","21.827","min","172.050","μmol/L","Humid","21.215","deg","91599","µV","31.171","°C","1021.000","hPa","36.0","pmil","0","55.680","deg","20.000","°C","100.000","%a.s.","22.210","deg","20.000","°C","971.000","hPa","0.826","-0.01532","0.000401","-0.00012","0","11.08","Humid","26.60","0","20.10","230250.53","SABD0002000011","AAV2.0.0.13","2.1.0.383","PSt7-10","171027-000","6/27/2018 9:55:33 AM","0000-00","0","no battery","V"
"08/23/2019","12:57:51","1","default","104940808","OXY1","21.843","min","172.053","μmol/L","Humid","21.217","deg","91595","µV","31.165","°C","1021.000","hPa","36.0","pmil","0","55.680","deg","20.000","°C","100.000","%a.s.","22.210","deg","20.000","°C","971.000","hPa","0.826","-0.01532","0.000401","-0.00012","0","11.08","Humid","26.60","0","20.10","230263.40","SABD0002000011","AAV2.0.0.13","2.1.0.383","PSt7-10","171027-000","6/27/2018 9:55:33 AM","0000-00","0","no battery","V"
"08/23/2019","12:57:52","1","default","104940808","OXY1","21.860","min","172.133","μmol/L","Humid","21.214","deg","91591","µV","31.159","°C","1021.000","hPa","36.0","pmil","0","55.680","deg","20.000","°C","100.000","%a.s.","22.210","deg","20.000","°C","971.000","hPa","0.826","-0.01532","0.000401","-0.00012","0","11.08","Humid","26.60","0","20.10","230256.66","SABD0002000011","AAV2.0.0.13","2.1.0.383","PSt7-10","171027-000","6/27/2018 9:55:33 AM","0000-00","0","no battery","V"
"08/23/2019","12:57:53","1","default","104940808","OXY1","21.877","min","172.187","μmol/L","Humid","21.211","deg","91597","µV","31.159","°C","1022.000","hPa","36.0","pmil","0","55.680","deg","20.000","°C","100.000","%a.s.","22.210","deg","20.000","°C","971.000","hPa","0.826","-0.01532","0.000401","-0.00012","0","11.08","Humid","26.60","0","20.10","230254.72","SABD0002000011","AAV2.0.0.13","2.1.0.383","PSt7-10","171027-000","6/27/2018 9:55:33 AM","0000-00","0","no battery","V"
"08/23/2019","12:57:54","1","default","104940808","OXY1","21.894","min","172.103","μmol/L","Humid","21.216","deg","91595","µV","31.159","°C","1021.000","hPa","36.0","pmil","0","55.680","deg","20.000","°C","100.000","%a.s.","22.210","deg","20.000","°C","971.000","hPa","0.826","-0.01532","0.000401","-0.00012","0","11.08","Humid","26.60","0","20.10","230248.07","SABD0002000011","AAV2.0.0.13","2.1.0.383","PSt7-10","171027-000","6/27/2018 9:55:33 AM","0000-00","0","no battery","V"
"08/23/2019","12:57:55","1","default","104940808","OXY1","21.911","min","172.099","μmol/L","Humid","21.214","deg","91594","µV","31.165","°C","1021.000","hPa","36.0","pmil","0","55.680","deg","20.000","°C","100.000","%a.s.","22.210","deg","20.000","°C","971.000","hPa","0.826","-0.01532","0.000401","-0.00012","0","11.08","Humid","26.60","0","20.10","230256.66","SABD0002000011","AAV2.0.0.13","2.1.0.383","PSt7-10","171027-000","6/27/2018 9:55:33 AM","0000-00","0","no battery","V"
"08/23/2019","12:57:56","1","default","104940808","OXY1","21.927","min","172.065","μmol/L","Humid","21.214","deg","91600","µV","31.171","°C","1021.000","hPa","36.0","pmil","0","55.680","deg","20.000","°C","100.000","%a.s.","22.210","deg","20.000","°C","971.000","hPa","0.826","-0.01532","0.000401","-0.00012","0","11.08","Humid","26.60","0","20.10","230260.52","SABD0002000011","AAV2.0.0.13","2.1.0.383","PSt7-10","171027-000","6/27/2018 9:55:33 AM","0000-00","0","no battery","V"
"08/23/2019","12:57:57","1","default","104940808","OXY1","21.943","min","172.084","μmol/L","Humid","21.215","deg","91596","µV","31.165","°C","1021.000","hPa","36.0","pmil","0","55.680","deg","20.000","°C","100.000","%a.s.","22.210","deg","20.000","°C","971.000","hPa","0.826","-0.01532","0.000401","-0.00012","0","11.08","Humid","26.60","0","20.10","230251.65","SABD0002000011","AAV2.0.0.13","2.1.0.383","PSt7-10","171027-000","6/27/2018 9:55:33 AM","0000-00","0","no battery","V"
"08/23/2019","12:57:58","1","default","104940808","OXY1","21.960","min","172.058","μmol/L","Humid","21.215","deg","91601","µV","31.171","°C","1022.000","hPa","36.0","pmil","0","55.680","deg","20.000","°C","100.000","%a.s.","22.210","deg","20.000","°C","971.000","hPa","0.826","-0.01532","0.000401","-0.00012","0","11.08","Humid","26.60","0","20.10","230244.34","SABD0002000011","AAV2.0.0.13","2.1.0.383","PSt7-10","171027-000","6/27/2018 9:55:33 AM","0000-00","0","no battery","V"
"08/23/2019","12:57:59","1","default","104940808","OXY1","21.977","min","172.016","μmol/L","Humid","21.220","deg","91595","µV","31.165","°C","1022.000","hPa","36.0","pmil","0","55.680","deg","20.000","°C","100.000","%a.s.","22.210","deg","20.000","°C","971.000","hPa","0.826","-0.01532","0.000401","-0.00012","0","11.08","Humid","26.60","0","20.10","230241.02","SABD0002000011","AAV2.0.0.13","2.1.0.383","PSt7-10","171027-000","6/27/2018 9:55:33 AM","0000-00","0","no battery","V"
"08/23/2019","12:58:00","1","default","104940808","OXY1","21.993","min","172.130","μmol/L","Humid","21.212","deg","91583","µV","31.165","°C","1021.000","hPa","36.0","pmil","0","55.680","deg","20.000","°C","100.000","%a.s.","22.210","deg","20.000","°C","971.000","hPa","0.826","-0.01532","0.000401","-0.00012","0","11.08","Humid","26.60","0","20.10","230253.21","SABD0002000011","AAV2.0.0.13","2.1.0.383","PSt7-10","171027-000","6/27/2018 9:55:33 AM","0000-00","0","no battery","V"
"08/23/2019","12:58:01","1","default","104940808","OXY1","22.010","min","172.035","μmol/L","Humid","21.216","deg","91591","µV","31.171","°C","1021.000","hPa","36.0","pmil","0","55.680","deg","20.000","°C","100.000","%a.s.","22.210","deg","20.000","°C","971.000","hPa","0.826","-0.01532","0.000401","-0.00012","0","11.08","Humid","26.60","0","20.10","230250.11","SABD0002000011","AAV2.0.0.13","2.1.0.383","PSt7-10","171027-000","6/27/2018 9:55:33 AM","0000-00","0","no battery","V"
"08/23/2019","12:58:02","1","default","104940808","OXY1","22.027","min","172.089","μmol/L","Humid","21.213","deg","91588","µV","31.171","°C","1022.000","hPa","36.0","pmil","0","55.680","deg","20.000","°C","100.000","%a.s.","22.210","deg","20.000","°C","971.000","hPa","0.826","-0.01532","0.000401","-0.00012","0","11.08","Humid","26.60","0","20.10","230247.69","SABD0002000011","AAV2.0.0.13","2.1.0.383","PSt7-10","171027-000","6/27/2018 9:55:33 AM","0000-00","0","no battery","V"
"08/23/2019","12:58:03","1","default","104940808","OXY1","22.044","min","172.016","μmol/L","Humid","21.215","deg","91588","µV","31.177","°C","1021.000","hPa","36.0","pmil","0","55.680","deg","20.000","°C","100.000","%a.s.","22.210","deg","20.000","°C","971.000","hPa","0.826","-0.01532","0.000401","-0.00012","0","11.08","Humid","26.60","0","20.10","230254.71","SABD0002000011","AAV2.0.0.13","2.1.0.383","PSt7-10","171027-000","6/27/2018 9:55:33 AM","0000-00","0","no battery","V"
"08/23/2019","12:58:04","1","default","104940808","OXY1","22.061","min","172.065","μmol/L","Humid","21.214","deg","91586","µV","31.171","°C","1021.000","hPa","36.0","pmil","0","55.680","deg","20.000","°C","100.000","%a.s.","22.210","deg","20.000","°C","971.000","hPa","0.826","-0.01532","0.000401","-0.00012","0","11.08","Humid","26.60","0","20.10","230249.31","SABD0002000011","AAV2.0.0.13","2.1.0.383","PSt7-10","171027-000","6/27/2018 9:55:33 AM","0000-00","0","no battery","V"
"08/23/2019","12:58:05","1","default","104940808","OXY1","22.077","min","172.070","μmol/L","Humid","21.212","deg","91581","µV","31.177","°C","1022.000","hPa","36.0","pmil","0","55.680","deg","20.000","°C","100.000","%a.s.","22.210","deg","20.000","°C","971.000","hPa","0.826","-0.01532","0.000401","-0.00012","0","11.08","Humid","26.60","0","20.10","230242.31","SABD0002000011","AAV2.0.0.13","2.1.0.383","PSt7-10","171027-000","6/27/2018 9:55:33 AM","0000-00","0","no battery","V"
"08/23/2019","12:58:06","1","default","104940808","OXY1","22.094","min","172.089","μmol/L","Humid","21.213","deg","91581","µV","31.171","°C","1022.000","hPa","36.0","pmil","0","55.680","deg","20.000","°C","100.000","%a.s.","22.210","deg","20.000","°C","971.000","hPa","0.826","-0.01532","0.000401","-0.00012","0","11.08","Humid","26.60","0","20.10","230257.78","SABD0002000011","AAV2.0.0.13","2.1.0.383","PSt7-10","171027-000","6/27/2018 9:55:33 AM","0000-00","0","no battery","V"
"08/23/2019","12:58:07","1","default","104940808","OXY1","22.110","min","172.096","μmol/L","Humid","21.212","deg","91583","µV","31.171","°C","1021.000","hPa","36.0","pmil","0","55.680","deg","20.000","°C","100.000","%a.s.","22.210","deg","20.000","°C","971.000","hPa","0.826","-0.01532","0.000401","-0.00012","0","11.08","Humid","26.60","0","20.10","230248.60","SABD0002000011","AAV2.0.0.13","2.1.0.383","PSt7-10","171027-000","6/27/2018 9:55:33 AM","0000-00","0","no battery","V"
"08/23/2019","12:58:08","1","default","104940808","OXY1","22.127","min","172.126","μmol/L","Humid","21.210","deg","91577","µV","31.171","°C","1021.000","hPa","36.0","pmil","0","55.680","deg","20.000","°C","100.000","%a.s.","22.210","deg","20.000","°C","971.000","hPa","0.826","-0.01532","0.000401","-0.00012","0","11.08","Humid","26.60","0","20.10","230253.60","SABD0002000011","AAV2.0.0.13","2.1.0.383","PSt7-10","171027-000","6/27/2018 9:55:33 AM","0000-00","0","no battery","V"
"08/23/2019","12:58:09","1","default","104940808","OXY1","22.144","min","172.096","μmol/L","Humid","21.212","deg","91580","µV","31.171","°C","1021.000","hPa","36.0","pmil","0","55.680","deg","20.000","°C","100.000","%a.s.","22.210","deg","20.000","°C","971.000","hPa","0.826","-0.01532","0.000401","-0.00012","0","11.08","Humid","26.60","0","20.10","230245.85","SABD0002000011","AAV2.0.0.13","2.1.0.383","PSt7-10","171027-000","6/27/2018 9:55:33 AM","0000-00","0","no battery","V"
"08/23/2019","12:58:10","1","default","104940808","OXY1","22.160","min","172.126","μmol/L","Humid","21.210","deg","91577","µV","31.171","°C","1021.000","hPa","36.0","pmil","0","55.680","deg","20.000","°C","100.000","%a.s.","22.210","deg","20.000","°C","971.000","hPa","0.826","-0.01532","0.000401","-0.00012","0","11.08","Humid","26.60","0","20.10","230248.02","SABD0002000011","AAV2.0.0.13","2.1.0.383","PSt7-10","171027-000","6/27/2018 9:55:33 AM","0000-00","0","no battery","V"
"08/23/2019","12:58:11","1","default","104940808","OXY1","22.177","min","172.058","μmol/L","Humid","21.215","deg","91586","µV","31.171","°C","1022.000","hPa","36.0","pmil","0","55.680","deg","20.000","°C","100.000","%a.s.","22.210","deg","20.000","°C","971.000","hPa","0.826","-0.01532","0.000401","-0.00012","0","11.08","Humid","26.60","0","20.10","230247.76","SABD0002000011","AAV2.0.0.13","2.1.0.383","PSt7-10","171027-000","6/27/2018 9:55:33 AM","0000-00","0","no battery","V"
"08/23/2019","12:58:12","1","default","104940808","OXY1","22.194","min","172.050","μmol/L","Humid","21.215","deg","91576","µV","31.171","°C","1021.000","hPa","36.0","pmil","0","55.680","deg","20.000","°C","100.000","%a.s.","22.210","deg","20.000","°C","971.000","hPa","0.826","-0.01532","0.000401","-0.00012","0","11.08","Humid","26.60","0","20.10","230253.41","SABD0002000011","AAV2.0.0.13","2.1.0.383","PSt7-10","171027-000","6/27/2018 9:55:33 AM","0000-00","0","no battery","V"
"08/23/2019","12:58:13","1","default","104940808","OXY1","22.211","min","172.035","μmol/L","Humid","21.216","deg","91589","µV","31.171","°C","1021.000","hPa","36.0","pmil","0","55.680","deg","20.000","°C","100.000","%a.s.","22.210","deg","20.000","°C","971.000","hPa","0.826","-0.01532","0.000401","-0.00012","0","11.08","Humid","26.60","0","20.10","230252.65","SABD0002000011","AAV2.0.0.13","2.1.0.383","PSt7-10","171027-000","6/27/2018 9:55:33 AM","0000-00","0","no battery","V"
"08/23/2019","12:58:14","1","default","104940808","OXY1","22.227","min","172.028","μmol/L","Humid","21.217","deg","91583","µV","31.171","°C","1022.000","hPa","36.0","pmil","0","55.680","deg","20.000","°C","100.000","%a.s.","22.210","deg","20.000","°C","971.000","hPa","0.826","-0.01532","0.000401","-0.00012","0","11.08","Humid","26.60","0","20.10","230245.05","SABD0002000011","AAV2.0.0.13","2.1.0.383","PSt7-10","171027-000","6/27/2018 9:55:33 AM","0000-00","0","no battery","V"
"08/23/2019","12:58:15","1","default","104940808","OXY1","22.244","min","172.055","μmol/L","Humid","21.213","deg","91579","µV","31.177","°C","1022.000","hPa","36.0","pmil","0","55.680","deg","20.000","°C","100.000","%a.s.","22.210","deg","20.000","°C","971.000","hPa","0.826","-0.01532","0.000401","-0.00012","0","11.08","Humid","26.60","0","20.10","230242.17","SABD0002000011","AAV2.0.0.13","2.1.0.383","PSt7-10","171027-000","6/27/2018 9:55:33 AM","0000-00","0","no battery","V"
"08/23/2019","12:58:16","1","default","104940808","OXY1","22.260","min","172.065","μmol/L","Humid","21.214","deg","91578","µV","31.171","°C","1021.000","hPa","36.0","pmil","0","55.680","deg","20.000","°C","100.000","%a.s.","22.210","deg","20.000","°C","971.000","hPa","0.826","-0.01532","0.000401","-0.00012","0","11.08","Humid","26.60","0","20.10","230254.75","SABD0002000011","AAV2.0.0.13","2.1.0.383","PSt7-10","171027-000","6/27/2018 9:55:33 AM","0000-00","0","no battery","V"
"08/23/2019","12:58:17","1","default","104940808","OXY1","22.277","min","172.043","μmol/L","Humid","21.216","deg","91571","µV","31.171","°C","1022.000","hPa","36.0","pmil","0","55.680","deg","20.000","°C","100.000","%a.s.","22.210","deg","20.000","°C","971.000","hPa","0.826","-0.01532","0.000401","-0.00012","0","11.08","Humid","26.60","0","20.10","230246.22","SABD0002000011","AAV2.0.0.13","2.1.0.383","PSt7-10","171027-000","6/27/2018 9:55:33 AM","0000-00","0","no battery","V"
"08/23/2019","12:58:18","1","default","104940808","OXY1","22.294","min","172.096","μmol/L","Humid","21.212","deg","91575","µV","31.171","°C","1021.000","hPa","36.0","pmil","0","55.680","deg","20.000","°C","100.000","%a.s.","22.210","deg","20.000","°C","971.000","hPa","0.826","-0.01532","0.000401","-0.00012","0","11.08","Humid","26.60","0","20.10","230234.55","SABD0002000011","AAV2.0.0.13","2.1.0.383","PSt7-10","171027-000","6/27/2018 9:55:33 AM","0000-00","0","no battery","V"
"08/23/2019","12:58:19","1","default","104940808","OXY1","22.310","min","172.111","μmol/L","Humid","21.211","deg","91579","µV","31.171","°C","1021.000","hPa","36.0","pmil","0","55.680","deg","20.000","°C","100.000","%a.s.","22.210","deg","20.000","°C","971.000","hPa","0.826","-0.01532","0.000401","-0.00012","0","11.08","Humid","26.60","0","20.10","230236.40","SABD0002000011","AAV2.0.0.13","2.1.0.383","PSt7-10","171027-000","6/27/2018 9:55:33 AM","0000-00","0","no battery","V"
"08/23/2019","12:58:20","1","default","104940808","OXY1","22.327","min","172.119","μmol/L","Humid","21.211","deg","91570","µV","31.171","°C","1022.000","hPa","36.0","pmil","0","55.680","deg","20.000","°C","100.000","%a.s.","22.210","deg","20.000","°C","971.000","hPa","0.826","-0.01532","0.000401","-0.00012","0","11.08","Humid","26.60","0","20.10","230245.34","SABD0002000011","AAV2.0.0.13","2.1.0.383","PSt7-10","171027-000","6/27/2018 9:55:33 AM","0000-00","0","no battery","V"
"08/23/2019","12:58:21","1","default","104940808","OXY1","22.344","min","172.114","μmol/L","Humid","21.213","deg","91573","µV","31.165","°C","1021.000","hPa","36.0","pmil","0","55.680","deg","20.000","°C","100.000","%a.s.","22.210","deg","20.000","°C","971.000","hPa","0.826","-0.01532","0.000401","-0.00012","0","11.08","Humid","26.60","0","20.10","230239.27","SABD0002000011","AAV2.0.0.13","2.1.0.383","PSt7-10","171027-000","6/27/2018 9:55:33 AM","0000-00","0","no battery","V"
"08/23/2019","12:58:22","1","default","104940808","OXY1","22.360","min","172.081","μmol/L","Humid","21.213","deg","91575","µV","31.171","°C","1021.000","hPa","36.0","pmil","0","55.680","deg","20.000","°C","100.000","%a.s.","22.210","deg","20.000","°C","971.000","hPa","0.826","-0.01532","0.000401","-0.00012","0","11.08","Humid","26.60","0","20.10","230234.47","SABD0002000011","AAV2.0.0.13","2.1.0.383","PSt7-10","171027-000","6/27/2018 9:55:33 AM","0000-00","0","no battery","V"
"08/23/2019","12:58:23","1","default","104940808","OXY1","22.377","min","172.069","μmol/L","Humid","21.216","deg","91581","µV","31.165","°C","1021.000","hPa","36.0","pmil","0","55.680","deg","20.000","°C","100.000","%a.s.","22.210","deg","20.000","°C","971.000","hPa","0.826","-0.01532","0.000401","-0.00012","0","11.08","Humid","26.60","0","20.10","230237.44","SABD0002000011","AAV2.0.0.13","2.1.0.383","PSt7-10","171027-000","6/27/2018 9:55:33 AM","0000-00","0","no battery","V"
"08/23/2019","12:58:24","1","default","104940808","OXY1","22.394","min","172.122","μmol/L","Humid","21.213","deg","91585","µV","31.165","°C","1022.000","hPa","36.0","pmil","0","55.680","deg","20.000","°C","100.000","%a.s.","22.210","deg","20.000","°C","971.000","hPa","0.826","-0.01532","0.000401","-0.00012","0","11.08","Humid","26.60","0","20.10","230247.44","SABD0002000011","AAV2.0.0.13","2.1.0.383","PSt7-10","171027-000","6/27/2018 9:55:33 AM","0000-00","0","no battery","V"
"08/23/2019","12:58:25","1","default","104940808","OXY1","22.411","min","172.099","μmol/L","Humid","21.214","deg","91585","µV","31.165","°C","1021.000","hPa","36.0","pmil","0","55.680","deg","20.000","°C","100.000","%a.s.","22.210","deg","20.000","°C","971.000","hPa","0.826","-0.01532","0.000401","-0.00012","0","11.08","Humid","26.60","0","20.10","230245.06","SABD0002000011","AAV2.0.0.13","2.1.0.383","PSt7-10","171027-000","6/27/2018 9:55:33 AM","0000-00","0","no battery","V"
"08/23/2019","12:58:26","1","default","104940808","OXY1","22.427","min","172.118","μmol/L","Humid","21.215","deg","91584","µV","31.159","°C","1021.000","hPa","36.0","pmil","0","55.680","deg","20.000","°C","100.000","%a.s.","22.210","deg","20.000","°C","971.000","hPa","0.826","-0.01532","0.000401","-0.00012","0","11.08","Humid","26.60","0","20.10","230226.21","SABD0002000011","AAV2.0.0.13","2.1.0.383","PSt7-10","171027-000","6/27/2018 9:55:33 AM","0000-00","0","no battery","V"
"08/23/2019","12:58:27","1","default","104940808","OXY1","22.444","min","172.148","μmol/L","Humid","21.213","deg","91587","µV","31.159","°C","1021.000","hPa","36.0","pmil","0","55.680","deg","20.000","°C","100.000","%a.s.","22.210","deg","20.000","°C","971.000","hPa","0.826","-0.01532","0.000401","-0.00012","0","11.08","Humid","26.60","0","20.10","230230.72","SABD0002000011","AAV2.0.0.13","2.1.0.383","PSt7-10","171027-000","6/27/2018 9:55:33 AM","0000-00","0","no battery","V"
"08/23/2019","12:58:28","1","default","104940808","OXY1","22.461","min","172.038","μmol/L","Humid","21.218","deg","91586","µV","31.165","°C","1021.000","hPa","36.0","pmil","0","55.680","deg","20.000","°C","100.000","%a.s.","22.210","deg","20.000","°C","971.000","hPa","0.826","-0.01532","0.000401","-0.00012","0","11.08","Humid","26.60","0","20.10","230240.47","SABD0002000011","AAV2.0.0.13","2.1.0.383","PSt7-10","171027-000","6/27/2018 9:55:33 AM","0000-00","0","no battery","V"
"08/23/2019","12:58:29","1","default","104940808","OXY1","22.477","min","172.028","μmol/L","Humid","21.217","deg","91586","µV","31.171","°C","1022.000","hPa","36.0","pmil","0","55.680","deg","20.000","°C","100.000","%a.s.","22.210","deg","20.000","°C","971.000","hPa","0.826","-0.01532","0.000401","-0.00012","0","11.08","Humid","26.60","0","20.10","230228.91","SABD0002000011","AAV2.0.0.13","2.1.0.383","PSt7-10","171027-000","6/27/2018 9:55:33 AM","0000-00","0","no battery","V"
"08/23/2019","12:58:30","1","default","104940808","OXY1","22.494","min","172.050","μmol/L","Humid","21.215","deg","91590","µV","31.171","°C","1021.000","hPa","36.0","pmil","0","55.680","deg","20.000","°C","100.000","%a.s.","22.210","deg","20.000","°C","971.000","hPa","0.826","-0.01532","0.000401","-0.00012","0","11.08","Humid","26.60","0","20.10","230231.18","SABD0002000011","AAV2.0.0.13","2.1.0.383","PSt7-10","171027-000","6/27/2018 9:55:33 AM","0000-00","0","no battery","V"
"08/23/2019","12:58:31","1","default","104940808","OXY1","22.511","min","172.061","μmol/L","Humid","21.217","deg","91586","µV","31.165","°C","1022.000","hPa","36.0","pmil","0","55.680","deg","20.000","°C","100.000","%a.s.","22.210","deg","20.000","°C","971.000","hPa","0.826","-0.01532","0.000401","-0.00012","0","11.08","Humid","26.60","0","20.10","230230.87","SABD0002000011","AAV2.0.0.13","2.1.0.383","PSt7-10","171027-000","6/27/2018 9:55:33 AM","0000-00","0","no battery","V"
"08/23/2019","12:58:32","1","default","104940808","OXY1","22.527","min","172.138","μmol/L","Humid","21.212","deg","91585","µV","31.165","°C","1022.000","hPa","36.0","pmil","0","55.680","deg","20.000","°C","100.000","%a.s.","22.210","deg","20.000","°C","971.000","hPa","0.826","-0.01532","0.000401","-0.00012","0","11.08","Humid","26.60","0","20.10","230239.45","SABD0002000011","AAV2.0.0.13","2.1.0.383","PSt7-10","171027-000","6/27/2018 9:55:33 AM","0000-00","0","no battery","V"
"08/23/2019","12:58:33","1","default","104940808","OXY1","22.544","min","172.176","μmol/L","Humid","21.209","deg","91589","µV","31.165","°C","1021.000","hPa","36.0","pmil","0","55.680","deg","20.000","°C","100.000","%a.s.","22.210","deg","20.000","°C","971.000","hPa","0.826","-0.01532","0.000401","-0.00012","0","11.08","Humid","26.60","0","20.10","230230.43","SABD0002000011","AAV2.0.0.13","2.1.0.383","PSt7-10","171027-000","6/27/2018 9:55:33 AM","0000-00","0","no battery","V"
"08/23/2019","12:58:34","1","default","104940808","OXY1","22.560","min","172.130","μmol/L","Humid","21.212","deg","91588","µV","31.165","°C","1021.000","hPa","36.0","pmil","0","55.680","deg","20.000","°C","100.000","%a.s.","22.210","deg","20.000","°C","971.000","hPa","0.826","-0.01532","0.000401","-0.00012","0","11.08","Humid","26.60","0","20.10","230231.74","SABD0002000011","AAV2.0.0.13","2.1.0.383","PSt7-10","171027-000","6/27/2018 9:55:33 AM","0000-00","0","no battery","V"
"08/23/2019","12:58:35","1","default","104940808","OXY1","22.577","min","172.053","μmol/L","Humid","21.217","deg","91589","µV","31.165","°C","1021.000","hPa","36.0","pmil","0","55.680","deg","20.000","°C","100.000","%a.s.","22.210","deg","20.000","°C","971.000","hPa","0.826","-0.01532","0.000401","-0.00012","0","11.08","Humid","26.60","0","20.10","230242.33","SABD0002000011","AAV2.0.0.13","2.1.0.383","PSt7-10","171027-000","6/27/2018 9:55:33 AM","0000-00","0","no battery","V"
"08/23/2019","12:58:36","1","default","104940808","OXY1","22.593","min","172.053","μmol/L","Humid","21.217","deg","91589","µV","31.165","°C","1021.000","hPa","36.0","pmil","0","55.680","deg","20.000","°C","100.000","%a.s.","22.210","deg","20.000","°C","971.000","hPa","0.826","-0.01532","0.000401","-0.00012","0","11.08","Humid","26.60","0","20.10","230229.31","SABD0002000011","AAV2.0.0.13","2.1.0.383","PSt7-10","171027-000","6/27/2018 9:55:33 AM","0000-00","0","no battery","V"
"08/23/2019","12:58:37","1","default","104940808","OXY1","22.610","min","172.008","μmol/L","Humid","21.220","deg","91586","µV","31.165","°C","1021.000","hPa","36.0","pmil","0","55.680","deg","20.000","°C","100.000","%a.s.","22.210","deg","20.000","°C","971.000","hPa","0.826","-0.01532","0.000401","-0.00012","0","11.08","Humid","26.60","0","20.10","230234.03","SABD0002000011","AAV2.0.0.13","2.1.0.383","PSt7-10","171027-000","6/27/2018 9:55:33 AM","0000-00","0","no battery","V"
"08/23/2019","12:58:38","1","default","104940808","OXY1","22.627","min","172.118","μmol/L","Humid","21.215","deg","91591","µV","31.159","°C","1021.000","hPa","36.0","pmil","0","55.680","deg","20.000","°C","100.000","%a.s.","22.210","deg","20.000","°C","971.000","hPa","0.826","-0.01532","0.000401","-0.00012","0","11.08","Humid","26.60","0","20.10","230233.50","SABD0002000011","AAV2.0.0.13","2.1.0.383","PSt7-10","171027-000","6/27/2018 9:55:33 AM","0000-00","0","no battery","V"
"08/23/2019","12:58:39","1","default","104940808","OXY1","22.644","min","172.077","μmol/L","Humid","21.216","deg","91589","µV","31.165","°C","1022.000","hPa","36.0","pmil","0","55.680","deg","20.000","°C","100.000","%a.s.","22.210","deg","20.000","°C","971.000","hPa","0.826","-0.01532","0.000401","-0.00012","0","11.08","Humid","26.60","0","20.10","230230.74","SABD0002000011","AAV2.0.0.13","2.1.0.383","PSt7-10","171027-000","6/27/2018 9:55:33 AM","0000-00","0","no battery","V"
"08/23/2019","12:58:40","1","default","104940808","OXY1","22.660","min","172.035","μmol/L","Humid","21.216","deg","91589","µV","31.171","°C","1021.000","hPa","36.0","pmil","0","55.680","deg","20.000","°C","100.000","%a.s.","22.210","deg","20.000","°C","971.000","hPa","0.826","-0.01532","0.000401","-0.00012","0","11.08","Humid","26.60","0","20.10","230227.40","SABD0002000011","AAV2.0.0.13","2.1.0.383","PSt7-10","171027-000","6/27/2018 9:55:33 AM","0000-00","0","no battery","V"
"08/23/2019","12:58:41","1","default","104940808","OXY1","22.677","min","172.011","μmol/L","Humid","21.222","deg","91592","µV","31.159","°C","1021.000","hPa","36.0","pmil","0","55.680","deg","20.000","°C","100.000","%a.s.","22.210","deg","20.000","°C","971.000","hPa","0.826","-0.01532","0.000401","-0.00012","0","11.08","Humid","26.60","0","20.10","230226.82","SABD0002000011","AAV2.0.0.13","2.1.0.383","PSt7-10","171027-000","6/27/2018 9:55:33 AM","0000-00","0","no battery","V"
"08/23/2019","12:58:42","1","default","104940808","OXY1","22.693","min","172.053","μmol/L","Humid","21.217","deg","91590","µV","31.165","°C","1021.000","hPa","36.0","pmil","0","55.680","deg","20.000","°C","100.000","%a.s.","22.210","deg","20.000","°C","971.000","hPa","0.826","-0.01532","0.000401","-0.00012","0","11.08","Humid","26.60","0","20.10","230224.84","SABD0002000011","AAV2.0.0.13","2.1.0.383","PSt7-10","171027-000","6/27/2018 9:55:33 AM","0000-00","0","no battery","V"
"08/23/2019","12:58:43","1","default","104940808","OXY1","22.710","min","171.992","μmol/L","Humid","21.221","deg","91594","µV","31.165","°C","1021.000","hPa","36.0","pmil","0","55.680","deg","20.000","°C","100.000","%a.s.","22.210","deg","20.000","°C","971.000","hPa","0.826","-0.01532","0.000401","-0.00012","0","11.08","Humid","26.60","0","20.10","230229.77","SABD0002000011","AAV2.0.0.13","2.1.0.383","PSt7-10","171027-000","6/27/2018 9:55:33 AM","0000-00","0","no battery","V"
"08/23/2019","12:58:44","1","default","104940808","OXY1","22.727","min","171.943","μmol/L","Humid","21.222","deg","91605","µV","31.171","°C","1021.000","hPa","36.0","pmil","0","55.680","deg","20.000","°C","100.000","%a.s.","22.210","deg","20.000","°C","971.000","hPa","0.826","-0.01532","0.000401","-0.00012","0","11.08","Humid","26.60","0","20.10","230220.56","SABD0002000011","AAV2.0.0.13","2.1.0.383","PSt7-10","171027-000","6/27/2018 9:55:33 AM","0000-00","0","no battery","V"
"08/23/2019","12:58:45","1","default","104940808","OXY1","22.744","min","171.982","μmol/L","Humid","21.220","deg","91608","µV","31.171","°C","1022.000","hPa","36.0","pmil","0","55.680","deg","20.000","°C","100.000","%a.s.","22.210","deg","20.000","°C","971.000","hPa","0.826","-0.01532","0.000401","-0.00012","0","11.08","Humid","26.60","0","20.10","230231.56","SABD0002000011","AAV2.0.0.13","2.1.0.383","PSt7-10","171027-000","6/27/2018 9:55:33 AM","0000-00","0","no battery","V"
"08/23/2019","12:58:46","1","default","104940808","OXY1","22.761","min","171.913","μmol/L","Humid","21.224","deg","91606","µV","31.171","°C","1021.000","hPa","36.0","pmil","0","55.680","deg","20.000","°C","100.000","%a.s.","22.210","deg","20.000","°C","971.000","hPa","0.826","-0.01532","0.000401","-0.00012","0","11.08","Humid","26.60","0","20.10","230232.47","SABD0002000011","AAV2.0.0.13","2.1.0.383","PSt7-10","171027-000","6/27/2018 9:55:33 AM","0000-00","0","no battery","V"
"08/23/2019","12:58:47","1","default","104940808","OXY1","22.777","min","171.992","μmol/L","Humid","21.221","deg","91600","µV","31.165","°C","1021.000","hPa","36.0","pmil","0","55.680","deg","20.000","°C","100.000","%a.s.","22.210","deg","20.000","°C","971.000","hPa","0.826","-0.01532","0.000401","-0.00012","0","11.08","Humid","26.60","0","20.10","230215.55","SABD0002000011","AAV2.0.0.13","2.1.0.383","PSt7-10","171027-000","6/27/2018 9:55:33 AM","0000-00","0","no battery","V"
"08/23/2019","12:58:48","1","default","104940808","OXY1","22.794","min","171.977","μmol/L","Humid","21.222","deg","91614","µV","31.165","°C","1021.000","hPa","36.0","pmil","0","55.680","deg","20.000","°C","100.000","%a.s.","22.210","deg","20.000","°C","971.000","hPa","0.826","-0.01532","0.000401","-0.00012","0","11.08","Humid","26.60","0","20.10","230226.54","SABD0002000011","AAV2.0.0.13","2.1.0.383","PSt7-10","171027-000","6/27/2018 9:55:33 AM","0000-00","0","no battery","V"
"08/23/2019","13:02:14","1","default","104940808","OXY1","26.235","min","172.638","μmol/L","Humid","21.166","deg","65425","µV","31.202","°C","1022.000","hPa","36.0","pmil","0","55.680","deg","20.000","°C","100.000","%a.s.","22.210","deg","20.000","°C","971.000","hPa","0.826","-0.01532","0.000401","-0.00012","0","11.08","Humid","26.60","0","20.10","230617.55","SABD0002000011","AAV2.0.0.13","2.1.0.383","PSt7-10","171027-000","6/27/2018 9:55:33 AM","0000-00","0","no battery","V"
"08/23/2019","13:02:15","1","default","104940808","OXY1","26.244","min","172.755","μmol/L","Humid","21.165","deg","65400","µV","31.183","°C","1022.000","hPa","36.0","pmil","0","55.680","deg","20.000","°C","100.000","%a.s.","22.210","deg","20.000","°C","971.000","hPa","0.826","-0.01532","0.000401","-0.00012","0","11.08","Humid","26.60","0","20.10","230564.74","SABD0002000011","AAV2.0.0.13","2.1.0.383","PSt7-10","171027-000","6/27/2018 9:55:33 AM","0000-00","0","no battery","V"
"08/23/2019","13:02:16","1","default","104940808","OXY1","26.260","min","172.645","μmol/L","Humid","21.170","deg","65388","µV","31.190","°C","1022.000","hPa","36.0","pmil","0","55.680","deg","20.000","°C","100.000","%a.s.","22.210","deg","20.000","°C","971.000","hPa","0.826","-0.01532","0.000401","-0.00012","0","11.08","Humid","26.60","0","20.10","230551.35","SABD0002000011","AAV2.0.0.13","2.1.0.383","PSt7-10","171027-000","6/27/2018 9:55:33 AM","0000-00","0","no battery","V"
"08/23/2019","13:02:17","1","default","104940808","OXY1","26.277","min","172.755","μmol/L","Humid","21.165","deg","65380","µV","31.183","°C","1022.000","hPa","36.0","pmil","0","55.680","deg","20.000","°C","100.000","%a.s.","22.210","deg","20.000","°C","971.000","hPa","0.826","-0.01532","0.000401","-0.00012","0","11.08","Humid","26.60","0","20.10","230543.16","SABD0002000011","AAV2.0.0.13","2.1.0.383","PSt7-10","171027-000","6/27/2018 9:55:33 AM","0000-00","0","no battery","V"
"08/23/2019","13:02:18","1","default","104940808","OXY1","26.294","min","172.655","μmol/L","Humid","21.171","deg","65380","µV","31.183","°C","1021.000","hPa","36.0","pmil","0","55.680","deg","20.000","°C","100.000","%a.s.","22.210","deg","20.000","°C","971.000","hPa","0.826","-0.01532","0.000401","-0.00012","0","11.08","Humid","26.60","0","20.10","230539.95","SABD0002000011","AAV2.0.0.13","2.1.0.383","PSt7-10","171027-000","6/27/2018 9:55:33 AM","0000-00","0","no battery","V"
"08/23/2019","13:02:19","1","default","104940808","OXY1","26.311","min","172.737","μmol/L","Humid","21.164","deg","65377","µV","31.190","°C","1022.000","hPa","36.0","pmil","0","55.680","deg","20.000","°C","100.000","%a.s.","22.210","deg","20.000","°C","971.000","hPa","0.826","-0.01532","0.000401","-0.00012","0","11.08","Humid","26.60","0","20.10","230523.08","SABD0002000011","AAV2.0.0.13","2.1.0.383","PSt7-10","171027-000","6/27/2018 9:55:33 AM","0000-00","0","no battery","V"
"08/23/2019","13:02:20","1","default","104940808","OXY1","26.327","min","172.737","μmol/L","Humid","21.164","deg","65366","µV","31.190","°C","1022.000","hPa","36.0","pmil","0","55.680","deg","20.000","°C","100.000","%a.s.","22.210","deg","20.000","°C","971.000","hPa","0.826","-0.01532","0.000401","-0.00012","0","11.08","Humid","26.60","0","20.10","230516.56","SABD0002000011","AAV2.0.0.13","2.1.0.383","PSt7-10","171027-000","6/27/2018 9:55:33 AM","0000-00","0","no battery","V"
"08/23/2019","13:02:21","1","default","104940808","OXY1","26.344","min","172.725","μmol/L","Humid","21.162","deg","65367","µV","31.196","°C","1021.000","hPa","36.0","pmil","0","55.680","deg","20.000","°C","100.000","%a.s.","22.210","deg","20.000","°C","971.000","hPa","0.826","-0.01532","0.000401","-0.00012","0","11.08","Humid","26.60","0","20.10","230514.31","SABD0002000011","AAV2.0.0.13","2.1.0.383","PSt7-10","171027-000","6/27/2018 9:55:33 AM","0000-00","0","no battery","V"
"08/23/2019","13:02:22","1","default","104940808","OXY1","26.360","min","172.611","μmol/L","Humid","21.170","deg","65365","µV","31.196","°C","1022.000","hPa","36.0","pmil","0","55.680","deg","20.000","°C","100.000","%a.s.","22.210","deg","20.000","°C","971.000","hPa","0.826","-0.01532","0.000401","-0.00012","0","11.08","Humid","26.60","0","20.10","230520.10","SABD0002000011","AAV2.0.0.13","2.1.0.383","PSt7-10","171027-000","6/27/2018 9:55:33 AM","0000-00","0","no battery","V"
"08/23/2019","13:02:23","1","default","104940808","OXY1","26.377","min","172.595","μmol/L","Humid","21.171","deg","65355","µV","31.196","°C","1022.000","hPa","36.0","pmil","0","55.680","deg","20.000","°C","100.000","%a.s.","22.210","deg","20.000","°C","971.000","hPa","0.826","-0.01532","0.000401","-0.00012","0","11.08","Humid","26.60","0","20.10","230509.19","SABD0002000011","AAV2.0.0.13","2.1.0.383","PSt7-10","171027-000","6/27/2018 9:55:33 AM","0000-00","0","no battery","V"
"08/23/2019","13:02:24","1","default","104940808","OXY1","26.393","min","172.629","μmol/L","Humid","21.171","deg","65356","µV","31.190","°C","1022.000","hPa","36.0","pmil","0","55.680","deg","20.000","°C","100.000","%a.s.","22.210","deg","20.000","°C","971.000","hPa","0.826","-0.01532","0.000401","-0.00012","0","11.08","Humid","26.60","0","20.10","230511.79","SABD0002000011","AAV2.0.0.13","2.1.0.383","PSt7-10","171027-000","6/27/2018 9:55:33 AM","0000-00","0","no battery","V"
"08/23/2019","13:02:25","1","default","104940808","OXY1","26.410","min","172.607","μmol/L","Humid","21.168","deg","65346","µV","31.202","°C","1022.000","hPa","36.0","pmil","0","55.680","deg","20.000","°C","100.000","%a.s.","22.210","deg","20.000","°C","971.000","hPa","0.826","-0.01532","0.000401","-0.00012","0","11.08","Humid","26.60","0","20.10","230507.55","SABD0002000011","AAV2.0.0.13","2.1.0.383","PSt7-10","171027-000","6/27/2018 9:55:33 AM","0000-00","0","no battery","V"
"08/23/2019","13:02:26","1","default","104940808","OXY1","26.427","min","172.626","μmol/L","Humid","21.169","deg","65339","µV","31.196","°C","1022.000","hPa","36.0","pmil","0","55.680","deg","20.000","°C","100.000","%a.s.","22.210","deg","20.000","°C","971.000","hPa","0.826","-0.01532","0.000401","-0.00012","0","11.08","Humid","26.60","0","20.10","230488.89","SABD0002000011","AAV2.0.0.13","2.1.0.383","PSt7-10","171027-000","6/27/2018 9:55:33 AM","0000-00","0","no battery","V"
"08/23/2019","13:02:27","1","default","104940808","OXY1","26.444","min","172.652","μmol/L","Humid","21.169","deg","65327","µV","31.190","°C","1021.000","hPa","36.0","pmil","0","55.680","deg","20.000","°C","100.000","%a.s.","22.210","deg","20.000","°C","971.000","hPa","0.826","-0.01532","0.000401","-0.00012","0","11.08","Humid","26.60","0","20.10","230497.91","SABD0002000011","AAV2.0.0.13","2.1.0.383","PSt7-10","171027-000","6/27/2018 9:55:33 AM","0000-00","0","no battery","V"
"08/23/2019","13:02:28","1","default","104940808","OXY1","26.461","min","172.607","μmol/L","Humid","21.168","deg","65320","µV","31.202","°C","1022.000","hPa","36.0","pmil","0","55.680","deg","20.000","°C","100.000","%a.s.","22.210","deg","20.000","°C","971.000","hPa","0.826","-0.01532","0.000401","-0.00012","0","11.08","Humid","26.60","0","20.10","230496.12","SABD0002000011","AAV2.0.0.13","2.1.0.383","PSt7-10","171027-000","6/27/2018 9:55:33 AM","0000-00","0","no battery","V"
"08/23/2019","13:02:29","1","default","104940808","OXY1","26.477","min","172.531","μmol/L","Humid","21.173","deg","65303","µV","31.202","°C","1022.000","hPa","36.0","pmil","0","55.680","deg","20.000","°C","100.000","%a.s.","22.210","deg","20.000","°C","971.000","hPa","0.826","-0.01532","0.000401","-0.00012","0","11.08","Humid","26.60","0","20.10","230480.33","SABD0002000011","AAV2.0.0.13","2.1.0.383","PSt7-10","171027-000","6/27/2018 9:55:33 AM","0000-00","0","no battery","V"
"08/23/2019","13:02:30","1","default","104940808","OXY1","26.494","min","172.607","μmol/L","Humid","21.168","deg","65296","µV","31.202","°C","1022.000","hPa","36.0","pmil","0","55.680","deg","20.000","°C","100.000","%a.s.","22.210","deg","20.000","°C","971.000","hPa","0.826","-0.01532","0.000401","-0.00012","0","11.08","Humid","26.60","0","20.10","230489.25","SABD0002000011","AAV2.0.0.13","2.1.0.383","PSt7-10","171027-000","6/27/2018 9:55:33 AM","0000-00","0","no battery","V"
"08/23/2019","13:02:31","1","default","104940808","OXY1","26.510","min","172.641","μmol/L","Humid","21.168","deg","65301","µV","31.196","°C","1022.000","hPa","36.0","pmil","0","55.680","deg","20.000","°C","100.000","%a.s.","22.210","deg","20.000","°C","971.000","hPa","0.826","-0.01532","0.000401","-0.00012","0","11.08","Humid","26.60","0","20.10","230488.35","SABD0002000011","AAV2.0.0.13","2.1.0.383","PSt7-10","171027-000","6/27/2018 9:55:33 AM","0000-00","0","no battery","V"
"08/23/2019","13:02:32","1","default","104940808","OXY1","26.527","min","172.568","μmol/L","Humid","21.175","deg","65294","µV","31.190","°C","1022.000","hPa","36.0","pmil","0","55.680","deg","20.000","°C","100.000","%a.s.","22.210","deg","20.000","°C","971.000","hPa","0.826","-0.01532","0.000401","-0.00012","0","11.08","Humid","26.60","0","20.10","230483.52","SABD0002000011","AAV2.0.0.13","2.1.0.383","PSt7-10","171027-000","6/27/2018 9:55:33 AM","0000-00","0","no battery","V"
"08/23/2019","13:02:33","1","default","104940808","OXY1","26.544","min","172.569","μmol/L","Humid","21.170","deg","65287","µV","31.202","°C","1021.000","hPa","36.0","pmil","0","55.680","deg","20.000","°C","100.000","%a.s.","22.210","deg","20.000","°C","971.000","hPa","0.826","-0.01532","0.000401","-0.00012","0","11.08","Humid","26.60","0","20.10","230476.90","SABD0002000011","AAV2.0.0.13","2.1.0.383","PSt7-10","171027-000","6/27/2018 9:55:33 AM","0000-00","0","no battery","V"
"08/23/2019","13:02:34","1","default","104940808","OXY1","26.560","min","172.649","μmol/L","Humid","21.167","deg","65283","µV","31.196","°C","1021.000","hPa","36.0","pmil","0","55.680","deg","20.000","°C","100.000","%a.s.","22.210","deg","20.000","°C","971.000","hPa","0.826","-0.01532","0.000401","-0.00012","0","11.08","Humid","26.60","0","20.10","230465.60","SABD0002000011","AAV2.0.0.13","2.1.0.383","PSt7-10","171027-000","6/27/2018 9:55:33 AM","0000-00","0","no battery","V"
"08/23/2019","13:02:35","1","default","104940808","OXY1","26.577","min","172.611","μmol/L","Humid","21.170","deg","65273","µV","31.196","°C","1022.000","hPa","36.0","pmil","0","55.680","deg","20.000","°C","100.000","%a.s.","22.210","deg","20.000","°C","971.000","hPa","0.826","-0.01532","0.000401","-0.00012","0","11.08","Humid","26.60","0","20.10","230474.90","SABD0002000011","AAV2.0.0.13","2.1.0.383","PSt7-10","171027-000","6/27/2018 9:55:33 AM","0000-00","0","no battery","V"
"08/23/2019","13:02:36","1","default","104940808","OXY1","26.594","min","172.549","μmol/L","Humid","21.174","deg","65269","µV","31.196","°C","1022.000","hPa","36.0","pmil","0","55.680","deg","20.000","°C","100.000","%a.s.","22.210","deg","20.000","°C","971.000","hPa","0.826","-0.01532","0.000401","-0.00012","0","11.08","Humid","26.60","0","20.10","230474.12","SABD0002000011","AAV2.0.0.13","2.1.0.383","PSt7-10","171027-000","6/27/2018 9:55:33 AM","0000-00","0","no battery","V"
"08/23/2019","13:02:37","1","default","104940808","OXY1","26.611","min","172.599","μmol/L","Humid","21.173","deg","65264","µV","31.190","°C","1022.000","hPa","36.0","pmil","0","55.680","deg","20.000","°C","100.000","%a.s.","22.210","deg","20.000","°C","971.000","hPa","0.826","-0.01532","0.000401","-0.00012","0","11.08","Humid","26.60","0","20.10","230468.26","SABD0002000011","AAV2.0.0.13","2.1.0.383","PSt7-10","171027-000","6/27/2018 9:55:33 AM","0000-00","0","no battery","V"
"08/23/2019","13:02:38","1","default","104940808","OXY1","26.627","min","172.496","μmol/L","Humid","21.177","deg","65263","µV","31.196","°C","1021.000","hPa","36.0","pmil","0","55.680","deg","20.000","°C","100.000","%a.s.","22.210","deg","20.000","°C","971.000","hPa","0.826","-0.01532","0.000401","-0.00012","0","11.08","Humid","26.60","0","20.10","230461.85","SABD0002000011","AAV2.0.0.13","2.1.0.383","PSt7-10","171027-000","6/27/2018 9:55:33 AM","0000-00","0","no battery","V"
"08/23/2019","13:02:39","1","default","104940808","OXY1","26.644","min","172.565","μmol/L","Humid","21.173","deg","65258","µV","31.196","°C","1022.000","hPa","36.0","pmil","0","55.680","deg","20.000","°C","100.000","%a.s.","22.210","deg","20.000","°C","971.000","hPa","0.826","-0.01532","0.000401","-0.00012","0","11.08","Humid","26.60","0","20.10","230449.73","SABD0002000011","AAV2.0.0.13","2.1.0.383","PSt7-10","171027-000","6/27/2018 9:55:33 AM","0000-00","0","no battery","V"
"08/23/2019","13:02:40","1","default","104940808","OXY1","26.660","min","172.572","μmol/L","Humid","21.172","deg","65250","µV","31.196","°C","1021.000","hPa","36.0","pmil","0","55.680","deg","20.000","°C","100.000","%a.s.","22.210","deg","20.000","°C","971.000","hPa","0.826","-0.01532","0.000401","-0.00012","0","11.08","Humid","26.60","0","20.10","230456.87","SABD0002000011","AAV2.0.0.13","2.1.0.383","PSt7-10","171027-000","6/27/2018 9:55:33 AM","0000-00","0","no battery","V"
"08/23/2019","13:02:41","1","default","104940808","OXY1","26.677","min","172.491","μmol/L","Humid","21.180","deg","65241","µV","31.190","°C","1022.000","hPa","36.0","pmil","0","55.680","deg","20.000","°C","100.000","%a.s.","22.210","deg","20.000","°C","971.000","hPa","0.826","-0.01532","0.000401","-0.00012","0","11.08","Humid","26.60","0","20.10","230450.40","SABD0002000011","AAV2.0.0.13","2.1.0.383","PSt7-10","171027-000","6/27/2018 9:55:33 AM","0000-00","0","no battery","V"
"08/23/2019","13:02:42","1","default","104940808","OXY1","26.693","min","172.592","μmol/L","Humid","21.169","deg","65238","µV","31.202","°C","1022.000","hPa","36.0","pmil","0","55.680","deg","20.000","°C","100.000","%a.s.","22.210","deg","20.000","°C","971.000","hPa","0.826","-0.01532","0.000401","-0.00012","0","11.08","Humid","26.60","0","20.10","230438.18","SABD0002000011","AAV2.0.0.13","2.1.0.383","PSt7-10","171027-000","6/27/2018 9:55:33 AM","0000-00","0","no battery","V"
"08/23/2019","13:02:43","1","default","104940808","OXY1","26.710","min","172.637","μmol/L","Humid","21.170","deg","65233","µV","31.190","°C","1021.000","hPa","36.0","pmil","0","55.680","deg","20.000","°C","100.000","%a.s.","22.210","deg","20.000","°C","971.000","hPa","0.826","-0.01532","0.000401","-0.00012","0","11.08","Humid","26.60","0","20.10","230439.17","SABD0002000011","AAV2.0.0.13","2.1.0.383","PSt7-10","171027-000","6/27/2018 9:55:33 AM","0000-00","0","no battery","V"
"08/23/2019","13:02:44","1","default","104940808","OXY1","26.727","min","172.534","μmol/L","Humid","21.175","deg","65225","µV","31.196","°C","1022.000","hPa","36.0","pmil","0","55.680","deg","20.000","°C","100.000","%a.s.","22.210","deg","20.000","°C","971.000","hPa","0.826","-0.01532","0.000401","-0.00012","0","11.08","Humid","26.60","0","20.10","230448.37","SABD0002000011","AAV2.0.0.13","2.1.0.383","PSt7-10","171027-000","6/27/2018 9:55:33 AM","0000-00","0","no battery","V"
"08/23/2019","13:02:45","1","default","104940808","OXY1","26.744","min","172.572","μmol/L","Humid","21.172","deg","65217","µV","31.196","°C","1021.000","hPa","36.0","pmil","0","55.680","deg","20.000","°C","100.000","%a.s.","22.210","deg","20.000","°C","971.000","hPa","0.826","-0.01532","0.000401","-0.00012","0","11.08","Humid","26.60","0","20.10","230443.43","SABD0002000011","AAV2.0.0.13","2.1.0.383","PSt7-10","171027-000","6/27/2018 9:55:33 AM","0000-00","0","no battery","V"
"08/23/2019","13:02:46","1","default","104940808","OXY1","26.761","min","172.549","μmol/L","Humid","21.174","deg","65218","µV","31.196","°C","1022.000","hPa","36.0","pmil","0","55.680","deg","20.000","°C","100.000","%a.s.","22.210","deg","20.000","°C","971.000","hPa","0.826","-0.01532","0.000401","-0.00012","0","11.08","Humid","26.60","0","20.10","230453.74","SABD0002000011","AAV2.0.0.13","2.1.0.383","PSt7-10","171027-000","6/27/2018 9:55:33 AM","0000-00","0","no battery","V"
"08/23/2019","13:02:47","1","default","104940808","OXY1","26.777","min","172.580","μmol/L","Humid","21.172","deg","65211","µV","31.196","°C","1022.000","hPa","36.0","pmil","0","55.680","deg","20.000","°C","100.000","%a.s.","22.210","deg","20.000","°C","971.000","hPa","0.826","-0.01532","0.000401","-0.00012","0","11.08","Humid","26.60","0","20.10","230438.19","SABD0002000011","AAV2.0.0.13","2.1.0.383","PSt7-10","171027-000","6/27/2018 9:55:33 AM","0000-00","0","no battery","V"
"08/23/2019","13:02:48","1","default","104940808","OXY1","26.793","min","172.462","μmol/L","Humid","21.177","deg","65205","µV","31.202","°C","1021.000","hPa","36.0","pmil","0","55.680","deg","20.000","°C","100.000","%a.s.","22.210","deg","20.000","°C","971.000","hPa","0.826","-0.01532","0.000401","-0.00012","0","11.08","Humid","26.60","0","20.10","230436.55","SABD0002000011","AAV2.0.0.13","2.1.0.383","PSt7-10","171027-000","6/27/2018 9:55:33 AM","0000-00","0","no battery","V"
"08/23/2019","13:02:49","1","default","104940808","OXY1","26.810","min","172.580","μmol/L","Humid","21.172","deg","65203","µV","31.196","°C","1022.000","hPa","36.0","pmil","0","55.680","deg","20.000","°C","100.000","%a.s.","22.210","deg","20.000","°C","971.000","hPa","0.826","-0.01532","0.000401","-0.00012","0","11.08","Humid","26.60","0","20.10","230435.54","SABD0002000011","AAV2.0.0.13","2.1.0.383","PSt7-10","171027-000","6/27/2018 9:55:33 AM","0000-00","0","no battery","V"
"08/23/2019","13:02:50","1","default","104940808","OXY1","26.827","min","172.537","μmol/L","Humid","21.177","deg","65201","µV","31.190","°C","1022.000","hPa","36.0","pmil","0","55.680","deg","20.000","°C","100.000","%a.s.","22.210","deg","20.000","°C","971.000","hPa","0.826","-0.01532","0.000401","-0.00012","0","11.08","Humid","26.60","0","20.10","230425.94","SABD0002000011","AAV2.0.0.13","2.1.0.383","PSt7-10","171027-000","6/27/2018 9:55:33 AM","0000-00","0","no battery","V"
"08/23/2019","13:02:51","1","default","104940808","OXY1","26.843","min","172.534","μmol/L","Humid","21.175","deg","65197","µV","31.196","°C","1022.000","hPa","36.0","pmil","0","55.680","deg","20.000","°C","100.000","%a.s.","22.210","deg","20.000","°C","971.000","hPa","0.826","-0.01532","0.000401","-0.00012","0","11.08","Humid","26.60","0","20.10","230427.91","SABD0002000011","AAV2.0.0.13","2.1.0.383","PSt7-10","171027-000","6/27/2018 9:55:33 AM","0000-00","0","no battery","V"
"08/23/2019","13:02:52","1","default","104940808","OXY1","26.860","min","172.611","μmol/L","Humid","21.170","deg","65188","µV","31.196","°C","1022.000","hPa","36.0","pmil","0","55.680","deg","20.000","°C","100.000","%a.s.","22.210","deg","20.000","°C","971.000","hPa","0.826","-0.01532","0.000401","-0.00012","0","11.08","Humid","26.60","0","20.10","230426.99","SABD0002000011","AAV2.0.0.13","2.1.0.383","PSt7-10","171027-000","6/27/2018 9:55:33 AM","0000-00","0","no battery","V"
"08/23/2019","13:02:53","1","default","104940808","OXY1","26.877","min","172.496","μmol/L","Humid","21.177","deg","65187","µV","31.196","°C","1021.000","hPa","36.0","pmil","0","55.680","deg","20.000","°C","100.000","%a.s.","22.210","deg","20.000","°C","971.000","hPa","0.826","-0.01532","0.000401","-0.00012","0","11.08","Humid","26.60","0","20.10","230423.55","SABD0002000011","AAV2.0.0.13","2.1.0.383","PSt7-10","171027-000","6/27/2018 9:55:33 AM","0000-00","0","no battery","V"
"08/23/2019","13:02:54","1","default","104940808","OXY1","26.894","min","172.583","μmol/L","Humid","21.174","deg","65186","µV","31.190","°C","1022.000","hPa","36.0","pmil","0","55.680","deg","20.000","°C","100.000","%a.s.","22.210","deg","20.000","°C","971.000","hPa","0.826","-0.01532","0.000401","-0.00012","0","11.08","Humid","26.60","0","20.10","230417.22","SABD0002000011","AAV2.0.0.13","2.1.0.383","PSt7-10","171027-000","6/27/2018 9:55:33 AM","0000-00","0","no battery","V"
"08/23/2019","13:02:55","1","default","104940808","OXY1","26.910","min","172.568","μmol/L","Humid","21.175","deg","65185","µV","31.190","°C","1022.000","hPa","36.0","pmil","0","55.680","deg","20.000","°C","100.000","%a.s.","22.210","deg","20.000","°C","971.000","hPa","0.826","-0.01532","0.000401","-0.00012","0","11.08","Humid","26.60","0","20.10","230423.38","SABD0002000011","AAV2.0.0.13","2.1.0.383","PSt7-10","171027-000","6/27/2018 9:55:33 AM","0000-00","0","no battery","V"
"08/23/2019","13:02:56","1","default","104940808","OXY1","26.927","min","172.553","μmol/L","Humid","21.176","deg","65179","µV","31.190","°C","1022.000","hPa","36.0","pmil","0","55.680","deg","20.000","°C","100.000","%a.s.","22.210","deg","20.000","°C","971.000","hPa","0.826","-0.01532","0.000401","-0.00012","0","11.08","Humid","26.60","0","20.10","230412.21","SABD0002000011","AAV2.0.0.13","2.1.0.383","PSt7-10","171027-000","6/27/2018 9:55:33 AM","0000-00","0","no battery","V"
"08/23/2019","13:02:57","1","default","104940808","OXY1","26.944","min","172.507","μmol/L","Humid","21.179","deg","65180","µV","31.190","°C","1022.000","hPa","36.0","pmil","0","55.680","deg","20.000","°C","100.000","%a.s.","22.210","deg","20.000","°C","971.000","hPa","0.826","-0.01532","0.000401","-0.00012","0","11.08","Humid","26.60","0","20.10","230418.77","SABD0002000011","AAV2.0.0.13","2.1.0.383","PSt7-10","171027-000","6/27/2018 9:55:33 AM","0000-00","0","no battery","V"
"08/23/2019","13:02:58","1","default","104940808","OXY1","26.961","min","172.629","μmol/L","Humid","21.171","deg","65173","µV","31.190","°C","1022.000","hPa","36.0","pmil","0","55.680","deg","20.000","°C","100.000","%a.s.","22.210","deg","20.000","°C","971.000","hPa","0.826","-0.01532","0.000401","-0.00012","0","11.08","Humid","26.60","0","20.10","230411.34","SABD0002000011","AAV2.0.0.13","2.1.0.383","PSt7-10","171027-000","6/27/2018 9:55:33 AM","0000-00","0","no battery","V"
"08/23/2019","13:02:59","1","default","104940808","OXY1","26.977","min","172.491","μmol/L","Humid","21.180","deg","65169","µV","31.190","°C","1022.000","hPa","36.0","pmil","0","55.680","deg","20.000","°C","100.000","%a.s.","22.210","deg","20.000","°C","971.000","hPa","0.826","-0.01532","0.000401","-0.00012","0","11.08","Humid","26.60","0","20.10","230411.23","SABD0002000011","AAV2.0.0.13","2.1.0.383","PSt7-10","171027-000","6/27/2018 9:55:33 AM","0000-00","0","no battery","V"
"08/23/2019","13:03:00","1","default","104940808","OXY1","26.993","min","172.445","μmol/L","Humid","21.183","deg","65166","µV","31.190","°C","1022.000","hPa","36.0","pmil","0","55.680","deg","20.000","°C","100.000","%a.s.","22.210","deg","20.000","°C","971.000","hPa","0.826","-0.01532","0.000401","-0.00012","0","11.08","Humid","26.60","0","20.10","230396.74","SABD0002000011","AAV2.0.0.13","2.1.0.383","PSt7-10","171027-000","6/27/2018 9:55:33 AM","0000-00","0","no battery","V"
"08/23/2019","13:03:01","1","default","104940808","OXY1","27.010","min","172.526","μmol/L","Humid","21.175","deg","65168","µV","31.196","°C","1021.000","hPa","36.0","pmil","0","55.680","deg","20.000","°C","100.000","%a.s.","22.210","deg","20.000","°C","971.000","hPa","0.826","-0.01532","0.000401","-0.00012","0","11.08","Humid","26.60","0","20.10","230395.91","SABD0002000011","AAV2.0.0.13","2.1.0.383","PSt7-10","171027-000","6/27/2018 9:55:33 AM","0000-00","0","no battery","V"
"08/23/2019","13:03:02","1","default","104940808","OXY1","27.027","min","172.626","μmol/L","Humid","21.169","deg","65165","µV","31.196","°C","1022.000","hPa","36.0","pmil","0","55.680","deg","20.000","°C","100.000","%a.s.","22.210","deg","20.000","°C","971.000","hPa","0.826","-0.01532","0.000401","-0.00012","0","11.08","Humid","26.60","0","20.10","230392.34","SABD0002000011","AAV2.0.0.13","2.1.0.383","PSt7-10","171027-000","6/27/2018 9:55:33 AM","0000-00","0","no battery","V"
"08/23/2019","13:03:03","1","default","104940808","OXY1","27.044","min","172.442","μmol/L","Humid","21.181","deg","65158","µV","31.196","°C","1022.000","hPa","36.0","pmil","0","55.680","deg","20.000","°C","100.000","%a.s.","22.210","deg","20.000","°C","971.000","hPa","0.826","-0.01532","0.000401","-0.00012","0","11.08","Humid","26.60","0","20.10","230388.29","SABD0002000011","AAV2.0.0.13","2.1.0.383","PSt7-10","171027-000","6/27/2018 9:55:33 AM","0000-00","0","no battery","V"
"08/23/2019","13:03:04","1","default","104940808","OXY1","27.060","min","172.522","μmol/L","Humid","21.178","deg","65156","µV","31.190","°C","1022.000","hPa","36.0","pmil","0","55.680","deg","20.000","°C","100.000","%a.s.","22.210","deg","20.000","°C","971.000","hPa","0.826","-0.01532","0.000401","-0.00012","0","11.08","Humid","26.60","0","20.10","230385.31","SABD0002000011","AAV2.0.0.13","2.1.0.383","PSt7-10","171027-000","6/27/2018 9:55:33 AM","0000-00","0","no battery","V"
"08/23/2019","13:03:05","1","default","104940808","OXY1","27.077","min","172.427","μmol/L","Humid","21.182","deg","65147","µV","31.196","°C","1022.000","hPa","36.0","pmil","0","55.680","deg","20.000","°C","100.000","%a.s.","22.210","deg","20.000","°C","971.000","hPa","0.826","-0.01532","0.000401","-0.00012","0","11.08","Humid","26.60","0","20.10","230402.81","SABD0002000011","AAV2.0.0.13","2.1.0.383","PSt7-10","171027-000","6/27/2018 9:55:33 AM","0000-00","0","no battery","V"
"08/23/2019","13:03:06","1","default","104940808","OXY1","27.094","min","172.526","μmol/L","Humid","21.175","deg","65146","µV","31.196","°C","1021.000","hPa","36.0","pmil","0","55.680","deg","20.000","°C","100.000","%a.s.","22.210","deg","20.000","°C","971.000","hPa","0.826","-0.01532","0.000401","-0.00012","0","11.08","Humid","26.60","0","20.10","230391.27","SABD0002000011","AAV2.0.0.13","2.1.0.383","PSt7-10","171027-000","6/27/2018 9:55:33 AM","0000-00","0","no battery","V"
"08/23/2019","13:03:07","1","default","104940808","OXY1","27.111","min","172.553","μmol/L","Humid","21.176","deg","65146","µV","31.190","°C","1022.000","hPa","36.0","pmil","0","55.680","deg","20.000","°C","100.000","%a.s.","22.210","deg","20.000","°C","971.000","hPa","0.826","-0.01532","0.000401","-0.00012","0","11.08","Humid","26.60","0","20.10","230388.90","SABD0002000011","AAV2.0.0.13","2.1.0.383","PSt7-10","171027-000","6/27/2018 9:55:33 AM","0000-00","0","no battery","V"
"08/23/2019","13:03:08","1","default","104940808","OXY1","27.127","min","172.496","μmol/L","Humid","21.177","deg","65140","µV","31.196","°C","1021.000","hPa","36.0","pmil","0","55.680","deg","20.000","°C","100.000","%a.s.","22.210","deg","20.000","°C","971.000","hPa","0.826","-0.01532","0.000401","-0.00012","0","11.08","Humid","26.60","0","20.10","230391.47","SABD0002000011","AAV2.0.0.13","2.1.0.383","PSt7-10","171027-000","6/27/2018 9:55:33 AM","0000-00","0","no battery","V"
"08/23/2019","13:03:09","1","default","104940808","OXY1","27.143","min","172.491","μmol/L","Humid","21.180","deg","65142","µV","31.190","°C","1022.000","hPa","36.0","pmil","0","55.680","deg","20.000","°C","100.000","%a.s.","22.210","deg","20.000","°C","971.000","hPa","0.826","-0.01532","0.000401","-0.00012","0","11.08","Humid","26.60","0","20.10","230382.60","SABD0002000011","AAV2.0.0.13","2.1.0.383","PSt7-10","171027-000","6/27/2018 9:55:33 AM","0000-00","0","no battery","V"
"08/23/2019","13:03:10","1","default","104940808","OXY1","27.160","min","172.507","μmol/L","Humid","21.179","deg","65136","µV","31.190","°C","1022.000","hPa","36.0","pmil","0","55.680","deg","20.000","°C","100.000","%a.s.","22.210","deg","20.000","°C","971.000","hPa","0.826","-0.01532","0.000401","-0.00012","0","11.08","Humid","26.60","0","20.10","230381.93","SABD0002000011","AAV2.0.0.13","2.1.0.383","PSt7-10","171027-000","6/27/2018 9:55:33 AM","0000-00","0","no battery","V"
"08/23/2019","13:03:11","1","default","104940808","OXY1","27.177","min","172.457","μmol/L","Humid","21.180","deg","65137","µV","31.196","°C","1022.000","hPa","36.0","pmil","0","55.680","deg","20.000","°C","100.000","%a.s.","22.210","deg","20.000","°C","971.000","hPa","0.826","-0.01532","0.000401","-0.00012","0","11.08","Humid","26.60","0","20.10","230381.84","SABD0002000011","AAV2.0.0.13","2.1.0.383","PSt7-10","171027-000","6/27/2018 9:55:33 AM","0000-00","0","no battery","V"
"08/23/2019","13:03:12","1","default","104940808","OXY1","27.194","min","172.553","μmol/L","Humid","21.176","deg","65134","µV","31.190","°C","1022.000","hPa","36.0","pmil","0","55.680","deg","20.000","°C","100.000","%a.s.","22.210","deg","20.000","°C","971.000","hPa","0.826","-0.01532","0.000401","-0.00012","0","11.08","Humid","26.60","0","20.10","230376.81","SABD0002000011","AAV2.0.0.13","2.1.0.383","PSt7-10","171027-000","6/27/2018 9:55:33 AM","0000-00","0","no battery","V"
"08/23/2019","13:03:13","1","default","104940808","OXY1","27.210","min","172.499","μmol/L","Humid","21.179","deg","65125","µV","31.190","°C","1021.000","hPa","36.0","pmil","0","55.680","deg","20.000","°C","100.000","%a.s.","22.210","deg","20.000","°C","971.000","hPa","0.826","-0.01532","0.000401","-0.00012","0","11.08","Humid","26.60","0","20.10","230385.04","SABD0002000011","AAV2.0.0.13","2.1.0.383","PSt7-10","171027-000","6/27/2018 9:55:33 AM","0000-00","0","no battery","V"
"08/23/2019","13:03:14","1","default","104940808","OXY1","27.227","min","172.442","μmol/L","Humid","21.181","deg","65133","µV","31.196","°C","1022.000","hPa","36.0","pmil","0","55.680","deg","20.000","°C","100.000","%a.s.","22.210","deg","20.000","°C","971.000","hPa","0.826","-0.01532","0.000401","-0.00012","0","11.08","Humid","26.60","0","20.10","230373.27","SABD0002000011","AAV2.0.0.13","2.1.0.383","PSt7-10","171027-000","6/27/2018 9:55:33 AM","0000-00","0","no battery","V"
"08/23/2019","13:03:15","1","default","104940808","OXY1","27.244","min","172.473","μmol/L","Humid","21.179","deg","65124","µV","31.196","°C","1022.000","hPa","36.0","pmil","0","55.680","deg","20.000","°C","100.000","%a.s.","22.210","deg","20.000","°C","971.000","hPa","0.826","-0.01532","0.000401","-0.00012","0","11.08","Humid","26.60","0","20.10","230388.99","SABD0002000011","AAV2.0.0.13","2.1.0.383","PSt7-10","171027-000","6/27/2018 9:55:33 AM","0000-00","0","no battery","V"
"08/23/2019","13:03:16","1","default","104940808","OXY1","27.261","min","172.519","μmol/L","Humid","21.176","deg","65121","µV","31.196","°C","1022.000","hPa","36.0","pmil","0","55.680","deg","20.000","°C","100.000","%a.s.","22.210","deg","20.000","°C","971.000","hPa","0.826","-0.01532","0.000401","-0.00012","0","11.08","Humid","26.60","0","20.10","230369.15","SABD0002000011","AAV2.0.0.13","2.1.0.383","PSt7-10","171027-000","6/27/2018 9:55:33 AM","0000-00","0","no battery","V"
"08/23/2019","13:03:17","1","default","104940808","OXY1","27.277","min","172.568","μmol/L","Humid","21.175","deg","65115","µV","31.190","°C","1022.000","hPa","36.0","pmil","0","55.680","deg","20.000","°C","100.000","%a.s.","22.210","deg","20.000","°C","971.000","hPa","0.826","-0.01532","0.000401","-0.00012","0","11.08","Humid","26.60","0","20.10","230366.19","SABD0002000011","AAV2.0.0.13","2.1.0.383","PSt7-10","171027-000","6/27/2018 9:55:33 AM","0000-00","0","no battery","V"
"08/23/2019","13:03:18","1","default","104940808","OXY1","27.294","min","172.393","μmol/L","Humid","21.182","deg","65111","µV","31.202","°C","1022.000","hPa","36.0","pmil","0","55.680","deg","20.000","°C","100.000","%a.s.","22.210","deg","20.000","°C","971.000","hPa","0.826","-0.01532","0.000401","-0.00012","0","11.08","Humid","26.60","0","20.10","230366.45","SABD0002000011","AAV2.0.0.13","2.1.0.383","PSt7-10","171027-000","6/27/2018 9:55:33 AM","0000-00","0","no battery","V"
"08/23/2019","13:03:19","1","default","104940808","OXY1","27.311","min","172.473","μmol/L","Humid","21.179","deg","65111","µV","31.196","°C","1022.000","hPa","36.0","pmil","0","55.680","deg","20.000","°C","100.000","%a.s.","22.210","deg","20.000","°C","971.000","hPa","0.826","-0.01532","0.000401","-0.00012","0","11.08","Humid","26.60","0","20.10","230376.60","SABD0002000011","AAV2.0.0.13","2.1.0.383","PSt7-10","171027-000","6/27/2018 9:55:33 AM","0000-00","0","no battery","V"
"08/23/2019","13:03:20","1","default","104940808","OXY1","27.327","min","172.442","μmol/L","Humid","21.181","deg","65105","µV","31.196","°C","1022.000","hPa","36.0","pmil","0","55.680","deg","20.000","°C","100.000","%a.s.","22.210","deg","20.000","°C","971.000","hPa","0.826","-0.01532","0.000401","-0.00012","0","11.08","Humid","26.60","0","20.10","230377.54","SABD0002000011","AAV2.0.0.13","2.1.0.383","PSt7-10","171027-000","6/27/2018 9:55:33 AM","0000-00","0","no battery","V"
"08/23/2019","13:03:21","1","default","104940808","OXY1","27.343","min","172.503","μmol/L","Humid","21.177","deg","65105","µV","31.196","°C","1022.000","hPa","36.0","pmil","0","55.680","deg","20.000","°C","100.000","%a.s.","22.210","deg","20.000","°C","971.000","hPa","0.826","-0.01532","0.000401","-0.00012","0","11.08","Humid","26.60","0","20.10","230375.58","SABD0002000011","AAV2.0.0.13","2.1.0.383","PSt7-10","171027-000","6/27/2018 9:55:33 AM","0000-00","0","no battery","V"
"08/23/2019","13:03:22","1","default","104940808","OXY1","27.360","min","172.511","μmol/L","Humid","21.176","deg","65098","µV","31.196","°C","1021.000","hPa","36.0","pmil","0","55.680","deg","20.000","°C","100.000","%a.s.","22.210","deg","20.000","°C","971.000","hPa","0.826","-0.01532","0.000401","-0.00012","0","11.08","Humid","26.60","0","20.10","230367.80","SABD0002000011","AAV2.0.0.13","2.1.0.383","PSt7-10","171027-000","6/27/2018 9:55:33 AM","0000-00","0","no battery","V"
"08/23/2019","13:03:23","1","default","104940808","OXY1","27.377","min","172.511","μmol/L","Humid","21.176","deg","65097","µV","31.196","°C","1021.000","hPa","36.0","pmil","0","55.680","deg","20.000","°C","100.000","%a.s.","22.210","deg","20.000","°C","971.000","hPa","0.826","-0.01532","0.000401","-0.00012","0","11.08","Humid","26.60","0","20.10","230363.41","SABD0002000011","AAV2.0.0.13","2.1.0.383","PSt7-10","171027-000","6/27/2018 9:55:33 AM","0000-00","0","no battery","V"
"08/23/2019","13:03:24","1","default","104940808","OXY1","27.394","min","172.614","μmol/L","Humid","21.172","deg","65090","µV","31.190","°C","1022.000","hPa","36.0","pmil","0","55.680","deg","20.000","°C","100.000","%a.s.","22.210","deg","20.000","°C","971.000","hPa","0.826","-0.01532","0.000401","-0.00012","0","11.08","Humid","26.60","0","20.10","230364.13","SABD0002000011","AAV2.0.0.13","2.1.0.383","PSt7-10","171027-000","6/27/2018 9:55:33 AM","0000-00","0","no battery","V"
"08/23/2019","13:03:25","1","default","104940808","OXY1","27.410","min","172.545","μmol/L","Humid","21.176","deg","65085","µV","31.190","°C","1021.000","hPa","36.0","pmil","0","55.680","deg","20.000","°C","100.000","%a.s.","22.210","deg","20.000","°C","971.000","hPa","0.826","-0.01532","0.000401","-0.00012","0","11.08","Humid","26.60","0","20.10","230351.71","SABD0002000011","AAV2.0.0.13","2.1.0.383","PSt7-10","171027-000","6/27/2018 9:55:33 AM","0000-00","0","no battery","V"
"08/23/2019","13:03:26","1","default","104940808","OXY1","27.427","min","172.568","μmol/L","Humid","21.175","deg","65075","µV","31.190","°C","1022.000","hPa","36.0","pmil","0","55.680","deg","20.000","°C","100.000","%a.s.","22.210","deg","20.000","°C","971.000","hPa","0.826","-0.01532","0.000401","-0.00012","0","11.08","Humid","26.60","0","20.10","230346.26","SABD0002000011","AAV2.0.0.13","2.1.0.383","PSt7-10","171027-000","6/27/2018 9:55:33 AM","0000-00","0","no battery","V"
"08/23/2019","13:03:27","1","default","104940808","OXY1","27.444","min","172.424","μmol/L","Humid","21.180","deg","65074","µV","31.202","°C","1022.000","hPa","36.0","pmil","0","55.680","deg","20.000","°C","100.000","%a.s.","22.210","deg","20.000","°C","971.000","hPa","0.826","-0.01532","0.000401","-0.00012","0","11.08","Humid","26.60","0","20.10","230357.67","SABD0002000011","AAV2.0.0.13","2.1.0.383","PSt7-10","171027-000","6/27/2018 9:55:33 AM","0000-00","0","no battery","V"
"08/23/2019","13:03:28","1","default","104940808","OXY1","27.461","min","172.419","μmol/L","Humid","21.182","deg","65069","µV","31.196","°C","1021.000","hPa","36.0","pmil","0","55.680","deg","20.000","°C","100.000","%a.s.","22.210","deg","20.000","°C","971.000","hPa","0.826","-0.01532","0.000401","-0.00012","0","11.08","Humid","26.60","0","20.10","230351.94","SABD0002000011","AAV2.0.0.13","2.1.0.383","PSt7-10","171027-000","6/27/2018 9:55:33 AM","0000-00","0","no battery","V"
"08/23/2019","13:03:29","1","default","104940808","OXY1","27.477","min","172.522","μmol/L","Humid","21.178","deg","65062","µV","31.190","°C","1022.000","hPa","36.0","pmil","0","55.680","deg","20.000","°C","100.000","%a.s.","22.210","deg","20.000","°C","971.000","hPa","0.826","-0.01532","0.000401","-0.00012","0","11.08","Humid","26.60","0","20.10","230342.54","SABD0002000011","AAV2.0.0.13","2.1.0.383","PSt7-10","171027-000","6/27/2018 9:55:33 AM","0000-00","0","no battery","V"
"08/23/2019","13:03:30","1","default","104940808","OXY1","27.493","min","172.572","μmol/L","Humid","21.172","deg","65055","µV","31.196","°C","1021.000","hPa","36.0","pmil","0","55.680","deg","20.000","°C","100.000","%a.s.","22.210","deg","20.000","°C","971.000","hPa","0.826","-0.01532","0.000401","-0.00012","0","11.08","Humid","26.60","0","20.10","230344.68","SABD0002000011","AAV2.0.0.13","2.1.0.383","PSt7-10","171027-000","6/27/2018 9:55:33 AM","0000-00","0","no battery","V"
"08/23/2019","13:03:31","1","default","104940808","OXY1","27.510","min","172.454","μmol/L","Humid","21.178","deg","65058","µV","31.202","°C","1022.000","hPa","36.0","pmil","0","55.680","deg","20.000","°C","100.000","%a.s.","22.210","deg","20.000","°C","971.000","hPa","0.826","-0.01532","0.000401","-0.00012","0","11.08","Humid","26.60","0","20.10","230340.05","SABD0002000011","AAV2.0.0.13","2.1.0.383","PSt7-10","171027-000","6/27/2018 9:55:33 AM","0000-00","0","no battery","V"
"08/23/2019","13:03:32","1","default","104940808","OXY1","27.527","min","172.454","μmol/L","Humid","21.178","deg","65045","µV","31.202","°C","1022.000","hPa","36.0","pmil","0","55.680","deg","20.000","°C","100.000","%a.s.","22.210","deg","20.000","°C","971.000","hPa","0.826","-0.01532","0.000401","-0.00012","0","11.08","Humid","26.60","0","20.10","230341.63","SABD0002000011","AAV2.0.0.13","2.1.0.383","PSt7-10","171027-000","6/27/2018 9:55:33 AM","0000-00","0","no battery","V"
"08/23/2019","13:03:33","1","default","104940808","OXY1","27.543","min","172.503","μmol/L","Humid","21.177","deg","65043","µV","31.196","°C","1022.000","hPa","36.0","pmil","0","55.680","deg","20.000","°C","100.000","%a.s.","22.210","deg","20.000","°C","971.000","hPa","0.826","-0.01532","0.000401","-0.00012","0","11.08","Humid","26.60","0","20.10","230358.89","SABD0002000011","AAV2.0.0.13","2.1.0.383","PSt7-10","171027-000","6/27/2018 9:55:33 AM","0000-00","0","no battery","V"
"08/23/2019","13:03:34","1","default","104940808","OXY1","27.560","min","172.534","μmol/L","Humid","21.175","deg","65036","µV","31.196","°C","1022.000","hPa","36.0","pmil","0","55.680","deg","20.000","°C","100.000","%a.s.","22.210","deg","20.000","°C","971.000","hPa","0.826","-0.01532","0.000401","-0.00012","0","11.08","Humid","26.60","0","20.10","230348.03","SABD0002000011","AAV2.0.0.13","2.1.0.383","PSt7-10","171027-000","6/27/2018 9:55:33 AM","0000-00","0","no battery","V"
"08/23/2019","13:03:35","1","default","104940808","OXY1","27.577","min","172.480","μmol/L","Humid","21.178","deg","65033","µV","31.196","°C","1021.000","hPa","36.0","pmil","0","55.680","deg","20.000","°C","100.000","%a.s.","22.210","deg","20.000","°C","971.000","hPa","0.826","-0.01532","0.000401","-0.00012","0","11.08","Humid","26.60","0","20.10","230350.75","SABD0002000011","AAV2.0.0.13","2.1.0.383","PSt7-10","171027-000","6/27/2018 9:55:33 AM","0000-00","0","no battery","V"
"08/23/2019","13:03:36","1","default","104940808","OXY1","27.594","min","172.457","μmol/L","Humid","21.180","deg","65035","µV","31.196","°C","1022.000","hPa","36.0","pmil","0","55.680","deg","20.000","°C","100.000","%a.s.","22.210","deg","20.000","°C","971.000","hPa","0.826","-0.01532","0.000401","-0.00012","0","11.08","Humid","26.60","0","20.10","230340.87","SABD0002000011","AAV2.0.0.13","2.1.0.383","PSt7-10","171027-000","6/27/2018 9:55:33 AM","0000-00","0","no battery","V"
"08/23/2019","13:03:37","1","default","104940808","OXY1","27.611","min","172.580","μmol/L","Humid","21.172","deg","65032","µV","31.196","°C","1022.000","hPa","36.0","pmil","0","55.680","deg","20.000","°C","100.000","%a.s.","22.210","deg","20.000","°C","971.000","hPa","0.826","-0.01532","0.000401","-0.00012","0","11.08","Humid","26.60","0","20.10","230347.26","SABD0002000011","AAV2.0.0.13","2.1.0.383","PSt7-10","171027-000","6/27/2018 9:55:33 AM","0000-00","0","no battery","V"
"08/23/2019","13:03:38","1","default","104940808","OXY1","27.627","min","172.565","μmol/L","Humid","21.173","deg","65025","µV","31.196","°C","1022.000","hPa","36.0","pmil","0","55.680","deg","20.000","°C","100.000","%a.s.","22.210","deg","20.000","°C","971.000","hPa","0.826","-0.01532","0.000401","-0.00012","0","11.08","Humid","26.60","0","20.10","230329.16","SABD0002000011","AAV2.0.0.13","2.1.0.383","PSt7-10","171027-000","6/27/2018 9:55:33 AM","0000-00","0","no battery","V"
"08/23/2019","13:03:39","1","default","104940808","OXY1","27.644","min","172.473","μmol/L","Humid","21.179","deg","65029","µV","31.196","°C","1022.000","hPa","36.0","pmil","0","55.680","deg","20.000","°C","100.000","%a.s.","22.210","deg","20.000","°C","971.000","hPa","0.826","-0.01532","0.000401","-0.00012","0","11.08","Humid","26.60","0","20.10","230342.31","SABD0002000011","AAV2.0.0.13","2.1.0.383","PSt7-10","171027-000","6/27/2018 9:55:33 AM","0000-00","0","no battery","V"
"08/23/2019","13:03:40","1","default","104940808","OXY1","27.661","min","172.492","μmol/L","Humid","21.175","deg","65017","µV","31.202","°C","1021.000","hPa","36.0","pmil","0","55.680","deg","20.000","°C","100.000","%a.s.","22.210","deg","20.000","°C","971.000","hPa","0.826","-0.01532","0.000401","-0.00012","0","11.08","Humid","26.60","0","20.10","230354.76","SABD0002000011","AAV2.0.0.13","2.1.0.383","PSt7-10","171027-000","6/27/2018 9:55:33 AM","0000-00","0","no battery","V"
"08/23/2019","13:03:41","1","default","104940808","OXY1","27.677","min","172.519","μmol/L","Humid","21.176","deg","65015","µV","31.196","°C","1022.000","hPa","36.0","pmil","0","55.680","deg","20.000","°C","100.000","%a.s.","22.210","deg","20.000","°C","971.000","hPa","0.826","-0.01532","0.000401","-0.00012","0","11.08","Humid","26.60","0","20.10","230342.62","SABD0002000011","AAV2.0.0.13","2.1.0.383","PSt7-10","171027-000","6/27/2018 9:55:33 AM","0000-00","0","no battery","V"
"08/23/2019","13:03:42","1","default","104940808","OXY1","27.693","min","172.565","μmol/L","Humid","21.173","deg","65014","µV","31.196","°C","1022.000","hPa","36.0","pmil","0","55.680","deg","20.000","°C","100.000","%a.s.","22.210","deg","20.000","°C","971.000","hPa","0.826","-0.01532","0.000401","-0.00012","0","11.08","Humid","26.60","0","20.10","230347.20","SABD0002000011","AAV2.0.0.13","2.1.0.383","PSt7-10","171027-000","6/27/2018 9:55:33 AM","0000-00","0","no battery","V"
"08/23/2019","13:03:43","1","default","104940808","OXY1","27.710","min","172.420","μmol/L","Humid","21.178","deg","65004","µV","31.208","°C","1022.000","hPa","36.0","pmil","0","55.680","deg","20.000","°C","100.000","%a.s.","22.210","deg","20.000","°C","971.000","hPa","0.826","-0.01532","0.000401","-0.00012","0","11.08","Humid","26.60","0","20.10","230339.33","SABD0002000011","AAV2.0.0.13","2.1.0.383","PSt7-10","171027-000","6/27/2018 9:55:33 AM","0000-00","0","no battery","V"
"08/23/2019","13:03:44","1","default","104940808","OXY1","27.727","min","172.565","μmol/L","Humid","21.173","deg","64997","µV","31.196","°C","1022.000","hPa","36.0","pmil","0","55.680","deg","20.000","°C","100.000","%a.s.","22.210","deg","20.000","°C","971.000","hPa","0.826","-0.01532","0.000401","-0.00012","0","11.08","Humid","26.60","0","20.10","230327.44","SABD0002000011","AAV2.0.0.13","2.1.0.383","PSt7-10","171027-000","6/27/2018 9:55:33 AM","0000-00","0","no battery","V"
"08/23/2019","13:03:45","1","default","104940808","OXY1","27.744","min","172.514","μmol/L","Humid","21.178","deg","64990","µV","31.190","°C","1021.000","hPa","36.0","pmil","0","55.680","deg","20.000","°C","100.000","%a.s.","22.210","deg","20.000","°C","971.000","hPa","0.826","-0.01532","0.000401","-0.00012","0","11.08","Humid","26.60","0","20.10","230325.28","SABD0002000011","AAV2.0.0.13","2.1.0.383","PSt7-10","171027-000","6/27/2018 9:55:33 AM","0000-00","0","no battery","V"
"08/23/2019","13:03:46","1","default","104940808","OXY1","27.760","min","172.488","μmol/L","Humid","21.178","deg","64996","µV","31.196","°C","1022.000","hPa","36.0","pmil","0","55.680","deg","20.000","°C","100.000","%a.s.","22.210","deg","20.000","°C","971.000","hPa","0.826","-0.01532","0.000401","-0.00012","0","11.08","Humid","26.60","0","20.10","230329.77","SABD0002000011","AAV2.0.0.13","2.1.0.383","PSt7-10","171027-000","6/27/2018 9:55:33 AM","0000-00","0","no battery","V"
"08/23/2019","13:03:47","1","default","104940808","OXY1","27.777","min","172.457","μmol/L","Humid","21.180","deg","64987","µV","31.196","°C","1022.000","hPa","36.0","pmil","0","55.680","deg","20.000","°C","100.000","%a.s.","22.210","deg","20.000","°C","971.000","hPa","0.826","-0.01532","0.000401","-0.00012","0","11.08","Humid","26.60","0","20.10","230321.61","SABD0002000011","AAV2.0.0.13","2.1.0.383","PSt7-10","171027-000","6/27/2018 9:55:33 AM","0000-00","0","no battery","V"
"08/23/2019","13:03:48","1","default","104940808","OXY1","27.794","min","172.534","μmol/L","Humid","21.175","deg","64987","µV","31.196","°C","1022.000","hPa","36.0","pmil","0","55.680","deg","20.000","°C","100.000","%a.s.","22.210","deg","20.000","°C","971.000","hPa","0.826","-0.01532","0.000401","-0.00012","0","11.08","Humid","26.60","0","20.10","230316.39","SABD0002000011","AAV2.0.0.13","2.1.0.383","PSt7-10","171027-000","6/27/2018 9:55:33 AM","0000-00","0","no battery","V"
"08/23/2019","13:03:49","1","default","104940808","OXY1","27.811","min","172.561","μmol/L","Humid","21.171","deg","64980","µV","31.202","°C","1022.000","hPa","36.0","pmil","0","55.680","deg","20.000","°C","100.000","%a.s.","22.210","deg","20.000","°C","971.000","hPa","0.826","-0.01532","0.000401","-0.00012","0","11.08","Humid","26.60","0","20.10","230320.11","SABD0002000011","AAV2.0.0.13","2.1.0.383","PSt7-10","171027-000","6/27/2018 9:55:33 AM","0000-00","0","no battery","V"
"08/23/2019","13:03:50","1","default","104940808","OXY1","27.827","min","172.511","μmol/L","Humid","21.176","deg","64979","µV","31.196","°C","1021.000","hPa","36.0","pmil","0","55.680","deg","20.000","°C","100.000","%a.s.","22.210","deg","20.000","°C","971.000","hPa","0.826","-0.01532","0.000401","-0.00012","0","11.08","Humid","26.60","0","20.10","230325.21","SABD0002000011","AAV2.0.0.13","2.1.0.383","PSt7-10","171027-000","6/27/2018 9:55:33 AM","0000-00","0","no battery","V"
"08/23/2019","13:03:51","1","default","104940808","OXY1","27.843","min","172.488","μmol/L","Humid","21.178","deg","64977","µV","31.196","°C","1022.000","hPa","36.0","pmil","0","55.680","deg","20.000","°C","100.000","%a.s.","22.210","deg","20.000","°C","971.000","hPa","0.826","-0.01532","0.000401","-0.00012","0","11.08","Humid","26.60","0","20.10","230315.23","SABD0002000011","AAV2.0.0.13","2.1.0.383","PSt7-10","171027-000","6/27/2018 9:55:33 AM","0000-00","0","no battery","V"
"08/23/2019","13:03:52","1","default","104940808","OXY1","27.860","min","172.480","μmol/L","Humid","21.178","deg","64972","µV","31.196","°C","1021.000","hPa","36.0","pmil","0","55.680","deg","20.000","°C","100.000","%a.s.","22.210","deg","20.000","°C","971.000","hPa","0.826","-0.01532","0.000401","-0.00012","0","11.08","Humid","26.60","0","20.10","230324.77","SABD0002000011","AAV2.0.0.13","2.1.0.383","PSt7-10","171027-000","6/27/2018 9:55:33 AM","0000-00","0","no battery","V"
"08/23/2019","13:03:53","1","default","104940808","OXY1","27.877","min","172.469","μmol/L","Humid","21.177","deg","64967","µV","31.202","°C","1022.000","hPa","36.0","pmil","0","55.680","deg","20.000","°C","100.000","%a.s.","22.210","deg","20.000","°C","971.000","hPa","0.826","-0.01532","0.000401","-0.00012","0","11.08","Humid","26.60","0","20.10","230323.88","SABD0002000011","AAV2.0.0.13","2.1.0.383","PSt7-10","171027-000","6/27/2018 9:55:33 AM","0000-00","0","no battery","V"
"08/23/2019","13:03:54","1","default","104940808","OXY1","27.894","min","172.485","μmol/L","Humid","21.176","deg","64962","µV","31.202","°C","1022.000","hPa","36.0","pmil","0","55.680","deg","20.000","°C","100.000","%a.s.","22.210","deg","20.000","°C","971.000","hPa","0.826","-0.01532","0.000401","-0.00012","0","11.08","Humid","26.60","0","20.10","230314.37","SABD0002000011","AAV2.0.0.13","2.1.0.383","PSt7-10","171027-000","6/27/2018 9:55:33 AM","0000-00","0","no battery","V"
"08/23/2019","13:03:55","1","default","104940808","OXY1","27.910","min","172.462","μmol/L","Humid","21.177","deg","64959","µV","31.202","°C","1021.000","hPa","36.0","pmil","0","55.680","deg","20.000","°C","100.000","%a.s.","22.210","deg","20.000","°C","971.000","hPa","0.826","-0.01532","0.000401","-0.00012","0","11.08","Humid","26.60","0","20.10","230306.28","SABD0002000011","AAV2.0.0.13","2.1.0.383","PSt7-10","171027-000","6/27/2018 9:55:33 AM","0000-00","0","no battery","V"
"08/23/2019","13:03:56","1","default","104940808","OXY1","27.927","min","172.469","μmol/L","Humid","21.177","deg","64956","µV","31.202","°C","1022.000","hPa","36.0","pmil","0","55.680","deg","20.000","°C","100.000","%a.s.","22.210","deg","20.000","°C","971.000","hPa","0.826","-0.01532","0.000401","-0.00012","0","11.08","Humid","26.60","0","20.10","230309.99","SABD0002000011","AAV2.0.0.13","2.1.0.383","PSt7-10","171027-000","6/27/2018 9:55:33 AM","0000-00","0","no battery","V"
"08/23/2019","13:03:57","1","default","104940808","OXY1","27.944","min","172.488","μmol/L","Humid","21.178","deg","64956","µV","31.196","°C","1022.000","hPa","36.0","pmil","0","55.680","deg","20.000","°C","100.000","%a.s.","22.210","deg","20.000","°C","971.000","hPa","0.826","-0.01532","0.000401","-0.00012","0","11.08","Humid","26.60","0","20.10","230308.66","SABD0002000011","AAV2.0.0.13","2.1.0.383","PSt7-10","171027-000","6/27/2018 9:55:33 AM","0000-00","0","no battery","V"
"08/23/2019","13:03:58","1","default","104940808","OXY1","27.961","min","172.442","μmol/L","Humid","21.181","deg","64948","µV","31.196","°C","1022.000","hPa","36.0","pmil","0","55.680","deg","20.000","°C","100.000","%a.s.","22.210","deg","20.000","°C","971.000","hPa","0.826","-0.01532","0.000401","-0.00012","0","11.08","Humid","26.60","0","20.10","230306.31","SABD0002000011","AAV2.0.0.13","2.1.0.383","PSt7-10","171027-000","6/27/2018 9:55:33 AM","0000-00","0","no battery","V"
"08/23/2019","13:03:59","1","default","104940808","OXY1","27.977","min","172.480","μmol/L","Humid","21.178","deg","64939","µV","31.196","°C","1021.000","hPa","36.0","pmil","0","55.680","deg","20.000","°C","100.000","%a.s.","22.210","deg","20.000","°C","971.000","hPa","0.826","-0.01532","0.000401","-0.00012","0","11.08","Humid","26.60","0","20.10","230306.20","SABD0002000011","AAV2.0.0.13","2.1.0.383","PSt7-10","171027-000","6/27/2018 9:55:33 AM","0000-00","0","no battery","V"
"08/23/2019","13:04:00","1","default","104940808","OXY1","27.994","min","172.457","μmol/L","Humid","21.180","deg","64938","µV","31.196","°C","1022.000","hPa","36.0","pmil","0","55.680","deg","20.000","°C","100.000","%a.s.","22.210","deg","20.000","°C","971.000","hPa","0.826","-0.01532","0.000401","-0.00012","0","11.08","Humid","26.60","0","20.10","230298.76","SABD0002000011","AAV2.0.0.13","2.1.0.383","PSt7-10","171027-000","6/27/2018 9:55:33 AM","0000-00","0","no battery","V"
"08/23/2019","13:04:01","1","default","104940808","OXY1","28.010","min","172.393","μmol/L","Humid","21.182","deg","64939","µV","31.202","°C","1022.000","hPa","36.0","pmil","0","55.680","deg","20.000","°C","100.000","%a.s.","22.210","deg","20.000","°C","971.000","hPa","0.826","-0.01532","0.000401","-0.00012","0","11.08","Humid","26.60","0","20.10","230304.31","SABD0002000011","AAV2.0.0.13","2.1.0.383","PSt7-10","171027-000","6/27/2018 9:55:33 AM","0000-00","0","no battery","V"
"08/23/2019","13:04:02","1","default","104940808","OXY1","28.027","min","172.408","μmol/L","Humid","21.181","deg","64936","µV","31.202","°C","1022.000","hPa","36.0","pmil","0","55.680","deg","20.000","°C","100.000","%a.s.","22.210","deg","20.000","°C","971.000","hPa","0.826","-0.01532","0.000401","-0.00012","0","11.08","Humid","26.60","0","20.10","230309.55","SABD0002000011","AAV2.0.0.13","2.1.0.383","PSt7-10","171027-000","6/27/2018 9:55:33 AM","0000-00","0","no battery","V"
"08/23/2019","13:04:03","1","default","104940808","OXY1","28.043","min","172.473","μmol/L","Humid","21.179","deg","64936","µV","31.196","°C","1022.000","hPa","36.0","pmil","0","55.680","deg","20.000","°C","100.000","%a.s.","22.210","deg","20.000","°C","971.000","hPa","0.826","-0.01532","0.000401","-0.00012","0","11.08","Humid","26.60","0","20.10","230293.78","SABD0002000011","AAV2.0.0.13","2.1.0.383","PSt7-10","171027-000","6/27/2018 9:55:33 AM","0000-00","0","no battery","V"
"08/23/2019","13:04:04","1","default","104940808","OXY1","28.060","min","172.434","μmol/L","Humid","21.181","deg","64934","µV","31.196","°C","1021.000","hPa","36.0","pmil","0","55.680","deg","20.000","°C","100.000","%a.s.","22.210","deg","20.000","°C","971.000","hPa","0.826","-0.01532","0.000401","-0.00012","0","11.08","Humid","26.60","0","20.10","230290.34","SABD0002000011","AAV2.0.0.13","2.1.0.383","PSt7-10","171027-000","6/27/2018 9:55:33 AM","0000-00","0","no battery","V"
"08/23/2019","13:04:05","1","default","104940808","OXY1","28.077","min","172.457","μmol/L","Humid","21.180","deg","64930","µV","31.196","°C","1022.000","hPa","36.0","pmil","0","55.680","deg","20.000","°C","100.000","%a.s.","22.210","deg","20.000","°C","971.000","hPa","0.826","-0.01532","0.000401","-0.00012","0","11.08","Humid","26.60","0","20.10","230290.68","SABD0002000011","AAV2.0.0.13","2.1.0.383","PSt7-10","171027-000","6/27/2018 9:55:33 AM","0000-00","0","no battery","V"
"08/23/2019","13:04:06","1","default","104940808","OXY1","28.094","min","172.393","μmol/L","Humid","21.182","deg","64925","µV","31.202","°C","1022.000","hPa","36.0","pmil","0","55.680","deg","20.000","°C","100.000","%a.s.","22.210","deg","20.000","°C","971.000","hPa","0.826","-0.01532","0.000401","-0.00012","0","11.08","Humid","26.60","0","20.10","230300.01","SABD0002000011","AAV2.0.0.13","2.1.0.383","PSt7-10","171027-000","6/27/2018 9:55:33 AM","0000-00","0","no battery","V"
"08/23/2019","13:04:07","1","default","104940808","OXY1","28.111","min","172.366","μmol/L","Humid","21.186","deg","64915","µV","31.196","°C","1022.000","hPa","36.0","pmil","0","55.680","deg","20.000","°C","100.000","%a.s.","22.210","deg","20.000","°C","971.000","hPa","0.826","-0.01532","0.000401","-0.00012","0","11.08","Humid","26.60","0","20.10","230288.17","SABD0002000011","AAV2.0.0.13","2.1.0.383","PSt7-10","171027-000","6/27/2018 9:55:33 AM","0000-00","0","no battery","V"
"08/23/2019","13:04:08","1","default","104940808","OXY1","28.127","min","172.473","μmol/L","Humid","21.179","deg","64916","µV","31.196","°C","1022.000","hPa","36.0","pmil","0","55.680","deg","20.000","°C","100.000","%a.s.","22.210","deg","20.000","°C","971.000","hPa","0.826","-0.01532","0.000401","-0.00012","0","11.08","Humid","26.60","0","20.10","230295.11","SABD0002000011","AAV2.0.0.13","2.1.0.383","PSt7-10","171027-000","6/27/2018 9:55:33 AM","0000-00","0","no battery","V"
"08/23/2019","13:04:09","1","default","104940808","OXY1","28.144","min","172.488","μmol/L","Humid","21.178","deg","64916","µV","31.196","°C","1022.000","hPa","36.0","pmil","0","55.680","deg","20.000","°C","100.000","%a.s.","22.210","deg","20.000","°C","971.000","hPa","0.826","-0.01532","0.000401","-0.00012","0","11.08","Humid","26.60","0","20.10","230286.13","SABD0002000011","AAV2.0.0.13","2.1.0.383","PSt7-10","171027-000","6/27/2018 9:55:33 AM","0000-00","0","no battery","V"
"08/23/2019","13:04:10","1","default","104940808","OXY1","28.160","min","172.385","μmol/L","Humid","21.182","deg","64908","µV","31.202","°C","1021.000","hPa","36.0","pmil","0","55.680","deg","20.000","°C","100.000","%a.s.","22.210","deg","20.000","°C","971.000","hPa","0.826","-0.01532","0.000401","-0.00012","0","11.08","Humid","26.60","0","20.10","230279.06","SABD0002000011","AAV2.0.0.13","2.1.0.383","PSt7-10","171027-000","6/27/2018 9:55:33 AM","0000-00","0","no battery","V"
"08/23/2019","13:04:11","1","default","104940808","OXY1","28.177","min","172.534","μmol/L","Humid","21.175","deg","64898","µV","31.196","°C","1022.000","hPa","36.0","pmil","0","55.680","deg","20.000","°C","100.000","%a.s.","22.210","deg","20.000","°C","971.000","hPa","0.826","-0.01532","0.000401","-0.00012","0","11.08","Humid","26.60","0","20.10","230283.87","SABD0002000011","AAV2.0.0.13","2.1.0.383","PSt7-10","171027-000","6/27/2018 9:55:33 AM","0000-00","0","no battery","V"
"08/23/2019","13:04:12","1","default","104940808","OXY1","28.193","min","172.442","μmol/L","Humid","21.181","deg","64904","µV","31.196","°C","1022.000","hPa","36.0","pmil","0","55.680","deg","20.000","°C","100.000","%a.s.","22.210","deg","20.000","°C","971.000","hPa","0.826","-0.01532","0.000401","-0.00012","0","11.08","Humid","26.60","0","20.10","230287.15","SABD0002000011","AAV2.0.0.13","2.1.0.383","PSt7-10","171027-000","6/27/2018 9:55:33 AM","0000-00","0","no battery","V"
"08/23/2019","13:04:13","1","default","104940808","OXY1","28.210","min","172.396","μmol/L","Humid","21.184","deg","64898","µV","31.196","°C","1022.000","hPa","36.0","pmil","0","55.680","deg","20.000","°C","100.000","%a.s.","22.210","deg","20.000","°C","971.000","hPa","0.826","-0.01532","0.000401","-0.00012","0","11.08","Humid","26.60","0","20.10","230291.87","SABD0002000011","AAV2.0.0.13","2.1.0.383","PSt7-10","171027-000","6/27/2018 9:55:33 AM","0000-00","0","no battery","V"
"08/23/2019","13:04:14","1","default","104940808","OXY1","28.227","min","172.438","μmol/L","Humid","21.183","deg","64895","µV","31.190","°C","1021.000","hPa","36.0","pmil","0","55.680","deg","20.000","°C","100.000","%a.s.","22.210","deg","20.000","°C","971.000","hPa","0.826","-0.01532","0.000401","-0.00012","0","11.08","Humid","26.60","0","20.10","230278.55","SABD0002000011","AAV2.0.0.13","2.1.0.383","PSt7-10","171027-000","6/27/2018 9:55:33 AM","0000-00","0","no battery","V"
"08/23/2019","13:04:15","1","default","104940808","OXY1","28.244","min","172.393","μmol/L","Humid","21.182","deg","64892","µV","31.202","°C","1022.000","hPa","36.0","pmil","0","55.680","deg","20.000","°C","100.000","%a.s.","22.210","deg","20.000","°C","971.000","hPa","0.826","-0.01532","0.000401","-0.00012","0","11.08","Humid","26.60","0","20.10","230282.23","SABD0002000011","AAV2.0.0.13","2.1.0.383","PSt7-10","171027-000","6/27/2018 9:55:33 AM","0000-00","0","no battery","V"
"08/23/2019","13:04:16","1","default","104940808","OXY1","28.260","min","172.408","μmol/L","Humid","21.181","deg","64894","µV","31.202","°C","1022.000","hPa","36.0","pmil","0","55.680","deg","20.000","°C","100.000","%a.s.","22.210","deg","20.000","°C","971.000","hPa","0.826","-0.01532","0.000401","-0.00012","0","11.08","Humid","26.60","0","20.10","230273.96","SABD0002000011","AAV2.0.0.13","2.1.0.383","PSt7-10","171027-000","6/27/2018 9:55:33 AM","0000-00","0","no battery","V"
"08/23/2019","13:04:17","1","default","104940808","OXY1","28.277","min","172.396","μmol/L","Humid","21.184","deg","64890","µV","31.196","°C","1022.000","hPa","36.0","pmil","0","55.680","deg","20.000","°C","100.000","%a.s.","22.210","deg","20.000","°C","971.000","hPa","0.826","-0.01532","0.000401","-0.00012","0","11.08","Humid","26.60","0","20.10","230284.41","SABD0002000011","AAV2.0.0.13","2.1.0.383","PSt7-10","171027-000","6/27/2018 9:55:33 AM","0000-00","0","no battery","V"
"08/23/2019","13:04:18","1","default","104940808","OXY1","28.294","min","172.293","μmol/L","Humid","21.188","deg","64894","µV","31.202","°C","1021.000","hPa","36.0","pmil","0","55.680","deg","20.000","°C","100.000","%a.s.","22.210","deg","20.000","°C","971.000","hPa","0.826","-0.01532","0.000401","-0.00012","0","11.08","Humid","26.60","0","20.10","230278.43","SABD0002000011","AAV2.0.0.13","2.1.0.383","PSt7-10","171027-000","6/27/2018 9:55:33 AM","0000-00","0","no battery","V"
"08/23/2019","13:04:19","1","default","104940808","OXY1","28.311","min","172.445","μmol/L","Humid","21.183","deg","64890","µV","31.190","°C","1022.000","hPa","36.0","pmil","0","55.680","deg","20.000","°C","100.000","%a.s.","22.210","deg","20.000","°C","971.000","hPa","0.826","-0.01532","0.000401","-0.00012","0","11.08","Humid","26.60","0","20.10","230283.89","SABD0002000011","AAV2.0.0.13","2.1.0.383","PSt7-10","171027-000","6/27/2018 9:55:33 AM","0000-00","0","no battery","V"
"08/23/2019","13:04:20","1","default","104940808","OXY1","28.327","min","172.378","μmol/L","Humid","21.183","deg","64883","µV","31.202","°C","1022.000","hPa","36.0","pmil","0","55.680","deg","20.000","°C","100.000","%a.s.","22.210","deg","20.000","°C","971.000","hPa","0.826","-0.01532","0.000401","-0.00012","0","11.08","Humid","26.60","0","20.10","230276.11","SABD0002000011","AAV2.0.0.13","2.1.0.383","PSt7-10","171027-000","6/27/2018 9:55:33 AM","0000-00","0","no battery","V"
"08/23/2019","13:04:21","1","default","104940808","OXY1","28.344","min","172.305","μmol/L","Humid","21.190","deg","64886","µV","31.196","°C","1022.000","hPa","36.0","pmil","0","55.680","deg","20.000","°C","100.000","%a.s.","22.210","deg","20.000","°C","971.000","hPa","0.826","-0.01532","0.000401","-0.00012","0","11.08","Humid","26.60","0","20.10","230275.86","SABD0002000011","AAV2.0.0.13","2.1.0.383","PSt7-10","171027-000","6/27/2018 9:55:33 AM","0000-00","0","no battery","V"
"08/23/2019","13:04:22","1","default","104940808","OXY1","28.360","min","172.412","μmol/L","Humid","21.183","deg","64884","µV","31.196","°C","1022.000","hPa","36.0","pmil","0","55.680","deg","20.000","°C","100.000","%a.s.","22.210","deg","20.000","°C","971.000","hPa","0.826","-0.01532","0.000401","-0.00012","0","11.08","Humid","26.60","0","20.10","230271.43","SABD0002000011","AAV2.0.0.13","2.1.0.383","PSt7-10","171027-000","6/27/2018 9:55:33 AM","0000-00","0","no battery","V"
"08/23/2019","13:04:23","1","default","104940808","OXY1","28.377","min","172.469","μmol/L","Humid","21.177","deg","64875","µV","31.202","°C","1022.000","hPa","36.0","pmil","0","55.680","deg","20.000","°C","100.000","%a.s.","22.210","deg","20.000","°C","971.000","hPa","0.826","-0.01532","0.000401","-0.00012","0","11.08","Humid","26.60","0","20.10","230284.45","SABD0002000011","AAV2.0.0.13","2.1.0.383","PSt7-10","171027-000","6/27/2018 9:55:33 AM","0000-00","0","no battery","V"
"08/23/2019","13:04:24","1","default","104940808","OXY1","28.393","min","172.335","μmol/L","Humid","21.188","deg","64872","µV","31.196","°C","1022.000","hPa","36.0","pmil","0","55.680","deg","20.000","°C","100.000","%a.s.","22.210","deg","20.000","°C","971.000","hPa","0.826","-0.01532","0.000401","-0.00012","0","11.08","Humid","26.60","0","20.10","230262.67","SABD0002000011","AAV2.0.0.13","2.1.0.383","PSt7-10","171027-000","6/27/2018 9:55:33 AM","0000-00","0","no battery","V"
"08/23/2019","13:04:25","1","default","104940808","OXY1","28.410","min","172.286","μmol/L","Humid","21.189","deg","64875","µV","31.202","°C","1022.000","hPa","36.0","pmil","0","55.680","deg","20.000","°C","100.000","%a.s.","22.210","deg","20.000","°C","971.000","hPa","0.826","-0.01532","0.000401","-0.00012","0","11.08","Humid","26.60","0","20.10","230265.13","SABD0002000011","AAV2.0.0.13","2.1.0.383","PSt7-10","171027-000","6/27/2018 9:55:33 AM","0000-00","0","no battery","V"
"08/23/2019","13:04:26","1","default","104940808","OXY1","28.427","min","172.354","μmol/L","Humid","21.189","deg","64871","µV","31.190","°C","1022.000","hPa","36.0","pmil","0","55.680","deg","20.000","°C","100.000","%a.s.","22.210","deg","20.000","°C","971.000","hPa","0.826","-0.01532","0.000401","-0.00012","0","11.08","Humid","26.60","0","20.10","230254.24","SABD0002000011","AAV2.0.0.13","2.1.0.383","PSt7-10","171027-000","6/27/2018 9:55:33 AM","0000-00","0","no battery","V"
"08/23/2019","13:04:27","1","default","104940808","OXY1","28.444","min","172.335","μmol/L","Humid","21.188","deg","64871","µV","31.196","°C","1022.000","hPa","36.0","pmil","0","55.680","deg","20.000","°C","100.000","%a.s.","22.210","deg","20.000","°C","971.000","hPa","0.826","-0.01532","0.000401","-0.00012","0","11.08","Humid","26.60","0","20.10","230255.64","SABD0002000011","AAV2.0.0.13","2.1.0.383","PSt7-10","171027-000","6/27/2018 9:55:33 AM","0000-00","0","no battery","V"
"08/23/2019","13:04:28","1","default","104940808","OXY1","28.461","min","172.396","μmol/L","Humid","21.184","deg","64867","µV","31.196","°C","1022.000","hPa","36.0","pmil","0","55.680","deg","20.000","°C","100.000","%a.s.","22.210","deg","20.000","°C","971.000","hPa","0.826","-0.01532","0.000401","-0.00012","0","11.08","Humid","26.60","0","20.10","230261.91","SABD0002000011","AAV2.0.0.13","2.1.0.383","PSt7-10","171027-000","6/27/2018 9:55:33 AM","0000-00","0","no battery","V"
"08/23/2019","13:04:29","1","default","104940808","OXY1","28.477","min","172.381","μmol/L","Humid","21.185","deg","64863","µV","31.196","°C","1022.000","hPa","36.0","pmil","0","55.680","deg","20.000","°C","100.000","%a.s.","22.210","deg","20.000","°C","971.000","hPa","0.826","-0.01532","0.000401","-0.00012","0","11.08","Humid","26.60","0","20.10","230253.38","SABD0002000011","AAV2.0.0.13","2.1.0.383","PSt7-10","171027-000","6/27/2018 9:55:33 AM","0000-00","0","no battery","V"
"08/23/2019","13:04:30","1","default","104940808","OXY1","28.494","min","172.320","μmol/L","Humid","21.189","deg","64855","µV","31.196","°C","1022.000","hPa","36.0","pmil","0","55.680","deg","20.000","°C","100.000","%a.s.","22.210","deg","20.000","°C","971.000","hPa","0.826","-0.01532","0.000401","-0.00012","0","11.08","Humid","26.60","0","20.10","230266.89","SABD0002000011","AAV2.0.0.13","2.1.0.383","PSt7-10","171027-000","6/27/2018 9:55:33 AM","0000-00","0","no battery","V"
"08/23/2019","13:04:31","1","default","104940808","OXY1","28.510","min","172.393","μmol/L","Humid","21.182","deg","64854","µV","31.202","°C","1022.000","hPa","36.0","pmil","0","55.680","deg","20.000","°C","100.000","%a.s.","22.210","deg","20.000","°C","971.000","hPa","0.826","-0.01532","0.000401","-0.00012","0","11.08","Humid","26.60","0","20.10","230265.20","SABD0002000011","AAV2.0.0.13","2.1.0.383","PSt7-10","171027-000","6/27/2018 9:55:33 AM","0000-00","0","no battery","V"
"08/23/2019","13:04:32","1","default","104940808","OXY1","28.527","min","172.312","μmol/L","Humid","21.189","deg","64856","µV","31.196","°C","1021.000","hPa","36.0","pmil","0","55.680","deg","20.000","°C","100.000","%a.s.","22.210","deg","20.000","°C","971.000","hPa","0.826","-0.01532","0.000401","-0.00012","0","11.08","Humid","26.60","0","20.10","230258.17","SABD0002000011","AAV2.0.0.13","2.1.0.383","PSt7-10","171027-000","6/27/2018 9:55:33 AM","0000-00","0","no battery","V"
"08/23/2019","13:04:33","1","default","104940808","OXY1","28.543","min","172.424","μmol/L","Humid","21.180","deg","64846","µV","31.202","°C","1022.000","hPa","36.0","pmil","0","55.680","deg","20.000","°C","100.000","%a.s.","22.210","deg","20.000","°C","971.000","hPa","0.826","-0.01532","0.000401","-0.00012","0","11.08","Humid","26.60","0","20.10","230252.98","SABD0002000011","AAV2.0.0.13","2.1.0.383","PSt7-10","171027-000","6/27/2018 9:55:33 AM","0000-00","0","no battery","V"
"08/23/2019","13:04:34","1","default","104940808","OXY1","28.560","min","172.366","μmol/L","Humid","21.186","deg","64841","µV","31.196","°C","1022.000","hPa","36.0","pmil","0","55.680","deg","20.000","°C","100.000","%a.s.","22.210","deg","20.000","°C","971.000","hPa","0.826","-0.01532","0.000401","-0.00012","0","11.08","Humid","26.60","0","20.10","230248.63","SABD0002000011","AAV2.0.0.13","2.1.0.383","PSt7-10","171027-000","6/27/2018 9:55:33 AM","0000-00","0","no battery","V"
"08/23/2019","13:04:35","1","default","104940808","OXY1","28.577","min","172.312","μmol/L","Humid","21.189","deg","64842","µV","31.196","°C","1021.000","hPa","36.0","pmil","0","55.680","deg","20.000","°C","100.000","%a.s.","22.210","deg","20.000","°C","971.000","hPa","0.826","-0.01532","0.000401","-0.00012","0","11.08","Humid","26.60","0","20.10","230254.99","SABD0002000011","AAV2.0.0.13","2.1.0.383","PSt7-10","171027-000","6/27/2018 9:55:33 AM","0000-00","0","no battery","V"
"08/23/2019","13:04:36","1","default","104940808","OXY1","28.594","min","172.289","μmol/L","Humid","21.191","deg","64841","µV","31.196","°C","1022.000","hPa","36.0","pmil","0","55.680","deg","20.000","°C","100.000","%a.s.","22.210","deg","20.000","°C","971.000","hPa","0.826","-0.01532","0.000401","-0.00012","0","11.08","Humid","26.60","0","20.10","230251.13","SABD0002000011","AAV2.0.0.13","2.1.0.383","PSt7-10","171027-000","6/27/2018 9:55:33 AM","0000-00","0","no battery","V"
"08/23/2019","13:04:37","1","default","104940808","OXY1","28.611","min","172.362","μmol/L","Humid","21.184","deg","64839","µV","31.202","°C","1022.000","hPa","36.0","pmil","0","55.680","deg","20.000","°C","100.000","%a.s.","22.210","deg","20.000","°C","971.000","hPa","0.826","-0.01532","0.000401","-0.00012","0","11.08","Humid","26.60","0","20.10","230253.67","SABD0002000011","AAV2.0.0.13","2.1.0.383","PSt7-10","171027-000","6/27/2018 9:55:33 AM","0000-00","0","no battery","V"
"08/23/2019","13:04:38","1","default","104940808","OXY1","28.627","min","172.301","μmol/L","Humid","21.188","deg","64832","µV","31.202","°C","1022.000","hPa","36.0","pmil","0","55.680","deg","20.000","°C","100.000","%a.s.","22.210","deg","20.000","°C","971.000","hPa","0.826","-0.01532","0.000401","-0.00012","0","11.08","Humid","26.60","0","20.10","230250.59","SABD0002000011","AAV2.0.0.13","2.1.0.383","PSt7-10","171027-000","6/27/2018 9:55:33 AM","0000-00","0","no battery","V"
"08/23/2019","13:04:39","1","default","104940808","OXY1","28.644","min","172.321","μmol/L","Humid","21.184","deg","64838","µV","31.208","°C","1021.000","hPa","36.0","pmil","0","55.680","deg","20.000","°C","100.000","%a.s.","22.210","deg","20.000","°C","971.000","hPa","0.826","-0.01532","0.000401","-0.00012","0","11.08","Humid","26.60","0","20.10","230246.58","SABD0002000011","AAV2.0.0.13","2.1.0.383","PSt7-10","171027-000","6/27/2018 9:55:33 AM","0000-00","0","no battery","V"
"08/23/2019","13:04:40","1","default","104940808","OXY1","28.660","min","172.351","μmol/L","Humid","21.182","deg","64826","µV","31.208","°C","1021.000","hPa","36.0","pmil","0","55.680","deg","20.000","°C","100.000","%a.s.","22.210","deg","20.000","°C","971.000","hPa","0.826","-0.01532","0.000401","-0.00012","0","11.08","Humid","26.60","0","20.10","230244.73","SABD0002000011","AAV2.0.0.13","2.1.0.383","PSt7-10","171027-000","6/27/2018 9:55:33 AM","0000-00","0","no battery","V"
"08/23/2019","13:04:41","1","default","104940808","OXY1","28.677","min","172.344","μmol/L","Humid","21.183","deg","64818","µV","31.208","°C","1022.000","hPa","36.0","pmil","0","55.680","deg","20.000","°C","100.000","%a.s.","22.210","deg","20.000","°C","971.000","hPa","0.826","-0.01532","0.000401","-0.00012","0","11.08","Humid","26.60","0","20.10","230247.76","SABD0002000011","AAV2.0.0.13","2.1.0.383","PSt7-10","171027-000","6/27/2018 9:55:33 AM","0000-00","0","no battery","V"
"08/23/2019","13:04:42","1","default","104940808","OXY1","28.693","min","172.367","μmol/L","Humid","21.181","deg","64817","µV","31.208","°C","1021.000","hPa","36.0","pmil","0","55.680","deg","20.000","°C","100.000","%a.s.","22.210","deg","20.000","°C","971.000","hPa","0.826","-0.01532","0.000401","-0.00012","0","11.08","Humid","26.60","0","20.10","230254.85","SABD0002000011","AAV2.0.0.13","2.1.0.383","PSt7-10","171027-000","6/27/2018 9:55:33 AM","0000-00","0","no battery","V"
"08/23/2019","13:04:43","1","default","104940808","OXY1","28.710","min","172.237","μmol/L","Humid","21.190","deg","64820","µV","31.208","°C","1022.000","hPa","36.0","pmil","0","55.680","deg","20.000","°C","100.000","%a.s.","22.210","deg","20.000","°C","971.000","hPa","0.826","-0.01532","0.000401","-0.00012","0","11.08","Humid","26.60","0","20.10","230253.94","SABD0002000011","AAV2.0.0.13","2.1.0.383","PSt7-10","171027-000","6/27/2018 9:55:33 AM","0000-00","0","no battery","V"
"08/23/2019","13:04:44","1","default","104940808","OXY1","28.727","min","172.350","μmol/L","Humid","21.187","deg","64824","µV","31.196","°C","1022.000","hPa","36.0","pmil","0","55.680","deg","20.000","°C","100.000","%a.s.","22.210","deg","20.000","°C","971.000","hPa","0.826","-0.01532","0.000401","-0.00012","0","11.08","Humid","26.60","0","20.10","230260.51","SABD0002000011","AAV2.0.0.13","2.1.0.383","PSt7-10","171027-000","6/27/2018 9:55:33 AM","0000-00","0","no battery","V"
"08/23/2019","13:04:45","1","default","104940808","OXY1","28.744","min","172.252","μmol/L","Humid","21.189","deg","64812","µV","31.208","°C","1022.000","hPa","36.0","pmil","0","55.680","deg","20.000","°C","100.000","%a.s.","22.210","deg","20.000","°C","971.000","hPa","0.826","-0.01532","0.000401","-0.00012","0","11.08","Humid","26.60","0","20.10","230261.13","SABD0002000011","AAV2.0.0.13","2.1.0.383","PSt7-10","171027-000","6/27/2018 9:55:33 AM","0000-00","0","no battery","V"
"08/23/2019","13:04:46","1","default","104940808","OXY1","28.760","min","172.332","μmol/L","Humid","21.186","deg","64812","µV","31.202","°C","1022.000","hPa","36.0","pmil","0","55.680","deg","20.000","°C","100.000","%a.s.","22.210","deg","20.000","°C","971.000","hPa","0.826","-0.01532","0.000401","-0.00012","0","11.08","Humid","26.60","0","20.10","230252.78","SABD0002000011","AAV2.0.0.13","2.1.0.383","PSt7-10","171027-000","6/27/2018 9:55:33 AM","0000-00","0","no battery","V"
"08/23/2019","13:04:47","1","default","104940808","OXY1","28.777","min","172.335","μmol/L","Humid","21.188","deg","64810","µV","31.196","°C","1022.000","hPa","36.0","pmil","0","55.680","deg","20.000","°C","100.000","%a.s.","22.210","deg","20.000","°C","971.000","hPa","0.826","-0.01532","0.000401","-0.00012","0","11.08","Humid","26.60","0","20.10","230255.76","SABD0002000011","AAV2.0.0.13","2.1.0.383","PSt7-10","171027-000","6/27/2018 9:55:33 AM","0000-00","0","no battery","V"
"08/23/2019","13:04:48","1","default","104940808","OXY1","28.794","min","172.286","μmol/L","Humid","21.189","deg","64806","µV","31.202","°C","1022.000","hPa","36.0","pmil","0","55.680","deg","20.000","°C","100.000","%a.s.","22.210","deg","20.000","°C","971.000","hPa","0.826","-0.01532","0.000401","-0.00012","0","11.08","Humid","26.60","0","20.10","230246.97","SABD0002000011","AAV2.0.0.13","2.1.0.383","PSt7-10","171027-000","6/27/2018 9:55:33 AM","0000-00","0","no battery","V"
"08/23/2019","13:04:49","1","default","104940808","OXY1","28.811","min","172.267","μmol/L","Humid","21.188","deg","64815","µV","31.208","°C","1022.000","hPa","36.0","pmil","0","55.680","deg","20.000","°C","100.000","%a.s.","22.210","deg","20.000","°C","971.000","hPa","0.826","-0.01532","0.000401","-0.00012","0","11.08","Humid","26.60","0","20.10","230248.92","SABD0002000011","AAV2.0.0.13","2.1.0.383","PSt7-10","171027-000","6/27/2018 9:55:33 AM","0000-00","0","no battery","V"
"08/23/2019","13:04:50","1","default","104940808","OXY1","28.827","min","172.305","μmol/L","Humid","21.185","deg","64806","µV","31.208","°C","1021.000","hPa","36.0","pmil","0","55.680","deg","20.000","°C","100.000","%a.s.","22.210","deg","20.000","°C","971.000","hPa","0.826","-0.01532","0.000401","-0.00012","0","11.08","Humid","26.60","0","20.10","230239.79","SABD0002000011","AAV2.0.0.13","2.1.0.383","PSt7-10","171027-000","6/27/2018 9:55:33 AM","0000-00","0","no battery","V"
"08/23/2019","13:04:51","1","default","104940808","OXY1","28.844","min","172.321","μmol/L","Humid","21.184","deg","64807","µV","31.208","°C","1021.000","hPa","36.0","pmil","0","55.680","deg","20.000","°C","100.000","%a.s.","22.210","deg","20.000","°C","971.000","hPa","0.826","-0.01532","0.000401","-0.00012","0","11.08","Humid","26.60","0","20.10","230242.58","SABD0002000011","AAV2.0.0.13","2.1.0.383","PSt7-10","171027-000","6/27/2018 9:55:33 AM","0000-00","0","no battery","V"
"08/23/2019","13:04:52","1","default","104940808","OXY1","28.860","min","172.267","μmol/L","Humid","21.188","deg","64804","µV","31.208","°C","1022.000","hPa","36.0","pmil","0","55.680","deg","20.000","°C","100.000","%a.s.","22.210","deg","20.000","°C","971.000","hPa","0.826","-0.01532","0.000401","-0.00012","0","11.08","Humid","26.60","0","20.10","230237.90","SABD0002000011","AAV2.0.0.13","2.1.0.383","PSt7-10","171027-000","6/27/2018 9:55:33 AM","0000-00","0","no battery","V"
"08/23/2019","13:04:53","1","default","104940808","OXY1","28.877","min","172.298","μmol/L","Humid","21.186","deg","64806","µV","31.208","°C","1022.000","hPa","36.0","pmil","0","55.680","deg","20.000","°C","100.000","%a.s.","22.210","deg","20.000","°C","971.000","hPa","0.826","-0.01532","0.000401","-0.00012","0","11.08","Humid","26.60","0","20.10","230246.56","SABD0002000011","AAV2.0.0.13","2.1.0.383","PSt7-10","171027-000","6/27/2018 9:55:33 AM","0000-00","0","no battery","V"
"08/23/2019","13:04:54","1","default","104940808","OXY1","28.893","min","172.350","μmol/L","Humid","21.187","deg","64805","µV","31.196","°C","1022.000","hPa","36.0","pmil","0","55.680","deg","20.000","°C","100.000","%a.s.","22.210","deg","20.000","°C","971.000","hPa","0.826","-0.01532","0.000401","-0.00012","0","11.08","Humid","26.60","0","20.10","230228.70","SABD0002000011","AAV2.0.0.13","2.1.0.383","PSt7-10","171027-000","6/27/2018 9:55:33 AM","0000-00","0","no battery","V"
"08/23/2019","13:04:55","1","default","104940808","OXY1","28.910","min","172.217","μmol/L","Humid","21.193","deg","64797","µV","31.202","°C","1021.000","hPa","36.0","pmil","0","55.680","deg","20.000","°C","100.000","%a.s.","22.210","deg","20.000","°C","971.000","hPa","0.826","-0.01532","0.000401","-0.00012","0","11.08","Humid","26.60","0","20.10","230233.78","SABD0002000011","AAV2.0.0.13","2.1.0.383","PSt7-10","171027-000","6/27/2018 9:55:33 AM","0000-00","0","no battery","V"
"08/23/2019","13:04:56","1","default","104940808","OXY1","28.927","min","172.256","μmol/L","Humid","21.186","deg","64794","µV","31.214","°C","1021.000","hPa","36.0","pmil","0","55.680","deg","20.000","°C","100.000","%a.s.","22.210","deg","20.000","°C","971.000","hPa","0.826","-0.01532","0.000401","-0.00012","0","11.08","Humid","26.60","0","20.10","230233.64","SABD0002000011","AAV2.0.0.13","2.1.0.383","PSt7-10","171027-000","6/27/2018 9:55:33 AM","0000-00","0","no battery","V"
"08/23/2019","13:04:57","1","default","104940808","OXY1","28.944","min","172.321","μmol/L","Humid","21.184","deg","64797","µV","31.208","°C","1021.000","hPa","36.0","pmil","0","55.680","deg","20.000","°C","100.000","%a.s.","22.210","deg","20.000","°C","971.000","hPa","0.826","-0.01532","0.000401","-0.00012","0","11.08","Humid","26.60","0","20.10","230216.05","SABD0002000011","AAV2.0.0.13","2.1.0.383","PSt7-10","171027-000","6/27/2018 9:55:33 AM","0000-00","0","no battery","V"
"08/23/2019","13:04:58","1","default","104940808","OXY1","28.960","min","172.278","μmol/L","Humid","21.189","deg","64795","µV","31.202","°C","1021.000","hPa","36.0","pmil","0","55.680","deg","20.000","°C","100.000","%a.s.","22.210","deg","20.000","°C","971.000","hPa","0.826","-0.01532","0.000401","-0.00012","0","11.08","Humid","26.60","0","20.10","230228.02","SABD0002000011","AAV2.0.0.13","2.1.0.383","PSt7-10","171027-000","6/27/2018 9:55:33 AM","0000-00","0","no battery","V"
"08/23/2019","13:04:59","1","default","104940808","OXY1","28.977","min","172.267","μmol/L","Humid","21.188","deg","64794","µV","31.208","°C","1022.000","hPa","36.0","pmil","0","55.680","deg","20.000","°C","100.000","%a.s.","22.210","deg","20.000","°C","971.000","hPa","0.826","-0.01532","0.000401","-0.00012","0","11.08","Humid","26.60","0","20.10","230238.20","SABD0002000011","AAV2.0.0.13","2.1.0.383","PSt7-10","171027-000","6/27/2018 9:55:33 AM","0000-00","0","no battery","V"
"08/23/2019","13:05:00","1","default","104940808","OXY1","28.994","min","172.247","μmol/L","Humid","21.191","deg","64790","µV","31.202","°C","1021.000","hPa","36.0","pmil","0","55.680","deg","20.000","°C","100.000","%a.s.","22.210","deg","20.000","°C","971.000","hPa","0.826","-0.01532","0.000401","-0.00012","0","11.08","Humid","26.60","0","20.10","230233.71","SABD0002000011","AAV2.0.0.13","2.1.0.383","PSt7-10","171027-000","6/27/2018 9:55:33 AM","0000-00","0","no battery","V"
"08/23/2019","13:05:01","1","default","104940808","OXY1","29.011","min","172.347","μmol/L","Humid","21.185","deg","64796","µV","31.202","°C","1022.000","hPa","36.0","pmil","0","55.680","deg","20.000","°C","100.000","%a.s.","22.210","deg","20.000","°C","971.000","hPa","0.826","-0.01532","0.000401","-0.00012","0","11.08","Humid","26.60","0","20.10","230237.74","SABD0002000011","AAV2.0.0.13","2.1.0.383","PSt7-10","171027-000","6/27/2018 9:55:33 AM","0000-00","0","no battery","V"
"08/23/2019","13:05:02","1","default","104940808","OXY1","29.027","min","172.237","μmol/L","Humid","21.190","deg","64791","µV","31.208","°C","1022.000","hPa","36.0","pmil","0","55.680","deg","20.000","°C","100.000","%a.s.","22.210","deg","20.000","°C","971.000","hPa","0.826","-0.01532","0.000401","-0.00012","0","11.08","Humid","26.60","0","20.10","230247.82","SABD0002000011","AAV2.0.0.13","2.1.0.383","PSt7-10","171027-000","6/27/2018 9:55:33 AM","0000-00","0","no battery","V"
"08/23/2019","13:05:03","1","default","104940808","OXY1","29.043","min","172.267","μmol/L","Humid","21.188","deg","64794","µV","31.208","°C","1022.000","hPa","36.0","pmil","0","55.680","deg","20.000","°C","100.000","%a.s.","22.210","deg","20.000","°C","971.000","hPa","0.826","-0.01532","0.000401","-0.00012","0","11.08","Humid","26.60","0","20.10","230232.06","SABD0002000011","AAV2.0.0.13","2.1.0.383","PSt7-10","171027-000","6/27/2018 9:55:33 AM","0000-00","0","no battery","V"
"08/23/2019","13:05:04","1","default","104940808","OXY1","29.060","min","172.255","μmol/L","Humid","21.191","deg","64783","µV","31.202","°C","1022.000","hPa","36.0","pmil","0","55.680","deg","20.000","°C","100.000","%a.s.","22.210","deg","20.000","°C","971.000","hPa","0.826","-0.01532","0.000401","-0.00012","0","11.08","Humid","26.60","0","20.10","230233.87","SABD0002000011","AAV2.0.0.13","2.1.0.383","PSt7-10","171027-000","6/27/2018 9:55:33 AM","0000-00","0","no battery","V"
"08/23/2019","13:05:05","1","default","104940808","OXY1","29.077","min","172.286","μmol/L","Humid","21.189","deg","64786","µV","31.202","°C","1022.000","hPa","36.0","pmil","0","55.680","deg","20.000","°C","100.000","%a.s.","22.210","deg","20.000","°C","971.000","hPa","0.826","-0.01532","0.000401","-0.00012","0","11.08","Humid","26.60","0","20.10","230237.03","SABD0002000011","AAV2.0.0.13","2.1.0.383","PSt7-10","171027-000","6/27/2018 9:55:33 AM","0000-00","0","no battery","V"
"08/23/2019","13:05:06","1","default","104940808","OXY1","29.094","min","172.378","μmol/L","Humid","21.183","deg","64788","µV","31.202","°C","1022.000","hPa","36.0","pmil","0","55.680","deg","20.000","°C","100.000","%a.s.","22.210","deg","20.000","°C","971.000","hPa","0.826","-0.01532","0.000401","-0.00012","0","11.08","Humid","26.60","0","20.10","230227.55","SABD0002000011","AAV2.0.0.13","2.1.0.383","PSt7-10","171027-000","6/27/2018 9:55:33 AM","0000-00","0","no battery","V"
"08/23/2019","13:05:07","1","default","104940808","OXY1","29.110","min","172.267","μmol/L","Humid","21.188","deg","64780","µV","31.208","°C","1022.000","hPa","36.0","pmil","0","55.680","deg","20.000","°C","100.000","%a.s.","22.210","deg","20.000","°C","971.000","hPa","0.826","-0.01532","0.000401","-0.00012","0","11.08","Humid","26.60","0","20.10","230221.11","SABD0002000011","AAV2.0.0.13","2.1.0.383","PSt7-10","171027-000","6/27/2018 9:55:33 AM","0000-00","0","no battery","V"
"08/23/2019","13:05:08","1","default","104940808","OXY1","29.127","min","172.283","μmol/L","Humid","21.187","deg","64780","µV","31.208","°C","1022.000","hPa","36.0","pmil","0","55.680","deg","20.000","°C","100.000","%a.s.","22.210","deg","20.000","°C","971.000","hPa","0.826","-0.01532","0.000401","-0.00012","0","11.08","Humid","26.60","0","20.10","230226.35","SABD0002000011","AAV2.0.0.13","2.1.0.383","PSt7-10","171027-000","6/27/2018 9:55:33 AM","0000-00","0","no battery","V"
"08/23/2019","13:05:09","1","default","104940808","OXY1","29.144","min","172.301","μmol/L","Humid","21.188","deg","64782","µV","31.202","°C","1022.000","hPa","36.0","pmil","0","55.680","deg","20.000","°C","100.000","%a.s.","22.210","deg","20.000","°C","971.000","hPa","0.826","-0.01532","0.000401","-0.00012","0","11.08","Humid","26.60","0","20.10","230236.53","SABD0002000011","AAV2.0.0.13","2.1.0.383","PSt7-10","171027-000","6/27/2018 9:55:33 AM","0000-00","0","no battery","V"
"08/23/2019","13:05:10","1","default","104940808","OXY1","29.161","min","172.252","μmol/L","Humid","21.189","deg","64784","µV","31.208","°C","1022.000","hPa","36.0","pmil","0","55.680","deg","20.000","°C","100.000","%a.s.","22.210","deg","20.000","°C","971.000","hPa","0.826","-0.01532","0.000401","-0.00012","0","11.08","Humid","26.60","0","20.10","230222.65","SABD0002000011","AAV2.0.0.13","2.1.0.383","PSt7-10","171027-000","6/27/2018 9:55:33 AM","0000-00","0","no battery","V"
"08/23/2019","13:05:11","1","default","104940808","OXY1","29.177","min","172.275","μmol/L","Humid","21.187","deg","64773","µV","31.208","°C","1021.000","hPa","36.0","pmil","0","55.680","deg","20.000","°C","100.000","%a.s.","22.210","deg","20.000","°C","971.000","hPa","0.826","-0.01532","0.000401","-0.00012","0","11.08","Humid","26.60","0","20.10","230231.68","SABD0002000011","AAV2.0.0.13","2.1.0.383","PSt7-10","171027-000","6/27/2018 9:55:33 AM","0000-00","0","no battery","V"
"08/23/2019","13:05:12","1","default","104940808","OXY1","29.193","min","172.329","μmol/L","Humid","21.184","deg","64769","µV","31.208","°C","1022.000","hPa","36.0","pmil","0","55.680","deg","20.000","°C","100.000","%a.s.","22.210","deg","20.000","°C","971.000","hPa","0.826","-0.01532","0.000401","-0.00012","0","11.08","Humid","26.60","0","20.10","230229.50","SABD0002000011","AAV2.0.0.13","2.1.0.383","PSt7-10","171027-000","6/27/2018 9:55:33 AM","0000-00","0","no battery","V"
"08/23/2019","13:05:13","1","default","104940808","OXY1","29.210","min","172.198","μmol/L","Humid","21.192","deg","64776","µV","31.208","°C","1021.000","hPa","36.0","pmil","0","55.680","deg","20.000","°C","100.000","%a.s.","22.210","deg","20.000","°C","971.000","hPa","0.826","-0.01532","0.000401","-0.00012","0","11.08","Humid","26.60","0","20.10","230222.70","SABD0002000011","AAV2.0.0.13","2.1.0.383","PSt7-10","171027-000","6/27/2018 9:55:33 AM","0000-00","0","no battery","V"
"08/23/2019","13:05:14","1","default","104940808","OXY1","29.227","min","172.237","μmol/L","Humid","21.190","deg","64779","µV","31.208","°C","1022.000","hPa","36.0","pmil","0","55.680","deg","20.000","°C","100.000","%a.s.","22.210","deg","20.000","°C","971.000","hPa","0.826","-0.01532","0.000401","-0.00012","0","11.08","Humid","26.60","0","20.10","230207.06","SABD0002000011","AAV2.0.0.13","2.1.0.383","PSt7-10","171027-000","6/27/2018 9:55:33 AM","0000-00","0","no battery","V"
"08/23/2019","13:05:15","1","default","104940808","OXY1","29.244","min","172.259","μmol/L","Humid","21.188","deg","64772","µV","31.208","°C","1021.000","hPa","36.0","pmil","0","55.680","deg","20.000","°C","100.000","%a.s.","22.210","deg","20.000","°C","971.000","hPa","0.826","-0.01532","0.000401","-0.00012","0","11.08","Humid","26.60","0","20.10","230221.08","SABD0002000011","AAV2.0.0.13","2.1.0.383","PSt7-10","171027-000","6/27/2018 9:55:33 AM","0000-00","0","no battery","V"
"08/23/2019","13:05:16","1","default","104940808","OXY1","29.260","min","172.232","μmol/L","Humid","21.192","deg","64769","µV","31.202","°C","1021.000","hPa","36.0","pmil","0","55.680","deg","20.000","°C","100.000","%a.s.","22.210","deg","20.000","°C","971.000","hPa","0.826","-0.01532","0.000401","-0.00012","0","11.08","Humid","26.60","0","20.10","230215.33","SABD0002000011","AAV2.0.0.13","2.1.0.383","PSt7-10","171027-000","6/27/2018 9:55:33 AM","0000-00","0","no battery","V"
"08/23/2019","13:05:17","1","default","104940808","OXY1","29.277","min","172.225","μmol/L","Humid","21.193","deg","64771","µV","31.202","°C","1022.000","hPa","36.0","pmil","0","55.680","deg","20.000","°C","100.000","%a.s.","22.210","deg","20.000","°C","971.000","hPa","0.826","-0.01532","0.000401","-0.00012","0","11.08","Humid","26.60","0","20.10","230210.63","SABD0002000011","AAV2.0.0.13","2.1.0.383","PSt7-10","171027-000","6/27/2018 9:55:33 AM","0000-00","0","no battery","V"
"08/23/2019","13:05:18","1","default","104940808","OXY1","29.294","min","172.283","μmol/L","Humid","21.187","deg","64770","µV","31.208","°C","1022.000","hPa","36.0","pmil","0","55.680","deg","20.000","°C","100.000","%a.s.","22.210","deg","20.000","°C","971.000","hPa","0.826","-0.01532","0.000401","-0.00012","0","11.08","Humid","26.60","0","20.10","230211.53","SABD0002000011","AAV2.0.0.13","2.1.0.383","PSt7-10","171027-000","6/27/2018 9:55:33 AM","0000-00","0","no battery","V"
"08/23/2019","13:05:19","1","default","104940808","OXY1","29.310","min","172.298","μmol/L","Humid","21.186","deg","64762","µV","31.208","°C","1022.000","hPa","36.0","pmil","0","55.680","deg","20.000","°C","100.000","%a.s.","22.210","deg","20.000","°C","971.000","hPa","0.826","-0.01532","0.000401","-0.00012","0","11.08","Humid","26.60","0","20.10","230203.72","SABD0002000011","AAV2.0.0.13","2.1.0.383","PSt7-10","171027-000","6/27/2018 9:55:33 AM","0000-00","0","no battery","V"
"08/23/2019","13:05:20","1","default","104940808","OXY1","29.327","min","172.240","μmol/L","Humid","21.192","deg","64771","µV","31.202","°C","1022.000","hPa","36.0","pmil","0","55.680","deg","20.000","°C","100.000","%a.s.","22.210","deg","20.000","°C","971.000","hPa","0.826","-0.01532","0.000401","-0.00012","0","11.08","Humid","26.60","0","20.10","230218.21","SABD0002000011","AAV2.0.0.13","2.1.0.383","PSt7-10","171027-000","6/27/2018 9:55:33 AM","0000-00","0","no battery","V"
"08/23/2019","13:05:21","1","default","104940808","OXY1","29.343","min","172.267","μmol/L","Humid","21.188","deg","64759","µV","31.208","°C","1022.000","hPa","36.0","pmil","0","55.680","deg","20.000","°C","100.000","%a.s.","22.210","deg","20.000","°C","971.000","hPa","0.826","-0.01532","0.000401","-0.00012","0","11.08","Humid","26.60","0","20.10","230207.10","SABD0002000011","AAV2.0.0.13","2.1.0.383","PSt7-10","171027-000","6/27/2018 9:55:33 AM","0000-00","0","no battery","V"
"08/23/2019","13:05:22","1","default","104940808","OXY1","29.360","min","172.115","μmol/L","Humid","21.198","deg","64759","µV","31.208","°C","1022.000","hPa","36.0","pmil","0","55.680","deg","20.000","°C","100.000","%a.s.","22.210","deg","20.000","°C","971.000","hPa","0.826","-0.01532","0.000401","-0.00012","0","11.08","Humid","26.60","0","20.10","230211.82","SABD0002000011","AAV2.0.0.13","2.1.0.383","PSt7-10","171027-000","6/27/2018 9:55:33 AM","0000-00","0","no battery","V"
"08/23/2019","13:05:23","1","default","104940808","OXY1","29.377","min","172.217","μmol/L","Humid","21.193","deg","64761","µV","31.202","°C","1021.000","hPa","36.0","pmil","0","55.680","deg","20.000","°C","100.000","%a.s.","22.210","deg","20.000","°C","971.000","hPa","0.826","-0.01532","0.000401","-0.00012","0","11.08","Humid","26.60","0","20.10","230203.93","SABD0002000011","AAV2.0.0.13","2.1.0.383","PSt7-10","171027-000","6/27/2018 9:55:33 AM","0000-00","0","no battery","V"
"08/23/2019","13:05:24","1","default","104940808","OXY1","29.394","min","172.133","μmol/L","Humid","21.199","deg","64759","µV","31.202","°C","1022.000","hPa","36.0","pmil","0","55.680","deg","20.000","°C","100.000","%a.s.","22.210","deg","20.000","°C","971.000","hPa","0.826","-0.01532","0.000401","-0.00012","0","11.08","Humid","26.60","0","20.10","230210.34","SABD0002000011","AAV2.0.0.13","2.1.0.383","PSt7-10","171027-000","6/27/2018 9:55:33 AM","0000-00","0","no battery","V"
"08/23/2019","13:05:25","1","default","104940808","OXY1","29.411","min","172.255","μmol/L","Humid","21.191","deg","64763","µV","31.202","°C","1022.000","hPa","36.0","pmil","0","55.680","deg","20.000","°C","100.000","%a.s.","22.210","deg","20.000","°C","971.000","hPa","0.826","-0.01532","0.000401","-0.00012","0","11.08","Humid","26.60","0","20.10","230196.17","SABD0002000011","AAV2.0.0.13","2.1.0.383","PSt7-10","171027-000","6/27/2018 9:55:33 AM","0000-00","0","no battery","V"
"08/23/2019","13:05:26","1","default","104940808","OXY1","29.427","min","172.320","μmol/L","Humid","21.189","deg","64761","µV","31.196","°C","1022.000","hPa","36.0","pmil","0","55.680","deg","20.000","°C","100.000","%a.s.","22.210","deg","20.000","°C","971.000","hPa","0.826","-0.01532","0.000401","-0.00012","0","11.08","Humid","26.60","0","20.10","230207.92","SABD0002000011","AAV2.0.0.13","2.1.0.383","PSt7-10","171027-000","6/27/2018 9:55:33 AM","0000-00","0","no battery","V"
"08/23/2019","13:05:27","1","default","104940808","OXY1","29.444","min","172.103","μmol/L","Humid","21.201","deg","64750","µV","31.202","°C","1022.000","hPa","36.0","pmil","0","55.680","deg","20.000","°C","100.000","%a.s.","22.210","deg","20.000","°C","971.000","hPa","0.826","-0.01532","0.000401","-0.00012","0","11.08","Humid","26.60","0","20.10","230201.58","SABD0002000011","AAV2.0.0.13","2.1.0.383","PSt7-10","171027-000","6/27/2018 9:55:33 AM","0000-00","0","no battery","V"
"08/23/2019","13:05:28","1","default","104940808","OXY1","29.460","min","172.210","μmol/L","Humid","21.194","deg","64755","µV","31.202","°C","1022.000","hPa","36.0","pmil","0","55.680","deg","20.000","°C","100.000","%a.s.","22.210","deg","20.000","°C","971.000","hPa","0.826","-0.01532","0.000401","-0.00012","0","11.08","Humid","26.60","0","20.10","230219.45","SABD0002000011","AAV2.0.0.13","2.1.0.383","PSt7-10","171027-000","6/27/2018 9:55:33 AM","0000-00","0","no battery","V"
"08/23/2019","13:05:29","1","default","104940808","OXY1","29.477","min","172.274","μmol/L","Humid","21.192","deg","64751","µV","31.196","°C","1022.000","hPa","36.0","pmil","0","55.680","deg","20.000","°C","100.000","%a.s.","22.210","deg","20.000","°C","971.000","hPa","0.826","-0.01532","0.000401","-0.00012","0","11.08","Humid","26.60","0","20.10","230205.51","SABD0002000011","AAV2.0.0.13","2.1.0.383","PSt7-10","171027-000","6/27/2018 9:55:33 AM","0000-00","0","no battery","V"
"08/23/2019","13:05:30","1","default","104940808","OXY1","29.494","min","172.262","μmol/L","Humid","21.195","deg","64748","µV","31.190","°C","1022.000","hPa","36.0","pmil","0","55.680","deg","20.000","°C","100.000","%a.s.","22.210","deg","20.000","°C","971.000","hPa","0.826","-0.01532","0.000401","-0.00012","0","11.08","Humid","26.60","0","20.10","230190.65","SABD0002000011","AAV2.0.0.13","2.1.0.383","PSt7-10","171027-000","6/27/2018 9:55:33 AM","0000-00","0","no battery","V"
"08/23/2019","13:05:31","1","default","104940808","OXY1","29.510","min","172.221","μmol/L","Humid","21.191","deg","64743","µV","31.208","°C","1022.000","hPa","36.0","pmil","0","55.680","deg","20.000","°C","100.000","%a.s.","22.210","deg","20.000","°C","971.000","hPa","0.826","-0.01532","0.000401","-0.00012","0","11.08","Humid","26.60","0","20.10","230193.73","SABD0002000011","AAV2.0.0.13","2.1.0.383","PSt7-10","171027-000","6/27/2018 9:55:33 AM","0000-00","0","no battery","V"
"08/23/2019","13:05:32","1","default","104940808","OXY1","29.527","min","172.251","μmol/L","Humid","21.193","deg","64740","µV","31.196","°C","1021.000","hPa","36.0","pmil","0","55.680","deg","20.000","°C","100.000","%a.s.","22.210","deg","20.000","°C","971.000","hPa","0.826","-0.01532","0.000401","-0.00012","0","11.08","Humid","26.60","0","20.10","230204.87","SABD0002000011","AAV2.0.0.13","2.1.0.383","PSt7-10","171027-000","6/27/2018 9:55:33 AM","0000-00","0","no battery","V"
"08/23/2019","13:05:33","1","default","104940808","OXY1","29.544","min","172.255","μmol/L","Humid","21.191","deg","64744","µV","31.202","°C","1022.000","hPa","36.0","pmil","0","55.680","deg","20.000","°C","100.000","%a.s.","22.210","deg","20.000","°C","971.000","hPa","0.826","-0.01532","0.000401","-0.00012","0","11.08","Humid","26.60","0","20.10","230197.74","SABD0002000011","AAV2.0.0.13","2.1.0.383","PSt7-10","171027-000","6/27/2018 9:55:33 AM","0000-00","0","no battery","V"
"08/23/2019","13:05:34","1","default","104940808","OXY1","29.561","min","172.194","μmol/L","Humid","21.195","deg","64741","µV","31.202","°C","1022.000","hPa","36.0","pmil","0","55.680","deg","20.000","°C","100.000","%a.s.","22.210","deg","20.000","°C","971.000","hPa","0.826","-0.01532","0.000401","-0.00012","0","11.08","Humid","26.60","0","20.10","230198.27","SABD0002000011","AAV2.0.0.13","2.1.0.383","PSt7-10","171027-000","6/27/2018 9:55:33 AM","0000-00","0","no battery","V"
"08/23/2019","13:05:35","1","default","104940808","OXY1","29.577","min","172.171","μmol/L","Humid","21.196","deg","64738","µV","31.202","°C","1021.000","hPa","36.0","pmil","0","55.680","deg","20.000","°C","100.000","%a.s.","22.210","deg","20.000","°C","971.000","hPa","0.826","-0.01532","0.000401","-0.00012","0","11.08","Humid","26.60","0","20.10","230193.13","SABD0002000011","AAV2.0.0.13","2.1.0.383","PSt7-10","171027-000","6/27/2018 9:55:33 AM","0000-00","0","no battery","V"
"08/23/2019","13:05:36","1","default","104940808","OXY1","29.593","min","172.229","μmol/L","Humid","21.190","deg","64739","µV","31.208","°C","1021.000","hPa","36.0","pmil","0","55.680","deg","20.000","°C","100.000","%a.s.","22.210","deg","20.000","°C","971.000","hPa","0.826","-0.01532","0.000401","-0.00012","0","11.08","Humid","26.60","0","20.10","230196.72","SABD0002000011","AAV2.0.0.13","2.1.0.383","PSt7-10","171027-000","6/27/2018 9:55:33 AM","0000-00","0","no battery","V"
"08/23/2019","13:05:37","1","default","104940808","OXY1","29.610","min","172.198","μmol/L","Humid","21.197","deg","64733","µV","31.196","°C","1022.000","hPa","36.0","pmil","0","55.680","deg","20.000","°C","100.000","%a.s.","22.210","deg","20.000","°C","971.000","hPa","0.826","-0.01532","0.000401","-0.00012","0","11.08","Humid","26.60","0","20.10","230193.31","SABD0002000011","AAV2.0.0.13","2.1.0.383","PSt7-10","171027-000","6/27/2018 9:55:33 AM","0000-00","0","no battery","V"
"08/23/2019","13:05:38","1","default","104940808","OXY1","29.627","min","172.103","μmol/L","Humid","21.201","deg","64731","µV","31.202","°C","1022.000","hPa","36.0","pmil","0","55.680","deg","20.000","°C","100.000","%a.s.","22.210","deg","20.000","°C","971.000","hPa","0.826","-0.01532","0.000401","-0.00012","0","11.08","Humid","26.60","0","20.10","230193.03","SABD0002000011","AAV2.0.0.13","2.1.0.383","PSt7-10","171027-000","6/27/2018 9:55:33 AM","0000-00","0","no battery","V"
"08/23/2019","13:05:39","1","default","104940808","OXY1","29.644","min","172.133","μmol/L","Humid","21.199","deg","64725","µV","31.202","°C","1022.000","hPa","36.0","pmil","0","55.680","deg","20.000","°C","100.000","%a.s.","22.210","deg","20.000","°C","971.000","hPa","0.826","-0.01532","0.000401","-0.00012","0","11.08","Humid","26.60","0","20.10","230197.62","SABD0002000011","AAV2.0.0.13","2.1.0.383","PSt7-10","171027-000","6/27/2018 9:55:33 AM","0000-00","0","no battery","V"
"08/23/2019","13:05:40","1","default","104940808","OXY1","29.660","min","172.141","μmol/L","Humid","21.198","deg","64725","µV","31.202","°C","1021.000","hPa","36.0","pmil","0","55.680","deg","20.000","°C","100.000","%a.s.","22.210","deg","20.000","°C","971.000","hPa","0.826","-0.01532","0.000401","-0.00012","0","11.08","Humid","26.60","0","20.10","230184.77","SABD0002000011","AAV2.0.0.13","2.1.0.383","PSt7-10","171027-000","6/27/2018 9:55:33 AM","0000-00","0","no battery","V"
"08/23/2019","13:05:41","1","default","104940808","OXY1","29.677","min","172.157","μmol/L","Humid","21.193","deg","64727","µV","31.214","°C","1022.000","hPa","36.0","pmil","0","55.680","deg","20.000","°C","100.000","%a.s.","22.210","deg","20.000","°C","971.000","hPa","0.826","-0.01532","0.000401","-0.00012","0","11.08","Humid","26.60","0","20.10","230196.19","SABD0002000011","AAV2.0.0.13","2.1.0.383","PSt7-10","171027-000","6/27/2018 9:55:33 AM","0000-00","0","no battery","V"
"08/23/2019","13:05:42","1","default","104940808","OXY1","29.694","min","172.076","μmol/L","Humid","21.200","deg","64721","µV","31.208","°C","1021.000","hPa","36.0","pmil","0","55.680","deg","20.000","°C","100.000","%a.s.","22.210","deg","20.000","°C","971.000","hPa","0.826","-0.01532","0.000401","-0.00012","0","11.08","Humid","26.60","0","20.10","230182.87","SABD0002000011","AAV2.0.0.13","2.1.0.383","PSt7-10","171027-000","6/27/2018 9:55:33 AM","0000-00","0","no battery","V"
"08/23/2019","13:05:43","1","default","104940808","OXY1","29.710","min","172.148","μmol/L","Humid","21.198","deg","64720","µV","31.202","°C","1022.000","hPa","36.0","pmil","0","55.680","deg","20.000","°C","100.000","%a.s.","22.210","deg","20.000","°C","971.000","hPa","0.826","-0.01532","0.000401","-0.00012","0","11.08","Humid","26.60","0","20.10","230190.49","SABD0002000011","AAV2.0.0.13","2.1.0.383","PSt7-10","171027-000","6/27/2018 9:55:33 AM","0000-00","0","no battery","V"
"08/23/2019","13:05:44","1","default","104940808","OXY1","29.727","min","172.115","μmol/L","Humid","21.198","deg","64717","µV","31.208","°C","1022.000","hPa","36.0","pmil","0","55.680","deg","20.000","°C","100.000","%a.s.","22.210","deg","20.000","°C","971.000","hPa","0.826","-0.01532","0.000401","-0.00012","0","11.08","Humid","26.60","0","20.10","230185.09","SABD0002000011","AAV2.0.0.13","2.1.0.383","PSt7-10","171027-000","6/27/2018 9:55:33 AM","0000-00","0","no battery","V"
"08/23/2019","13:05:45","1","default","104940808","OXY1","29.743","min","172.217","μmol/L","Humid","21.193","deg","64712","µV","31.202","°C","1021.000","hPa","36.0","pmil","0","55.680","deg","20.000","°C","100.000","%a.s.","22.210","deg","20.000","°C","971.000","hPa","0.826","-0.01532","0.000401","-0.00012","0","11.08","Humid","26.60","0","20.10","230193.03","SABD0002000011","AAV2.0.0.13","2.1.0.383","PSt7-10","171027-000","6/27/2018 9:55:33 AM","0000-00","0","no battery","V"
"08/23/2019","13:05:46","1","default","104940808","OXY1","29.760","min","172.194","μmol/L","Humid","21.195","deg","64707","µV","31.202","°C","1022.000","hPa","36.0","pmil","0","55.680","deg","20.000","°C","100.000","%a.s.","22.210","deg","20.000","°C","971.000","hPa","0.826","-0.01532","0.000401","-0.00012","0","11.08","Humid","26.60","0","20.10","230183.81","SABD0002000011","AAV2.0.0.13","2.1.0.383","PSt7-10","171027-000","6/27/2018 9:55:33 AM","0000-00","0","no battery","V"
"08/23/2019","13:05:47","1","default","104940808","OXY1","29.777","min","172.183","μmol/L","Humid","21.193","deg","64705","µV","31.208","°C","1021.000","hPa","36.0","pmil","0","55.680","deg","20.000","°C","100.000","%a.s.","22.210","deg","20.000","°C","971.000","hPa","0.826","-0.01532","0.000401","-0.00012","0","11.08","Humid","26.60","0","20.10","230187.24","SABD0002000011","AAV2.0.0.13","2.1.0.383","PSt7-10","171027-000","6/27/2018 9:55:33 AM","0000-00","0","no battery","V"
"08/23/2019","13:05:48","1","default","104940808","OXY1","29.794","min","172.191","μmol/L","Humid","21.193","deg","64699","µV","31.208","°C","1022.000","hPa","36.0","pmil","0","55.680","deg","20.000","°C","100.000","%a.s.","22.210","deg","20.000","°C","971.000","hPa","0.826","-0.01532","0.000401","-0.00012","0","11.08","Humid","26.60","0","20.10","230190.51","SABD0002000011","AAV2.0.0.13","2.1.0.383","PSt7-10","171027-000","6/27/2018 9:55:33 AM","0000-00","0","no battery","V"
"08/23/2019","13:05:49","1","default","104940808","OXY1","29.810","min","172.176","μmol/L","Humid","21.194","deg","64695","µV","31.208","°C","1022.000","hPa","36.0","pmil","0","55.680","deg","20.000","°C","100.000","%a.s.","22.210","deg","20.000","°C","971.000","hPa","0.826","-0.01532","0.000401","-0.00012","0","11.08","Humid","26.60","0","20.10","230184.81","SABD0002000011","AAV2.0.0.13","2.1.0.383","PSt7-10","171027-000","6/27/2018 9:55:33 AM","0000-00","0","no battery","V"
"08/23/2019","13:05:50","1","default","104940808","OXY1","29.827","min","172.160","μmol/L","Humid","21.195","deg","64694","µV","31.208","°C","1022.000","hPa","36.0","pmil","0","55.680","deg","20.000","°C","100.000","%a.s.","22.210","deg","20.000","°C","971.000","hPa","0.826","-0.01532","0.000401","-0.00012","0","11.08","Humid","26.60","0","20.10","230180.13","SABD0002000011","AAV2.0.0.13","2.1.0.383","PSt7-10","171027-000","6/27/2018 9:55:33 AM","0000-00","0","no battery","V"
"08/23/2019","13:05:51","1","default","104940808","OXY1","29.844","min","172.217","μmol/L","Humid","21.193","deg","64698","µV","31.202","°C","1021.000","hPa","36.0","pmil","0","55.680","deg","20.000","°C","100.000","%a.s.","22.210","deg","20.000","°C","971.000","hPa","0.826","-0.01532","0.000401","-0.00012","0","11.08","Humid","26.60","0","20.10","230180.92","SABD0002000011","AAV2.0.0.13","2.1.0.383","PSt7-10","171027-000","6/27/2018 9:55:33 AM","0000-00","0","no battery","V"
"08/23/2019","13:05:52","1","default","104940808","OXY1","29.861","min","172.210","μmol/L","Humid","21.194","deg","64695","µV","31.202","°C","1022.000","hPa","36.0","pmil","0","55.680","deg","20.000","°C","100.000","%a.s.","22.210","deg","20.000","°C","971.000","hPa","0.826","-0.01532","0.000401","-0.00012","0","11.08","Humid","26.60","0","20.10","230168.97","SABD0002000011","AAV2.0.0.13","2.1.0.383","PSt7-10","171027-000","6/27/2018 9:55:33 AM","0000-00","0","no battery","V"
"08/23/2019","13:05:53","1","default","104940808","OXY1","29.877","min","172.168","μmol/L","Humid","21.194","deg","64697","µV","31.208","°C","1021.000","hPa","36.0","pmil","0","55.680","deg","20.000","°C","100.000","%a.s.","22.210","deg","20.000","°C","971.000","hPa","0.826","-0.01532","0.000401","-0.00012","0","11.08","Humid","26.60","0","20.10","230177.78","SABD0002000011","AAV2.0.0.13","2.1.0.383","PSt7-10","171027-000","6/27/2018 9:55:33 AM","0000-00","0","no battery","V"
"08/23/2019","13:05:54","1","default","104940808","OXY1","29.893","min","172.233","μmol/L","Humid","21.188","deg","64692","µV","31.214","°C","1022.000","hPa","36.0","pmil","0","55.680","deg","20.000","°C","100.000","%a.s.","22.210","deg","20.000","°C","971.000","hPa","0.826","-0.01532","0.000401","-0.00012","0","11.08","Humid","26.60","0","20.10","230180.91","SABD0002000011","AAV2.0.0.13","2.1.0.383","PSt7-10","171027-000","6/27/2018 9:55:33 AM","0000-00","0","no battery","V"
"08/23/2019","13:05:55","1","default","104940808","OXY1","29.910","min","172.210","μmol/L","Humid","21.194","deg","64690","µV","31.202","°C","1022.000","hPa","36.0","pmil","0","55.680","deg","20.000","°C","100.000","%a.s.","22.210","deg","20.000","°C","971.000","hPa","0.826","-0.01532","0.000401","-0.00012","0","11.08","Humid","26.60","0","20.10","230185.40","SABD0002000011","AAV2.0.0.13","2.1.0.383","PSt7-10","171027-000","6/27/2018 9:55:33 AM","0000-00","0","no battery","V"
"08/23/2019","13:05:56","1","default","104940808","OXY1","29.927","min","172.153","μmol/L","Humid","21.195","deg","64693","µV","31.208","°C","1021.000","hPa","36.0","pmil","0","55.680","deg","20.000","°C","100.000","%a.s.","22.210","deg","20.000","°C","971.000","hPa","0.826","-0.01532","0.000401","-0.00012","0","11.08","Humid","26.60","0","20.10","230180.00","SABD0002000011","AAV2.0.0.13","2.1.0.383","PSt7-10","171027-000","6/27/2018 9:55:33 AM","0000-00","0","no battery","V"
"08/23/2019","13:05:57","1","default","104940808","OXY1","29.944","min","172.191","μmol/L","Humid","21.193","deg","64683","µV","31.208","°C","1022.000","hPa","36.0","pmil","0","55.680","deg","20.000","°C","100.000","%a.s.","22.210","deg","20.000","°C","971.000","hPa","0.826","-0.01532","0.000401","-0.00012","0","11.08","Humid","26.60","0","20.10","230176.85","SABD0002000011","AAV2.0.0.13","2.1.0.383","PSt7-10","171027-000","6/27/2018 9:55:33 AM","0000-00","0","no battery","V"
"08/23/2019","13:05:58","1","default","104940808","OXY1","29.960","min","172.153","μmol/L","Humid","21.195","deg","64692","µV","31.208","°C","1021.000","hPa","36.0","pmil","0","55.680","deg","20.000","°C","100.000","%a.s.","22.210","deg","20.000","°C","971.000","hPa","0.826","-0.01532","0.000401","-0.00012","0","11.08","Humid","26.60","0","20.10","230196.48","SABD0002000011","AAV2.0.0.13","2.1.0.383","PSt7-10","171027-000","6/27/2018 9:55:33 AM","0000-00","0","no battery","V"
"08/23/2019","13:05:59","1","default","104940808","OXY1","29.977","min","172.194","μmol/L","Humid","21.195","deg","64688","µV","31.202","°C","1022.000","hPa","36.0","pmil","0","55.680","deg","20.000","°C","100.000","%a.s.","22.210","deg","20.000","°C","971.000","hPa","0.826","-0.01532","0.000401","-0.00012","0","11.08","Humid","26.60","0","20.10","230179.07","SABD0002000011","AAV2.0.0.13","2.1.0.383","PSt7-10","171027-000","6/27/2018 9:55:33 AM","0000-00","0","no battery","V"
"08/23/2019","13:06:00","1","default","104940808","OXY1","29.994","min","172.206","μmol/L","Humid","21.192","deg","64685","µV","31.208","°C","1022.000","hPa","36.0","pmil","0","55.680","deg","20.000","°C","100.000","%a.s.","22.210","deg","20.000","°C","971.000","hPa","0.826","-0.01532","0.000401","-0.00012","0","11.08","Humid","26.60","0","20.10","230184.64","SABD0002000011","AAV2.0.0.13","2.1.0.383","PSt7-10","171027-000","6/27/2018 9:55:33 AM","0000-00","0","no battery","V"
"08/23/2019","13:06:01","1","default","104940808","OXY1","30.011","min","172.145","μmol/L","Humid","21.196","deg","64684","µV","31.208","°C","1022.000","hPa","36.0","pmil","0","55.680","deg","20.000","°C","100.000","%a.s.","22.210","deg","20.000","°C","971.000","hPa","0.826","-0.01532","0.000401","-0.00012","0","11.08","Humid","26.60","0","20.10","230172.92","SABD0002000011","AAV2.0.0.13","2.1.0.383","PSt7-10","171027-000","6/27/2018 9:55:33 AM","0000-00","0","no battery","V"
"08/23/2019","13:06:02","1","default","104940808","OXY1","30.027","min","172.206","μmol/L","Humid","21.192","deg","64679","µV","31.208","°C","1022.000","hPa","36.0","pmil","0","55.680","deg","20.000","°C","100.000","%a.s.","22.210","deg","20.000","°C","971.000","hPa","0.826","-0.01532","0.000401","-0.00012","0","11.08","Humid","26.60","0","20.10","230177.85","SABD0002000011","AAV2.0.0.13","2.1.0.383","PSt7-10","171027-000","6/27/2018 9:55:33 AM","0000-00","0","no battery","V"
"08/23/2019","13:06:03","1","default","104940808","OXY1","30.043","min","172.180","μmol/L","Humid","21.191","deg","64673","µV","31.214","°C","1021.000","hPa","36.0","pmil","0","55.680","deg","20.000","°C","100.000","%a.s.","22.210","deg","20.000","°C","971.000","hPa","0.826","-0.01532","0.000401","-0.00012","0","11.08","Humid","26.60","0","20.10","230176.45","SABD0002000011","AAV2.0.0.13","2.1.0.383","PSt7-10","171027-000","6/27/2018 9:55:33 AM","0000-00","0","no battery","V"
"08/23/2019","13:06:04","1","default","104940808","OXY1","30.060","min","172.084","μmol/L","Humid","21.200","deg","64671","µV","31.208","°C","1022.000","hPa","36.0","pmil","0","55.680","deg","20.000","°C","100.000","%a.s.","22.210","deg","20.000","°C","971.000","hPa","0.826","-0.01532","0.000401","-0.00012","0","11.08","Humid","26.60","0","20.10","230158.23","SABD0002000011","AAV2.0.0.13","2.1.0.383","PSt7-10","171027-000","6/27/2018 9:55:33 AM","0000-00","0","no battery","V"
"08/23/2019","13:06:05","1","default","104940808","OXY1","30.077","min","172.172","μmol/L","Humid","21.192","deg","64670","µV","31.214","°C","1022.000","hPa","36.0","pmil","0","55.680","deg","20.000","°C","100.000","%a.s.","22.210","deg","20.000","°C","971.000","hPa","0.826","-0.01532","0.000401","-0.00012","0","11.08","Humid","26.60","0","20.10","230169.70","SABD0002000011","AAV2.0.0.13","2.1.0.383","PSt7-10","171027-000","6/27/2018 9:55:33 AM","0000-00","0","no battery","V"
"08/23/2019","13:06:06","1","default","104940808","OXY1","30.094","min","172.206","μmol/L","Humid","21.192","deg","64677","µV","31.208","°C","1022.000","hPa","36.0","pmil","0","55.680","deg","20.000","°C","100.000","%a.s.","22.210","deg","20.000","°C","971.000","hPa","0.826","-0.01532","0.000401","-0.00012","0","11.08","Humid","26.60","0","20.10","230171.41","SABD0002000011","AAV2.0.0.13","2.1.0.383","PSt7-10","171027-000","6/27/2018 9:55:33 AM","0000-00","0","no battery","V"
"08/23/2019","13:06:07","1","default","104940808","OXY1","30.110","min","172.194","μmol/L","Humid","21.195","deg","64666","µV","31.202","°C","1022.000","hPa","36.0","pmil","0","55.680","deg","20.000","°C","100.000","%a.s.","22.210","deg","20.000","°C","971.000","hPa","0.826","-0.01532","0.000401","-0.00012","0","11.08","Humid","26.60","0","20.10","230171.95","SABD0002000011","AAV2.0.0.13","2.1.0.383","PSt7-10","171027-000","6/27/2018 9:55:33 AM","0000-00","0","no battery","V"
"08/23/2019","13:06:08","1","default","104940808","OXY1","30.127","min","172.267","μmol/L","Humid","21.188","deg","64671","µV","31.208","°C","1022.000","hPa","36.0","pmil","0","55.680","deg","20.000","°C","100.000","%a.s.","22.210","deg","20.000","°C","971.000","hPa","0.826","-0.01532","0.000401","-0.00012","0","11.08","Humid","26.60","0","20.10","230164.31","SABD0002000011","AAV2.0.0.13","2.1.0.383","PSt7-10","171027-000","6/27/2018 9:55:33 AM","0000-00","0","no battery","V"
"08/23/2019","13:06:09","1","default","104940808","OXY1","30.144","min","172.313","μmol/L","Humid","21.185","deg","64669","µV","31.208","°C","1022.000","hPa","36.0","pmil","0","55.680","deg","20.000","°C","100.000","%a.s.","22.210","deg","20.000","°C","971.000","hPa","0.826","-0.01532","0.000401","-0.00012","0","11.08","Humid","26.60","0","20.10","230177.34","SABD0002000011","AAV2.0.0.13","2.1.0.383","PSt7-10","171027-000","6/27/2018 9:55:33 AM","0000-00","0","no battery","V"
"08/23/2019","13:06:10","1","default","104940808","OXY1","30.161","min","172.233","μmol/L","Humid","21.188","deg","64668","µV","31.214","°C","1022.000","hPa","36.0","pmil","0","55.680","deg","20.000","°C","100.000","%a.s.","22.210","deg","20.000","°C","971.000","hPa","0.826","-0.01532","0.000401","-0.00012","0","11.08","Humid","26.60","0","20.10","230161.17","SABD0002000011","AAV2.0.0.13","2.1.0.383","PSt7-10","171027-000","6/27/2018 9:55:33 AM","0000-00","0","no battery","V"
"08/23/2019","13:06:11","1","default","104940808","OXY1","30.177","min","172.237","μmol/L","Humid","21.190","deg","64664","µV","31.208","°C","1022.000","hPa","36.0","pmil","0","55.680","deg","20.000","°C","100.000","%a.s.","22.210","deg","20.000","°C","971.000","hPa","0.826","-0.01532","0.000401","-0.00012","0","11.08","Humid","26.60","0","20.10","230155.94","SABD0002000011","AAV2.0.0.13","2.1.0.383","PSt7-10","171027-000","6/27/2018 9:55:33 AM","0000-00","0","no battery","V"
"08/23/2019","13:06:12","1","default","104940808","OXY1","30.194","min","172.240","μmol/L","Humid","21.192","deg","64669","µV","31.202","°C","1022.000","hPa","36.0","pmil","0","55.680","deg","20.000","°C","100.000","%a.s.","22.210","deg","20.000","°C","971.000","hPa","0.826","-0.01532","0.000401","-0.00012","0","11.08","Humid","26.60","0","20.10","230161.56","SABD0002000011","AAV2.0.0.13","2.1.0.383","PSt7-10","171027-000","6/27/2018 9:55:33 AM","0000-00","0","no battery","V"
"08/23/2019","13:06:13","1","default","104940808","OXY1","30.210","min","172.180","μmol/L","Humid","21.191","deg","64664","µV","31.214","°C","1021.000","hPa","36.0","pmil","0","55.680","deg","20.000","°C","100.000","%a.s.","22.210","deg","20.000","°C","971.000","hPa","0.826","-0.01532","0.000401","-0.00012","0","11.08","Humid","26.60","0","20.10","230152.48","SABD0002000011","AAV2.0.0.13","2.1.0.383","PSt7-10","171027-000","6/27/2018 9:55:33 AM","0000-00","0","no battery","V"
"08/23/2019","13:06:14","1","default","104940808","OXY1","30.227","min","172.324","μmol/L","Humid","21.186","deg","64657","µV","31.202","°C","1021.000","hPa","36.0","pmil","0","55.680","deg","20.000","°C","100.000","%a.s.","22.210","deg","20.000","°C","971.000","hPa","0.826","-0.01532","0.000401","-0.00012","0","11.08","Humid","26.60","0","20.10","230160.81","SABD0002000011","AAV2.0.0.13","2.1.0.383","PSt7-10","171027-000","6/27/2018 9:55:33 AM","0000-00","0","no battery","V"
"08/23/2019","13:06:15","1","default","104940808","OXY1","30.243","min","172.237","μmol/L","Humid","21.190","deg","64663","µV","31.208","°C","1022.000","hPa","36.0","pmil","0","55.680","deg","20.000","°C","100.000","%a.s.","22.210","deg","20.000","°C","971.000","hPa","0.826","-0.01532","0.000401","-0.00012","0","11.08","Humid","26.60","0","20.10","230161.37","SABD0002000011","AAV2.0.0.13","2.1.0.383","PSt7-10","171027-000","6/27/2018 9:55:33 AM","0000-00","0","no battery","V"
"08/23/2019","13:06:16","1","default","104940808","OXY1","30.260","min","172.264","μmol/L","Humid","21.186","deg","64666","µV","31.214","°C","1022.000","hPa","36.0","pmil","0","55.680","deg","20.000","°C","100.000","%a.s.","22.210","deg","20.000","°C","971.000","hPa","0.826","-0.01532","0.000401","-0.00012","0","11.08","Humid","26.60","0","20.10","230156.60","SABD0002000011","AAV2.0.0.13","2.1.0.383","PSt7-10","171027-000","6/27/2018 9:55:33 AM","0000-00","0","no battery","V"
"08/23/2019","13:06:17","1","default","104940808","OXY1","30.277","min","172.252","μmol/L","Humid","21.189","deg","64663","µV","31.208","°C","1022.000","hPa","36.0","pmil","0","55.680","deg","20.000","°C","100.000","%a.s.","22.210","deg","20.000","°C","971.000","hPa","0.826","-0.01532","0.000401","-0.00012","0","11.08","Humid","26.60","0","20.10","230159.56","SABD0002000011","AAV2.0.0.13","2.1.0.383","PSt7-10","171027-000","6/27/2018 9:55:33 AM","0000-00","0","no battery","V"
"08/23/2019","13:06:18","1","default","104940808","OXY1","30.294","min","172.127","μmol/L","Humid","21.195","deg","64656","µV","31.214","°C","1022.000","hPa","36.0","pmil","0","55.680","deg","20.000","°C","100.000","%a.s.","22.210","deg","20.000","°C","971.000","hPa","0.826","-0.01532","0.000401","-0.00012","0","11.08","Humid","26.60","0","20.10","230154.74","SABD0002000011","AAV2.0.0.13","2.1.0.383","PSt7-10","171027-000","6/27/2018 9:55:33 AM","0000-00","0","no battery","V"
"08/23/2019","13:06:19","1","default","104940808","OXY1","30.310","min","172.267","μmol/L","Humid","21.188","deg","64660","µV","31.208","°C","1022.000","hPa","36.0","pmil","0","55.680","deg","20.000","°C","100.000","%a.s.","22.210","deg","20.000","°C","971.000","hPa","0.826","-0.01532","0.000401","-0.00012","0","11.08","Humid","26.60","0","20.10","230142.58","SABD0002000011","AAV2.0.0.13","2.1.0.383","PSt7-10","171027-000","6/27/2018 9:55:33 AM","0000-00","0","no battery","V"
"08/23/2019","13:06:20","1","default","104940808","OXY1","30.327","min","172.221","μmol/L","Humid","21.191","deg","64662","µV","31.208","°C","1022.000","hPa","36.0","pmil","0","55.680","deg","20.000","°C","100.000","%a.s.","22.210","deg","20.000","°C","971.000","hPa","0.826","-0.01532","0.000401","-0.00012","0","11.08","Humid","26.60","0","20.10","230149.19","SABD0002000011","AAV2.0.0.13","2.1.0.383","PSt7-10","171027-000","6/27/2018 9:55:33 AM","0000-00","0","no battery","V"
"08/23/2019","13:06:21","1","default","104940808","OXY1","30.344","min","172.287","μmol/L","Humid","21.184","deg","64661","µV","31.214","°C","1021.000","hPa","36.0","pmil","0","55.680","deg","20.000","°C","100.000","%a.s.","22.210","deg","20.000","°C","971.000","hPa","0.826","-0.01532","0.000401","-0.00012","0","11.08","Humid","26.60","0","20.10","230137.64","SABD0002000011","AAV2.0.0.13","2.1.0.383","PSt7-10","171027-000","6/27/2018 9:55:33 AM","0000-00","0","no battery","V"
"08/23/2019","13:06:22","1","default","104940808","OXY1","30.361","min","172.295","μmol/L","Humid","21.184","deg","64660","µV","31.214","°C","1022.000","hPa","36.0","pmil","0","55.680","deg","20.000","°C","100.000","%a.s.","22.210","deg","20.000","°C","971.000","hPa","0.826","-0.01532","0.000401","-0.00012","0","11.08","Humid","26.60","0","20.10","230153.09","SABD0002000011","AAV2.0.0.13","2.1.0.383","PSt7-10","171027-000","6/27/2018 9:55:33 AM","0000-00","0","no battery","V"
"08/23/2019","13:06:23","1","default","104940808","OXY1","30.377","min","172.259","μmol/L","Humid","21.188","deg","64656","µV","31.208","°C","1021.000","hPa","36.0","pmil","0","55.680","deg","20.000","°C","100.000","%a.s.","22.210","deg","20.000","°C","971.000","hPa","0.826","-0.01532","0.000401","-0.00012","0","11.08","Humid","26.60","0","20.10","230147.51","SABD0002000011","AAV2.0.0.13","2.1.0.383","PSt7-10","171027-000","6/27/2018 9:55:33 AM","0000-00","0","no battery","V"
"08/23/2019","13:06:24","1","default","104940808","OXY1","30.393","min","172.183","μmol/L","Humid","21.193","deg","64658","µV","31.208","°C","1021.000","hPa","36.0","pmil","0","55.680","deg","20.000","°C","100.000","%a.s.","22.210","deg","20.000","°C","971.000","hPa","0.826","-0.01532","0.000401","-0.00012","0","11.08","Humid","26.60","0","20.10","230151.56","SABD0002000011","AAV2.0.0.13","2.1.0.383","PSt7-10","171027-000","6/27/2018 9:55:33 AM","0000-00","0","no battery","V"
"08/23/2019","13:06:25","1","default","104940808","OXY1","30.410","min","172.283","μmol/L","Humid","21.187","deg","64659","µV","31.208","°C","1022.000","hPa","36.0","pmil","0","55.680","deg","20.000","°C","100.000","%a.s.","22.210","deg","20.000","°C","971.000","hPa","0.826","-0.01532","0.000401","-0.00012","0","11.08","Humid","26.60","0","20.10","230149.69","SABD0002000011","AAV2.0.0.13","2.1.0.383","PSt7-10","171027-000","6/27/2018 9:55:33 AM","0000-00","0","no battery","V"
"08/23/2019","13:06:26","1","default","104940808","OXY1","30.427","min","172.301","μmol/L","Humid","21.188","deg","64662","µV","31.202","°C","1022.000","hPa","36.0","pmil","0","55.680","deg","20.000","°C","100.000","%a.s.","22.210","deg","20.000","°C","971.000","hPa","0.826","-0.01532","0.000401","-0.00012","0","11.08","Humid","26.60","0","20.10","230140.30","SABD0002000011","AAV2.0.0.13","2.1.0.383","PSt7-10","171027-000","6/27/2018 9:55:33 AM","0000-00","0","no battery","V"
"08/23/2019","13:06:27","1","default","104940808","OXY1","30.444","min","172.194","μmol/L","Humid","21.195","deg","64661","µV","31.202","°C","1022.000","hPa","36.0","pmil","0","55.680","deg","20.000","°C","100.000","%a.s.","22.210","deg","20.000","°C","971.000","hPa","0.826","-0.01532","0.000401","-0.00012","0","11.08","Humid","26.60","0","20.10","230152.92","SABD0002000011","AAV2.0.0.13","2.1.0.383","PSt7-10","171027-000","6/27/2018 9:55:33 AM","0000-00","0","no battery","V"
"08/23/2019","13:06:28","1","default","104940808","OXY1","30.460","min","172.198","μmol/L","Humid","21.192","deg","64660","µV","31.208","°C","1021.000","hPa","36.0","pmil","0","55.680","deg","20.000","°C","100.000","%a.s.","22.210","deg","20.000","°C","971.000","hPa","0.826","-0.01532","0.000401","-0.00012","0","11.08","Humid","26.60","0","20.10","230139.13","SABD0002000011","AAV2.0.0.13","2.1.0.383","PSt7-10","171027-000","6/27/2018 9:55:33 AM","0000-00","0","no battery","V"
"08/23/2019","13:06:29","1","default","104940808","OXY1","30.477","min","172.142","μmol/L","Humid","21.194","deg","64669","µV","31.214","°C","1022.000","hPa","36.0","pmil","0","55.680","deg","20.000","°C","100.000","%a.s.","22.210","deg","20.000","°C","971.000","hPa","0.826","-0.01532","0.000401","-0.00012","0","11.08","Humid","26.60","0","20.10","230152.47","SABD0002000011","AAV2.0.0.13","2.1.0.383","PSt7-10","171027-000","6/27/2018 9:55:33 AM","0000-00","0","no battery","V"
"08/23/2019","13:06:30","1","default","104940808","OXY1","30.494","min","172.206","μmol/L","Humid","21.192","deg","64664","µV","31.208","°C","1022.000","hPa","36.0","pmil","0","55.680","deg","20.000","°C","100.000","%a.s.","22.210","deg","20.000","°C","971.000","hPa","0.826","-0.01532","0.000401","-0.00012","0","11.08","Humid","26.60","0","20.10","230159.66","SABD0002000011","AAV2.0.0.13","2.1.0.383","PSt7-10","171027-000","6/27/2018 9:55:33 AM","0000-00","0","no battery","V"
"08/23/2019","13:06:31","1","default","104940808","OXY1","30.511","min","172.295","μmol/L","Humid","21.184","deg","64661","µV","31.214","°C","1022.000","hPa","36.0","pmil","0","55.680","deg","20.000","°C","100.000","%a.s.","22.210","deg","20.000","°C","971.000","hPa","0.826","-0.01532","0.000401","-0.00012","0","11.08","Humid","26.60","0","20.10","230157.75","SABD0002000011","AAV2.0.0.13","2.1.0.383","PSt7-10","171027-000","6/27/2018 9:55:33 AM","0000-00","0","no battery","V"
"08/23/2019","13:06:32","1","default","104940808","OXY1","30.527","min","172.283","μmol/L","Humid","21.187","deg","64666","µV","31.208","°C","1022.000","hPa","36.0","pmil","0","55.680","deg","20.000","°C","100.000","%a.s.","22.210","deg","20.000","°C","971.000","hPa","0.826","-0.01532","0.000401","-0.00012","0","11.08","Humid","26.60","0","20.10","230138.67","SABD0002000011","AAV2.0.0.13","2.1.0.383","PSt7-10","171027-000","6/27/2018 9:55:33 AM","0000-00","0","no battery","V"
"08/23/2019","13:06:33","1","default","104940808","OXY1","30.543","min","172.172","μmol/L","Humid","21.192","deg","64656","µV","31.214","°C","1022.000","hPa","36.0","pmil","0","55.680","deg","20.000","°C","100.000","%a.s.","22.210","deg","20.000","°C","971.000","hPa","0.826","-0.01532","0.000401","-0.00012","0","11.08","Humid","26.60","0","20.10","230147.18","SABD0002000011","AAV2.0.0.13","2.1.0.383","PSt7-10","171027-000","6/27/2018 9:55:33 AM","0000-00","0","no battery","V"
"08/23/2019","13:06:34","1","default","104940808","OXY1","30.560","min","172.172","μmol/L","Humid","21.192","deg","64661","µV","31.214","°C","1022.000","hPa","36.0","pmil","0","55.680","deg","20.000","°C","100.000","%a.s.","22.210","deg","20.000","°C","971.000","hPa","0.826","-0.01532","0.000401","-0.00012","0","11.08","Humid","26.60","0","20.10","230140.49","SABD0002000011","AAV2.0.0.13","2.1.0.383","PSt7-10","171027-000","6/27/2018 9:55:33 AM","0000-00","0","no battery","V"
"08/23/2019","13:06:35","1","default","104940808","OXY1","30.577","min","172.093","μmol/L","Humid","21.195","deg","64659","µV","31.220","°C","1022.000","hPa","36.0","pmil","0","55.680","deg","20.000","°C","100.000","%a.s.","22.210","deg","20.000","°C","971.000","hPa","0.826","-0.01532","0.000401","-0.00012","0","11.08","Humid","26.60","0","20.10","230144.25","SABD0002000011","AAV2.0.0.13","2.1.0.383","PSt7-10","171027-000","6/27/2018 9:55:33 AM","0000-00","0","no battery","V"
"08/23/2019","13:06:36","1","default","104940808","OXY1","30.593","min","172.119","μmol/L","Humid","21.195","deg","64652","µV","31.214","°C","1021.000","hPa","36.0","pmil","0","55.680","deg","20.000","°C","100.000","%a.s.","22.210","deg","20.000","°C","971.000","hPa","0.826","-0.01532","0.000401","-0.00012","0","11.08","Humid","26.60","0","20.10","230153.55","SABD0002000011","AAV2.0.0.13","2.1.0.383","PSt7-10","171027-000","6/27/2018 9:55:33 AM","0000-00","0","no battery","V"
"08/23/2019","13:06:37","1","default","104940808","OXY1","30.610","min","172.195","μmol/L","Humid","21.190","deg","64655","µV","31.214","°C","1021.000","hPa","36.0","pmil","0","55.680","deg","20.000","°C","100.000","%a.s.","22.210","deg","20.000","°C","971.000","hPa","0.826","-0.01532","0.000401","-0.00012","0","11.08","Humid","26.60","0","20.10","230150.68","SABD0002000011","AAV2.0.0.13","2.1.0.383","PSt7-10","171027-000","6/27/2018 9:55:33 AM","0000-00","0","no battery","V"
"08/23/2019","13:06:38","1","default","104940808","OXY1","30.627","min","172.233","μmol/L","Humid","21.188","deg","64651","µV","31.214","°C","1022.000","hPa","36.0","pmil","0","55.680","deg","20.000","°C","100.000","%a.s.","22.210","deg","20.000","°C","971.000","hPa","0.826","-0.01532","0.000401","-0.00012","0","11.08","Humid","26.60","0","20.10","230124.76","SABD0002000011","AAV2.0.0.13","2.1.0.383","PSt7-10","171027-000","6/27/2018 9:55:33 AM","0000-00","0","no battery","V"
"08/23/2019","13:06:39","1","default","104940808","OXY1","30.644","min","172.233","μmol/L","Humid","21.188","deg","64649","µV","31.214","°C","1022.000","hPa","36.0","pmil","0","55.680","deg","20.000","°C","100.000","%a.s.","22.210","deg","20.000","°C","971.000","hPa","0.826","-0.01532","0.000401","-0.00012","0","11.08","Humid","26.60","0","20.10","230137.44","SABD0002000011","AAV2.0.0.13","2.1.0.383","PSt7-10","171027-000","6/27/2018 9:55:33 AM","0000-00","0","no battery","V"
"08/23/2019","13:06:40","1","default","104940808","OXY1","30.660","min","172.267","μmol/L","Humid","21.188","deg","64653","µV","31.208","°C","1022.000","hPa","36.0","pmil","0","55.680","deg","20.000","°C","100.000","%a.s.","22.210","deg","20.000","°C","971.000","hPa","0.826","-0.01532","0.000401","-0.00012","0","11.08","Humid","26.60","0","20.10","230135.45","SABD0002000011","AAV2.0.0.13","2.1.0.383","PSt7-10","171027-000","6/27/2018 9:55:33 AM","0000-00","0","no battery","V"
"08/23/2019","13:06:41","1","default","104940808","OXY1","30.677","min","172.283","μmol/L","Humid","21.187","deg","64648","µV","31.208","°C","1022.000","hPa","36.0","pmil","0","55.680","deg","20.000","°C","100.000","%a.s.","22.210","deg","20.000","°C","971.000","hPa","0.826","-0.01532","0.000401","-0.00012","0","11.08","Humid","26.60","0","20.10","230134.54","SABD0002000011","AAV2.0.0.13","2.1.0.383","PSt7-10","171027-000","6/27/2018 9:55:33 AM","0000-00","0","no battery","V"
"08/23/2019","13:06:42","1","default","104940808","OXY1","30.694","min","172.123","μmol/L","Humid","21.193","deg","64645","µV","31.220","°C","1022.000","hPa","36.0","pmil","0","55.680","deg","20.000","°C","100.000","%a.s.","22.210","deg","20.000","°C","971.000","hPa","0.826","-0.01532","0.000401","-0.00012","0","11.08","Humid","26.60","0","20.10","230127.46","SABD0002000011","AAV2.0.0.13","2.1.0.383","PSt7-10","171027-000","6/27/2018 9:55:33 AM","0000-00","0","no battery","V"
"08/23/2019","13:06:43","1","default","104940808","OXY1","30.710","min","172.267","μmol/L","Humid","21.188","deg","64647","µV","31.208","°C","1022.000","hPa","36.0","pmil","0","55.680","deg","20.000","°C","100.000","%a.s.","22.210","deg","20.000","°C","971.000","hPa","0.826","-0.01532","0.000401","-0.00012","0","11.08","Humid","26.60","0","20.10","230134.79","SABD0002000011","AAV2.0.0.13","2.1.0.383","PSt7-10","171027-000","6/27/2018 9:55:33 AM","0000-00","0","no battery","V"
"08/23/2019","13:06:44","1","default","104940808","OXY1","30.727","min","172.172","μmol/L","Humid","21.192","deg","64641","µV","31.214","°C","1022.000","hPa","36.0","pmil","0","55.680","deg","20.000","°C","100.000","%a.s.","22.210","deg","20.000","°C","971.000","hPa","0.826","-0.01532","0.000401","-0.00012","0","11.08","Humid","26.60","0","20.10","230128.82","SABD0002000011","AAV2.0.0.13","2.1.0.383","PSt7-10","171027-000","6/27/2018 9:55:33 AM","0000-00","0","no battery","V"
"08/23/2019","13:06:45","1","default","104940808","OXY1","30.743","min","172.237","μmol/L","Humid","21.190","deg","64648","µV","31.208","°C","1022.000","hPa","36.0","pmil","0","55.680","deg","20.000","°C","100.000","%a.s.","22.210","deg","20.000","°C","971.000","hPa","0.826","-0.01532","0.000401","-0.00012","0","11.08","Humid","26.60","0","20.10","230140.85","SABD0002000011","AAV2.0.0.13","2.1.0.383","PSt7-10","171027-000","6/27/2018 9:55:33 AM","0000-00","0","no battery","V"
"08/23/2019","13:06:46","1","default","104940808","OXY1","30.760","min","172.195","μmol/L","Humid","21.190","deg","64645","µV","31.214","°C","1021.000","hPa","36.0","pmil","0","55.680","deg","20.000","°C","100.000","%a.s.","22.210","deg","20.000","°C","971.000","hPa","0.826","-0.01532","0.000401","-0.00012","0","11.08","Humid","26.60","0","20.10","230122.61","SABD0002000011","AAV2.0.0.13","2.1.0.383","PSt7-10","171027-000","6/27/2018 9:55:33 AM","0000-00","0","no battery","V"
"08/23/2019","13:06:47","1","default","104940808","OXY1","30.777","min","172.142","μmol/L","Humid","21.194","deg","64652","µV","31.214","°C","1022.000","hPa","36.0","pmil","0","55.680","deg","20.000","°C","100.000","%a.s.","22.210","deg","20.000","°C","971.000","hPa","0.826","-0.01532","0.000401","-0.00012","0","11.08","Humid","26.60","0","20.10","230129.06","SABD0002000011","AAV2.0.0.13","2.1.0.383","PSt7-10","171027-000","6/27/2018 9:55:33 AM","0000-00","0","no battery","V"
"08/23/2019","13:06:48","1","default","104940808","OXY1","30.794","min","172.184","μmol/L","Humid","21.189","deg","64646","µV","31.220","°C","1022.000","hPa","36.0","pmil","0","55.680","deg","20.000","°C","100.000","%a.s.","22.210","deg","20.000","°C","971.000","hPa","0.826","-0.01532","0.000401","-0.00012","0","11.08","Humid","26.60","0","20.10","230125.86","SABD0002000011","AAV2.0.0.13","2.1.0.383","PSt7-10","171027-000","6/27/2018 9:55:33 AM","0000-00","0","no battery","V"
"08/23/2019","13:06:49","1","default","104940808","OXY1","30.811","min","172.188","μmol/L","Humid","21.191","deg","64646","µV","31.214","°C","1022.000","hPa","36.0","pmil","0","55.680","deg","20.000","°C","100.000","%a.s.","22.210","deg","20.000","°C","971.000","hPa","0.826","-0.01532","0.000401","-0.00012","0","11.08","Humid","26.60","0","20.10","230118.85","SABD0002000011","AAV2.0.0.13","2.1.0.383","PSt7-10","171027-000","6/27/2018 9:55:33 AM","0000-00","0","no battery","V"
"08/23/2019","13:06:50","1","default","104940808","OXY1","30.827","min","172.184","μmol/L","Humid","21.189","deg","64645","µV","31.220","°C","1022.000","hPa","36.0","pmil","0","55.680","deg","20.000","°C","100.000","%a.s.","22.210","deg","20.000","°C","971.000","hPa","0.826","-0.01532","0.000401","-0.00012","0","11.08","Humid","26.60","0","20.10","230120.94","SABD0002000011","AAV2.0.0.13","2.1.0.383","PSt7-10","171027-000","6/27/2018 9:55:33 AM","0000-00","0","no battery","V"
"08/23/2019","13:06:51","1","default","104940808","OXY1","30.844","min","172.295","μmol/L","Humid","21.184","deg","64648","µV","31.214","°C","1022.000","hPa","36.0","pmil","0","55.680","deg","20.000","°C","100.000","%a.s.","22.210","deg","20.000","°C","971.000","hPa","0.826","-0.01532","0.000401","-0.00012","0","11.08","Humid","26.60","0","20.10","230123.04","SABD0002000011","AAV2.0.0.13","2.1.0.383","PSt7-10","171027-000","6/27/2018 9:55:33 AM","0000-00","0","no battery","V"
"08/23/2019","13:06:52","1","default","104940808","OXY1","30.860","min","172.142","μmol/L","Humid","21.194","deg","64643","µV","31.214","°C","1022.000","hPa","36.0","pmil","0","55.680","deg","20.000","°C","100.000","%a.s.","22.210","deg","20.000","°C","971.000","hPa","0.826","-0.01532","0.000401","-0.00012","0","11.08","Humid","26.60","0","20.10","230117.45","SABD0002000011","AAV2.0.0.13","2.1.0.383","PSt7-10","171027-000","6/27/2018 9:55:33 AM","0000-00","0","no battery","V"
"08/23/2019","13:06:53","1","default","104940808","OXY1","30.877","min","172.134","μmol/L","Humid","21.194","deg","64646","µV","31.214","°C","1021.000","hPa","36.0","pmil","0","55.680","deg","20.000","°C","100.000","%a.s.","22.210","deg","20.000","°C","971.000","hPa","0.826","-0.01532","0.000401","-0.00012","0","11.08","Humid","26.60","0","20.10","230118.82","SABD0002000011","AAV2.0.0.13","2.1.0.383","PSt7-10","171027-000","6/27/2018 9:55:33 AM","0000-00","0","no battery","V"
"08/23/2019","13:06:54","1","default","104940808","OXY1","30.893","min","172.168","μmol/L","Humid","21.194","deg","64643","µV","31.208","°C","1021.000","hPa","36.0","pmil","0","55.680","deg","20.000","°C","100.000","%a.s.","22.210","deg","20.000","°C","971.000","hPa","0.826","-0.01532","0.000401","-0.00012","0","11.08","Humid","26.60","0","20.10","230112.93","SABD0002000011","AAV2.0.0.13","2.1.0.383","PSt7-10","171027-000","6/27/2018 9:55:33 AM","0000-00","0","no battery","V"
"08/23/2019","13:06:55","1","default","104940808","OXY1","30.910","min","172.188","μmol/L","Humid","21.191","deg","64651","µV","31.214","°C","1022.000","hPa","36.0","pmil","0","55.680","deg","20.000","°C","100.000","%a.s.","22.210","deg","20.000","°C","971.000","hPa","0.826","-0.01532","0.000401","-0.00012","0","11.08","Humid","26.60","0","20.10","230137.17","SABD0002000011","AAV2.0.0.13","2.1.0.383","PSt7-10","171027-000","6/27/2018 9:55:33 AM","0000-00","0","no battery","V"
"08/23/2019","13:06:56","1","default","104940808","OXY1","30.927","min","172.142","μmol/L","Humid","21.194","deg","64646","µV","31.214","°C","1022.000","hPa","36.0","pmil","0","55.680","deg","20.000","°C","100.000","%a.s.","22.210","deg","20.000","°C","971.000","hPa","0.826","-0.01532","0.000401","-0.00012","0","11.08","Humid","26.60","0","20.10","230136.13","SABD0002000011","AAV2.0.0.13","2.1.0.383","PSt7-10","171027-000","6/27/2018 9:55:33 AM","0000-00","0","no battery","V"
"08/23/2019","13:06:57","1","default","104940808","OXY1","30.944","min","172.142","μmol/L","Humid","21.194","deg","64645","µV","31.214","°C","1022.000","hPa","36.0","pmil","0","55.680","deg","20.000","°C","100.000","%a.s.","22.210","deg","20.000","°C","971.000","hPa","0.826","-0.01532","0.000401","-0.00012","0","11.08","Humid","26.60","0","20.10","230120.55","SABD0002000011","AAV2.0.0.13","2.1.0.383","PSt7-10","171027-000","6/27/2018 9:55:33 AM","0000-00","0","no battery","V"
"08/23/2019","13:06:58","1","default","104940808","OXY1","30.961","min","172.214","μmol/L","Humid","21.191","deg","64644","µV","31.208","°C","1021.000","hPa","36.0","pmil","0","55.680","deg","20.000","°C","100.000","%a.s.","22.210","deg","20.000","°C","971.000","hPa","0.826","-0.01532","0.000401","-0.00012","0","11.08","Humid","26.60","0","20.10","230129.59","SABD0002000011","AAV2.0.0.13","2.1.0.383","PSt7-10","171027-000","6/27/2018 9:55:33 AM","0000-00","0","no battery","V"
"08/23/2019","13:06:59","1","default","104940808","OXY1","30.977","min","172.157","μmol/L","Humid","21.193","deg","64645","µV","31.214","°C","1022.000","hPa","36.0","pmil","0","55.680","deg","20.000","°C","100.000","%a.s.","22.210","deg","20.000","°C","971.000","hPa","0.826","-0.01532","0.000401","-0.00012","0","11.08","Humid","26.60","0","20.10","230120.71","SABD0002000011","AAV2.0.0.13","2.1.0.383","PSt7-10","171027-000","6/27/2018 9:55:33 AM","0000-00","0","no battery","V"
"08/23/2019","13:07:00","1","default","104940808","OXY1","30.994","min","172.164","μmol/L","Humid","21.192","deg","64644","µV","31.214","°C","1021.000","hPa","36.0","pmil","0","55.680","deg","20.000","°C","100.000","%a.s.","22.210","deg","20.000","°C","971.000","hPa","0.826","-0.01532","0.000401","-0.00012","0","11.08","Humid","26.60","0","20.10","230128.56","SABD0002000011","AAV2.0.0.13","2.1.0.383","PSt7-10","171027-000","6/27/2018 9:55:33 AM","0000-00","0","no battery","V"
"08/23/2019","13:07:01","1","default","104940808","OXY1","31.010","min","172.184","μmol/L","Humid","21.189","deg","64647","µV","31.220","°C","1022.000","hPa","36.0","pmil","0","55.680","deg","20.000","°C","100.000","%a.s.","22.210","deg","20.000","°C","971.000","hPa","0.826","-0.01532","0.000401","-0.00012","0","11.08","Humid","26.60","0","20.10","230121.58","SABD0002000011","AAV2.0.0.13","2.1.0.383","PSt7-10","171027-000","6/27/2018 9:55:33 AM","0000-00","0","no battery","V"
"08/23/2019","13:07:02","1","default","104940808","OXY1","31.027","min","172.145","μmol/L","Humid","21.196","deg","64645","µV","31.208","°C","1022.000","hPa","36.0","pmil","0","55.680","deg","20.000","°C","100.000","%a.s.","22.210","deg","20.000","°C","971.000","hPa","0.826","-0.01532","0.000401","-0.00012","0","11.08","Humid","26.60","0","20.10","230121.43","SABD0002000011","AAV2.0.0.13","2.1.0.383","PSt7-10","171027-000","6/27/2018 9:55:33 AM","0000-00","0","no battery","V"
"08/23/2019","13:07:03","1","default","104940808","OXY1","31.044","min","172.096","μmol/L","Humid","21.197","deg","64648","µV","31.214","°C","1022.000","hPa","36.0","pmil","0","55.680","deg","20.000","°C","100.000","%a.s.","22.210","deg","20.000","°C","971.000","hPa","0.826","-0.01532","0.000401","-0.00012","0","11.08","Humid","26.60","0","20.10","230131.48","SABD0002000011","AAV2.0.0.13","2.1.0.383","PSt7-10","171027-000","6/27/2018 9:55:33 AM","0000-00","0","no battery","V"
"08/23/2019","13:07:04","1","default","104940808","OXY1","31.060","min","172.142","μmol/L","Humid","21.194","deg","64640","µV","31.214","°C","1022.000","hPa","36.0","pmil","0","55.680","deg","20.000","°C","100.000","%a.s.","22.210","deg","20.000","°C","971.000","hPa","0.826","-0.01532","0.000401","-0.00012","0","11.08","Humid","26.60","0","20.10","230109.47","SABD0002000011","AAV2.0.0.13","2.1.0.383","PSt7-10","171027-000","6/27/2018 9:55:33 AM","0000-00","0","no battery","V"
"08/23/2019","13:07:05","1","default","104940808","OXY1","31.077","min","172.127","μmol/L","Humid","21.195","deg","64642","µV","31.214","°C","1022.000","hPa","36.0","pmil","0","55.680","deg","20.000","°C","100.000","%a.s.","22.210","deg","20.000","°C","971.000","hPa","0.826","-0.01532","0.000401","-0.00012","0","11.08","Humid","26.60","0","20.10","230119.46","SABD0002000011","AAV2.0.0.13","2.1.0.383","PSt7-10","171027-000","6/27/2018 9:55:33 AM","0000-00","0","no battery","V"
"08/23/2019","13:07:06","1","default","104940808","OXY1","31.094","min","172.134","μmol/L","Humid","21.194","deg","64650","µV","31.214","°C","1021.000","hPa","36.0","pmil","0","55.680","deg","20.000","°C","100.000","%a.s.","22.210","deg","20.000","°C","971.000","hPa","0.826","-0.01532","0.000401","-0.00012","0","11.08","Humid","26.60","0","20.10","230114.89","SABD0002000011","AAV2.0.0.13","2.1.0.383","PSt7-10","171027-000","6/27/2018 9:55:33 AM","0000-00","0","no battery","V"
"08/23/2019","13:07:07","1","default","104940808","OXY1","31.111","min","172.169","μmol/L","Humid","21.190","deg","64643","µV","31.220","°C","1022.000","hPa","36.0","pmil","0","55.680","deg","20.000","°C","100.000","%a.s.","22.210","deg","20.000","°C","971.000","hPa","0.826","-0.01532","0.000401","-0.00012","0","11.08","Humid","26.60","0","20.10","230110.45","SABD0002000011","AAV2.0.0.13","2.1.0.383","PSt7-10","171027-000","6/27/2018 9:55:33 AM","0000-00","0","no battery","V"
"08/23/2019","13:07:08","1","default","104940808","OXY1","31.127","min","172.180","μmol/L","Humid","21.191","deg","64644","µV","31.214","°C","1021.000","hPa","36.0","pmil","0","55.680","deg","20.000","°C","100.000","%a.s.","22.210","deg","20.000","°C","971.000","hPa","0.826","-0.01532","0.000401","-0.00012","0","11.08","Humid","26.60","0","20.10","230102.63","SABD0002000011","AAV2.0.0.13","2.1.0.383","PSt7-10","171027-000","6/27/2018 9:55:33 AM","0000-00","0","no battery","V"
"08/23/2019","13:07:09","1","default","104940808","OXY1","31.144","min","172.191","μmol/L","Humid","21.193","deg","64642","µV","31.208","°C","1022.000","hPa","36.0","pmil","0","55.680","deg","20.000","°C","100.000","%a.s.","22.210","deg","20.000","°C","971.000","hPa","0.826","-0.01532","0.000401","-0.00012","0","11.08","Humid","26.60","0","20.10","230117.11","SABD0002000011","AAV2.0.0.13","2.1.0.383","PSt7-10","171027-000","6/27/2018 9:55:33 AM","0000-00","0","no battery","V"
"08/23/2019","13:07:10","1","default","104940808","OXY1","31.160","min","172.157","μmol/L","Humid","21.193","deg","64644","µV","31.214","°C","1022.000","hPa","36.0","pmil","0","55.680","deg","20.000","°C","100.000","%a.s.","22.210","deg","20.000","°C","971.000","hPa","0.826","-0.01532","0.000401","-0.00012","0","11.08","Humid","26.60","0","20.10","230117.13","SABD0002000011","AAV2.0.0.13","2.1.0.383","PSt7-10","171027-000","6/27/2018 9:55:33 AM","0000-00","0","no battery","V"
"08/23/2019","13:07:11","1","default","104940808","OXY1","31.177","min","172.188","μmol/L","Humid","21.191","deg","64645","µV","31.214","°C","1022.000","hPa","36.0","pmil","0","55.680","deg","20.000","°C","100.000","%a.s.","22.210","deg","20.000","°C","971.000","hPa","0.826","-0.01532","0.000401","-0.00012","0","11.08","Humid","26.60","0","20.10","230103.86","SABD0002000011","AAV2.0.0.13","2.1.0.383","PSt7-10","171027-000","6/27/2018 9:55:33 AM","0000-00","0","no battery","V"
"08/23/2019","13:07:12","1","default","104940808","OXY1","31.193","min","172.172","μmol/L","Humid","21.192","deg","64638","µV","31.214","°C","1022.000","hPa","36.0","pmil","0","55.680","deg","20.000","°C","100.000","%a.s.","22.210","deg","20.000","°C","971.000","hPa","0.826","-0.01532","0.000401","-0.00012","0","11.08","Humid","26.60","0","20.10","230116.62","SABD0002000011","AAV2.0.0.13","2.1.0.383","PSt7-10","171027-000","6/27/2018 9:55:33 AM","0000-00","0","no battery","V"
"08/23/2019","13:07:13","1","default","104940808","OXY1","31.210","min","172.130","μmol/L","Humid","21.197","deg","64637","µV","31.208","°C","1022.000","hPa","36.0","pmil","0","55.680","deg","20.000","°C","100.000","%a.s.","22.210","deg","20.000","°C","971.000","hPa","0.826","-0.01532","0.000401","-0.00012","0","11.08","Humid","26.60","0","20.10","230113.82","SABD0002000011","AAV2.0.0.13","2.1.0.383","PSt7-10","171027-000","6/27/2018 9:55:33 AM","0000-00","0","no battery","V"
"08/23/2019","13:07:14","1","default","104940808","OXY1","31.227","min","172.111","μmol/L","Humid","21.196","deg","64644","µV","31.214","°C","1022.000","hPa","36.0","pmil","0","55.680","deg","20.000","°C","100.000","%a.s.","22.210","deg","20.000","°C","971.000","hPa","0.826","-0.01532","0.000401","-0.00012","0","11.08","Humid","26.60","0","20.10","230099.56","SABD0002000011","AAV2.0.0.13","2.1.0.383","PSt7-10","171027-000","6/27/2018 9:55:33 AM","0000-00","0","no battery","V"
"08/23/2019","13:07:15","1","default","104940808","OXY1","31.244","min","172.081","μmol/L","Humid","21.198","deg","64650","µV","31.214","°C","1022.000","hPa","36.0","pmil","0","55.680","deg","20.000","°C","100.000","%a.s.","22.210","deg","20.000","°C","971.000","hPa","0.826","-0.01532","0.000401","-0.00012","0","11.08","Humid","26.60","0","20.10","230114.50","SABD0002000011","AAV2.0.0.13","2.1.0.383","PSt7-10","171027-000","6/27/2018 9:55:33 AM","0000-00","0","no battery","V"
"08/23/2019","13:07:16","1","default","104940808","OXY1","31.261","min","172.123","μmol/L","Humid","21.193","deg","64641","µV","31.220","°C","1022.000","hPa","36.0","pmil","0","55.680","deg","20.000","°C","100.000","%a.s.","22.210","deg","20.000","°C","971.000","hPa","0.826","-0.01532","0.000401","-0.00012","0","11.08","Humid","26.60","0","20.10","230111.73","SABD0002000011","AAV2.0.0.13","2.1.0.383","PSt7-10","171027-000","6/27/2018 9:55:33 AM","0000-00","0","no battery","V"
"08/23/2019","13:07:17","1","default","104940808","OXY1","31.277","min","172.065","μmol/L","Humid","21.199","deg","64636","µV","31.214","°C","1022.000","hPa","36.0","pmil","0","55.680","deg","20.000","°C","100.000","%a.s.","22.210","deg","20.000","°C","971.000","hPa","0.826","-0.01532","0.000401","-0.00012","0","11.08","Humid","26.60","0","20.10","230105.44","SABD0002000011","AAV2.0.0.13","2.1.0.383","PSt7-10","171027-000","6/27/2018 9:55:33 AM","0000-00","0","no battery","V"
"08/23/2019","13:07:18","1","default","104940808","OXY1","31.294","min","172.172","μmol/L","Humid","21.192","deg","64643","µV","31.214","°C","1022.000","hPa","36.0","pmil","0","55.680","deg","20.000","°C","100.000","%a.s.","22.210","deg","20.000","°C","971.000","hPa","0.826","-0.01532","0.000401","-0.00012","0","11.08","Humid","26.60","0","20.10","230118.84","SABD0002000011","AAV2.0.0.13","2.1.0.383","PSt7-10","171027-000","6/27/2018 9:55:33 AM","0000-00","0","no battery","V"
"08/23/2019","13:07:19","1","default","104940808","OXY1","31.310","min","172.093","μmol/L","Humid","21.195","deg","64642","µV","31.220","°C","1022.000","hPa","36.0","pmil","0","55.680","deg","20.000","°C","100.000","%a.s.","22.210","deg","20.000","°C","971.000","hPa","0.826","-0.01532","0.000401","-0.00012","0","11.08","Humid","26.60","0","20.10","230120.64","SABD0002000011","AAV2.0.0.13","2.1.0.383","PSt7-10","171027-000","6/27/2018 9:55:33 AM","0000-00","0","no battery","V"
"08/23/2019","13:07:20","1","default","104940808","OXY1","31.327","min","172.111","μmol/L","Humid","21.196","deg","64633","µV","31.214","°C","1022.000","hPa","36.0","pmil","0","55.680","deg","20.000","°C","100.000","%a.s.","22.210","deg","20.000","°C","971.000","hPa","0.826","-0.01532","0.000401","-0.00012","0","11.08","Humid","26.60","0","20.10","230120.13","SABD0002000011","AAV2.0.0.13","2.1.0.383","PSt7-10","171027-000","6/27/2018 9:55:33 AM","0000-00","0","no battery","V"
"08/23/2019","13:07:21","1","default","104940808","OXY1","31.344","min","172.169","μmol/L","Humid","21.190","deg","64643","µV","31.220","°C","1022.000","hPa","36.0","pmil","0","55.680","deg","20.000","°C","100.000","%a.s.","22.210","deg","20.000","°C","971.000","hPa","0.826","-0.01532","0.000401","-0.00012","0","11.08","Humid","26.60","0","20.10","230114.48","SABD0002000011","AAV2.0.0.13","2.1.0.383","PSt7-10","171027-000","6/27/2018 9:55:33 AM","0000-00","0","no battery","V"
"08/23/2019","13:07:22","1","default","104940808","OXY1","31.360","min","172.157","μmol/L","Humid","21.193","deg","64635","µV","31.214","°C","1022.000","hPa","36.0","pmil","0","55.680","deg","20.000","°C","100.000","%a.s.","22.210","deg","20.000","°C","971.000","hPa","0.826","-0.01532","0.000401","-0.00012","0","11.08","Humid","26.60","0","20.10","230117.12","SABD0002000011","AAV2.0.0.13","2.1.0.383","PSt7-10","171027-000","6/27/2018 9:55:33 AM","0000-00","0","no battery","V"
"08/23/2019","13:07:23","1","default","104940808","OXY1","31.377","min","172.188","μmol/L","Humid","21.191","deg","64632","µV","31.214","°C","1022.000","hPa","36.0","pmil","0","55.680","deg","20.000","°C","100.000","%a.s.","22.210","deg","20.000","°C","971.000","hPa","0.826","-0.01532","0.000401","-0.00012","0","11.08","Humid","26.60","0","20.10","230116.30","SABD0002000011","AAV2.0.0.13","2.1.0.383","PSt7-10","171027-000","6/27/2018 9:55:33 AM","0000-00","0","no battery","V"
"08/23/2019","13:07:24","1","default","104940808","OXY1","31.394","min","172.127","μmol/L","Humid","21.195","deg","64634","µV","31.214","°C","1022.000","hPa","36.0","pmil","0","55.680","deg","20.000","°C","100.000","%a.s.","22.210","deg","20.000","°C","971.000","hPa","0.826","-0.01532","0.000401","-0.00012","0","11.08","Humid","26.60","0","20.10","230110.86","SABD0002000011","AAV2.0.0.13","2.1.0.383","PSt7-10","171027-000","6/27/2018 9:55:33 AM","0000-00","0","no battery","V"
"08/23/2019","13:07:25","1","default","104940808","OXY1","31.411","min","172.093","μmol/L","Humid","21.195","deg","64632","µV","31.220","°C","1022.000","hPa","36.0","pmil","0","55.680","deg","20.000","°C","100.000","%a.s.","22.210","deg","20.000","°C","971.000","hPa","0.826","-0.01532","0.000401","-0.00012","0","11.08","Humid","26.60","0","20.10","230105.34","SABD0002000011","AAV2.0.0.13","2.1.0.383","PSt7-10","171027-000","6/27/2018 9:55:33 AM","0000-00","0","no battery","V"
"08/23/2019","13:07:26","1","default","104940808","OXY1","31.427","min","172.047","μmol/L","Humid","21.198","deg","64632","µV","31.220","°C","1022.000","hPa","36.0","pmil","0","55.680","deg","20.000","°C","100.000","%a.s.","22.210","deg","20.000","°C","971.000","hPa","0.826","-0.01532","0.000401","-0.00012","0","11.08","Humid","26.60","0","20.10","230096.63","SABD0002000011","AAV2.0.0.13","2.1.0.383","PSt7-10","171027-000","6/27/2018 9:55:33 AM","0000-00","0","no battery","V"
"08/23/2019","13:07:27","1","default","104940808","OXY1","31.444","min","172.146","μmol/L","Humid","21.191","deg","64628","µV","31.220","°C","1021.000","hPa","36.0","pmil","0","55.680","deg","20.000","°C","100.000","%a.s.","22.210","deg","20.000","°C","971.000","hPa","0.826","-0.01532","0.000401","-0.00012","0","11.08","Humid","26.60","0","20.10","230096.10","SABD0002000011","AAV2.0.0.13","2.1.0.383","PSt7-10","171027-000","6/27/2018 9:55:33 AM","0000-00","0","no battery","V"
"08/23/2019","13:07:28","1","default","104940808","OXY1","31.460","min","172.123","μmol/L","Humid","21.193","deg","64632","µV","31.220","°C","1022.000","hPa","36.0","pmil","0","55.680","deg","20.000","°C","100.000","%a.s.","22.210","deg","20.000","°C","971.000","hPa","0.826","-0.01532","0.000401","-0.00012","0","11.08","Humid","26.60","0","20.10","230095.30","SABD0002000011","AAV2.0.0.13","2.1.0.383","PSt7-10","171027-000","6/27/2018 9:55:33 AM","0000-00","0","no battery","V"
"08/23/2019","13:07:29","1","default","104940808","OXY1","31.477","min","172.050","μmol/L","Humid","21.200","deg","64628","µV","31.214","°C","1022.000","hPa","36.0","pmil","0","55.680","deg","20.000","°C","100.000","%a.s.","22.210","deg","20.000","°C","971.000","hPa","0.826","-0.01532","0.000401","-0.00012","0","11.08","Humid","26.60","0","20.10","230093.58","SABD0002000011","AAV2.0.0.13","2.1.0.383","PSt7-10","171027-000","6/27/2018 9:55:33 AM","0000-00","0","no battery","V"
"08/23/2019","13:07:30","1","default","104940808","OXY1","31.493","min","172.142","μmol/L","Humid","21.194","deg","64631","µV","31.214","°C","1022.000","hPa","36.0","pmil","0","55.680","deg","20.000","°C","100.000","%a.s.","22.210","deg","20.000","°C","971.000","hPa","0.826","-0.01532","0.000401","-0.00012","0","11.08","Humid","26.60","0","20.10","230092.28","SABD0002000011","AAV2.0.0.13","2.1.0.383","PSt7-10","171027-000","6/27/2018 9:55:33 AM","0000-00","0","no battery","V"
"08/23/2019","13:07:31","1","default","104940808","OXY1","31.510","min","172.237","μmol/L","Humid","21.190","deg","64633","µV","31.208","°C","1022.000","hPa","36.0","pmil","0","55.680","deg","20.000","°C","100.000","%a.s.","22.210","deg","20.000","°C","971.000","hPa","0.826","-0.01532","0.000401","-0.00012","0","11.08","Humid","26.60","0","20.10","230091.56","SABD0002000011","AAV2.0.0.13","2.1.0.383","PSt7-10","171027-000","6/27/2018 9:55:33 AM","0000-00","0","no battery","V"
"08/23/2019","13:07:32","1","default","104940808","OXY1","31.527","min","172.096","μmol/L","Humid","21.197","deg","64630","µV","31.214","°C","1022.000","hPa","36.0","pmil","0","55.680","deg","20.000","°C","100.000","%a.s.","22.210","deg","20.000","°C","971.000","hPa","0.826","-0.01532","0.000401","-0.00012","0","11.08","Humid","26.60","0","20.10","230093.20","SABD0002000011","AAV2.0.0.13","2.1.0.383","PSt7-10","171027-000","6/27/2018 9:55:33 AM","0000-00","0","no battery","V"
"08/23/2019","13:07:33","1","default","104940808","OXY1","31.544","min","172.142","μmol/L","Humid","21.194","deg","64627","µV","31.214","°C","1022.000","hPa","36.0","pmil","0","55.680","deg","20.000","°C","100.000","%a.s.","22.210","deg","20.000","°C","971.000","hPa","0.826","-0.01532","0.000401","-0.00012","0","11.08","Humid","26.60","0","20.10","230100.15","SABD0002000011","AAV2.0.0.13","2.1.0.383","PSt7-10","171027-000","6/27/2018 9:55:33 AM","0000-00","0","no battery","V"
"08/23/2019","13:07:34","1","default","104940808","OXY1","31.561","min","172.111","μmol/L","Humid","21.196","deg","64631","µV","31.214","°C","1022.000","hPa","36.0","pmil","0","55.680","deg","20.000","°C","100.000","%a.s.","22.210","deg","20.000","°C","971.000","hPa","0.826","-0.01532","0.000401","-0.00012","0","11.08","Humid","26.60","0","20.10","230102.81","SABD0002000011","AAV2.0.0.13","2.1.0.383","PSt7-10","171027-000","6/27/2018 9:55:33 AM","0000-00","0","no battery","V"
"08/23/2019","13:07:35","1","default","104940808","OXY1","31.577","min","172.032","μmol/L","Humid","21.199","deg","64617","µV","31.220","°C","1022.000","hPa","36.0","pmil","0","55.680","deg","20.000","°C","100.000","%a.s.","22.210","deg","20.000","°C","971.000","hPa","0.826","-0.01532","0.000401","-0.00012","0","11.08","Humid","26.60","0","20.10","230091.86","SABD0002000011","AAV2.0.0.13","2.1.0.383","PSt7-10","171027-000","6/27/2018 9:55:33 AM","0000-00","0","no battery","V"
"08/23/2019","13:07:36","1","default","104940808","OXY1","31.593","min","172.050","μmol/L","Humid","21.200","deg","64619","µV","31.214","°C","1022.000","hPa","36.0","pmil","0","55.680","deg","20.000","°C","100.000","%a.s.","22.210","deg","20.000","°C","971.000","hPa","0.826","-0.01532","0.000401","-0.00012","0","11.08","Humid","26.60","0","20.10","230090.95","SABD0002000011","AAV2.0.0.13","2.1.0.383","PSt7-10","171027-000","6/27/2018 9:55:33 AM","0000-00","0","no battery","V"
"08/23/2019","13:07:37","1","default","104940808","OXY1","31.610","min","172.127","μmol/L","Humid","21.195","deg","64623","µV","31.214","°C","1022.000","hPa","36.0","pmil","0","55.680","deg","20.000","°C","100.000","%a.s.","22.210","deg","20.000","°C","971.000","hPa","0.826","-0.01532","0.000401","-0.00012","0","11.08","Humid","26.60","0","20.10","230090.95","SABD0002000011","AAV2.0.0.13","2.1.0.383","PSt7-10","171027-000","6/27/2018 9:55:33 AM","0000-00","0","no battery","V"
"08/23/2019","13:07:38","1","default","104940808","OXY1","31.627","min","171.959","μmol/L","Humid","21.206","deg","64617","µV","31.214","°C","1022.000","hPa","36.0","pmil","0","55.680","deg","20.000","°C","100.000","%a.s.","22.210","deg","20.000","°C","971.000","hPa","0.826","-0.01532","0.000401","-0.00012","0","11.08","Humid","26.60","0","20.10","230103.49","SABD0002000011","AAV2.0.0.13","2.1.0.383","PSt7-10","171027-000","6/27/2018 9:55:33 AM","0000-00","0","no battery","V"
"08/23/2019","13:07:39","1","default","104940808","OXY1","31.644","min","172.157","μmol/L","Humid","21.193","deg","64619","µV","31.214","°C","1022.000","hPa","36.0","pmil","0","55.680","deg","20.000","°C","100.000","%a.s.","22.210","deg","20.000","°C","971.000","hPa","0.826","-0.01532","0.000401","-0.00012","0","11.08","Humid","26.60","0","20.10","230098.12","SABD0002000011","AAV2.0.0.13","2.1.0.383","PSt7-10","171027-000","6/27/2018 9:55:33 AM","0000-00","0","no battery","V"
"08/23/2019","13:07:40","1","default","104940808","OXY1","31.660","min","172.077","μmol/L","Humid","21.196","deg","64614","µV","31.220","°C","1022.000","hPa","36.0","pmil","0","55.680","deg","20.000","°C","100.000","%a.s.","22.210","deg","20.000","°C","971.000","hPa","0.826","-0.01532","0.000401","-0.00012","0","11.08","Humid","26.60","0","20.10","230087.56","SABD0002000011","AAV2.0.0.13","2.1.0.383","PSt7-10","171027-000","6/27/2018 9:55:33 AM","0000-00","0","no battery","V"
"08/23/2019","13:07:41","1","default","104940808","OXY1","31.677","min","172.004","μmol/L","Humid","21.203","deg","64616","µV","31.214","°C","1022.000","hPa","36.0","pmil","0","55.680","deg","20.000","°C","100.000","%a.s.","22.210","deg","20.000","°C","971.000","hPa","0.826","-0.01532","0.000401","-0.00012","0","11.08","Humid","26.60","0","20.10","230087.22","SABD0002000011","AAV2.0.0.13","2.1.0.383","PSt7-10","171027-000","6/27/2018 9:55:33 AM","0000-00","0","no battery","V"
"08/23/2019","13:07:42","1","default","104940808","OXY1","31.694","min","172.077","μmol/L","Humid","21.196","deg","64612","µV","31.220","°C","1022.000","hPa","36.0","pmil","0","55.680","deg","20.000","°C","100.000","%a.s.","22.210","deg","20.000","°C","971.000","hPa","0.826","-0.01532","0.000401","-0.00012","0","11.08","Humid","26.60","0","20.10","230091.05","SABD0002000011","AAV2.0.0.13","2.1.0.383","PSt7-10","171027-000","6/27/2018 9:55:33 AM","0000-00","0","no battery","V"
"08/23/2019","13:07:43","1","default","104940808","OXY1","31.711","min","172.065","μmol/L","Humid","21.199","deg","64621","µV","31.214","°C","1022.000","hPa","36.0","pmil","0","55.680","deg","20.000","°C","100.000","%a.s.","22.210","deg","20.000","°C","971.000","hPa","0.826","-0.01532","0.000401","-0.00012","0","11.08","Humid","26.60","0","20.10","230091.84","SABD0002000011","AAV2.0.0.13","2.1.0.383","PSt7-10","171027-000","6/27/2018 9:55:33 AM","0000-00","0","no battery","V"
"08/23/2019","13:07:44","1","default","104940808","OXY1","31.727","min","172.191","μmol/L","Humid","21.193","deg","64618","µV","31.208","°C","1022.000","hPa","36.0","pmil","0","55.680","deg","20.000","°C","100.000","%a.s.","22.210","deg","20.000","°C","971.000","hPa","0.826","-0.01532","0.000401","-0.00012","0","11.08","Humid","26.60","0","20.10","230087.33","SABD0002000011","AAV2.0.0.13","2.1.0.383","PSt7-10","171027-000","6/27/2018 9:55:33 AM","0000-00","0","no battery","V"
"08/23/2019","13:07:45","1","default","104940808","OXY1","31.743","min","172.062","μmol/L","Humid","21.197","deg","64618","µV","31.220","°C","1022.000","hPa","36.0","pmil","0","55.680","deg","20.000","°C","100.000","%a.s.","22.210","deg","20.000","°C","971.000","hPa","0.826","-0.01532","0.000401","-0.00012","0","11.08","Humid","26.60","0","20.10","230082.37","SABD0002000011","AAV2.0.0.13","2.1.0.383","PSt7-10","171027-000","6/27/2018 9:55:33 AM","0000-00","0","no battery","V"
"08/23/2019","13:07:46","1","default","104940808","OXY1","31.760","min","172.035","μmol/L","Humid","21.201","deg","64624","µV","31.214","°C","1022.000","hPa","36.0","pmil","0","55.680","deg","20.000","°C","100.000","%a.s.","22.210","deg","20.000","°C","971.000","hPa","0.826","-0.01532","0.000401","-0.00012","0","11.08","Humid","26.60","0","20.10","230102.79","SABD0002000011","AAV2.0.0.13","2.1.0.383","PSt7-10","171027-000","6/27/2018 9:55:33 AM","0000-00","0","no battery","V"
"08/23/2019","13:07:47","1","default","104940808","OXY1","31.777","min","172.035","μmol/L","Humid","21.201","deg","64624","µV","31.214","°C","1022.000","hPa","36.0","pmil","0","55.680","deg","20.000","°C","100.000","%a.s.","22.210","deg","20.000","°C","971.000","hPa","0.826","-0.01532","0.000401","-0.00012","0","11.08","Humid","26.60","0","20.10","230087.36","SABD0002000011","AAV2.0.0.13","2.1.0.383","PSt7-10","171027-000","6/27/2018 9:55:33 AM","0000-00","0","no battery","V"
"08/23/2019","13:07:48","1","default","104940808","OXY1","31.794","min","172.077","μmol/L","Humid","21.196","deg","64615","µV","31.220","°C","1022.000","hPa","36.0","pmil","0","55.680","deg","20.000","°C","100.000","%a.s.","22.210","deg","20.000","°C","971.000","hPa","0.826","-0.01532","0.000401","-0.00012","0","11.08","Humid","26.60","0","20.10","230088.32","SABD0002000011","AAV2.0.0.13","2.1.0.383","PSt7-10","171027-000","6/27/2018 9:55:33 AM","0000-00","0","no battery","V"
"08/23/2019","13:07:49","1","default","104940808","OXY1","31.810","min","172.016","μmol/L","Humid","21.200","deg","64610","µV","31.220","°C","1022.000","hPa","36.0","pmil","0","55.680","deg","20.000","°C","100.000","%a.s.","22.210","deg","20.000","°C","971.000","hPa","0.826","-0.01532","0.000401","-0.00012","0","11.08","Humid","26.60","0","20.10","230074.94","SABD0002000011","AAV2.0.0.13","2.1.0.383","PSt7-10","171027-000","6/27/2018 9:55:33 AM","0000-00","0","no battery","V"
"08/23/2019","13:07:50","1","default","104940808","OXY1","31.827","min","172.062","μmol/L","Humid","21.197","deg","64621","µV","31.220","°C","1022.000","hPa","36.0","pmil","0","55.680","deg","20.000","°C","100.000","%a.s.","22.210","deg","20.000","°C","971.000","hPa","0.826","-0.01532","0.000401","-0.00012","0","11.08","Humid","26.60","0","20.10","230090.14","SABD0002000011","AAV2.0.0.13","2.1.0.383","PSt7-10","171027-000","6/27/2018 9:55:33 AM","0000-00","0","no battery","V"
"08/23/2019","13:07:51","1","default","104940808","OXY1","31.844","min","171.986","μmol/L","Humid","21.202","deg","64617","µV","31.220","°C","1022.000","hPa","36.0","pmil","0","55.680","deg","20.000","°C","100.000","%a.s.","22.210","deg","20.000","°C","971.000","hPa","0.826","-0.01532","0.000401","-0.00012","0","11.08","Humid","26.60","0","20.10","230077.59","SABD0002000011","AAV2.0.0.13","2.1.0.383","PSt7-10","171027-000","6/27/2018 9:55:33 AM","0000-00","0","no battery","V"
"08/23/2019","13:07:52","1","default","104940808","OXY1","31.861","min","172.099","μmol/L","Humid","21.199","deg","64614","µV","31.208","°C","1022.000","hPa","36.0","pmil","0","55.680","deg","20.000","°C","100.000","%a.s.","22.210","deg","20.000","°C","971.000","hPa","0.826","-0.01532","0.000401","-0.00012","0","11.08","Humid","26.60","0","20.10","230078.44","SABD0002000011","AAV2.0.0.13","2.1.0.383","PSt7-10","171027-000","6/27/2018 9:55:33 AM","0000-00","0","no battery","V"
"08/23/2019","13:07:53","1","default","104940808","OXY1","31.877","min","172.061","μmol/L","Humid","21.201","deg","64608","µV","31.208","°C","1021.000","hPa","36.0","pmil","0","55.680","deg","20.000","°C","100.000","%a.s.","22.210","deg","20.000","°C","971.000","hPa","0.826","-0.01532","0.000401","-0.00012","0","11.08","Humid","26.60","0","20.10","230090.50","SABD0002000011","AAV2.0.0.13","2.1.0.383","PSt7-10","171027-000","6/27/2018 9:55:33 AM","0000-00","0","no battery","V"
"08/23/2019","13:07:54","1","default","104940808","OXY1","31.893","min","172.054","μmol/L","Humid","21.202","deg","64613","µV","31.208","°C","1022.000","hPa","36.0","pmil","0","55.680","deg","20.000","°C","100.000","%a.s.","22.210","deg","20.000","°C","971.000","hPa","0.826","-0.01532","0.000401","-0.00012","0","11.08","Humid","26.60","0","20.10","230068.36","SABD0002000011","AAV2.0.0.13","2.1.0.383","PSt7-10","171027-000","6/27/2018 9:55:33 AM","0000-00","0","no battery","V"
"08/23/2019","13:07:55","1","default","104940808","OXY1","31.910","min","172.122","μmol/L","Humid","21.197","deg","64603","µV","31.208","°C","1021.000","hPa","36.0","pmil","0","55.680","deg","20.000","°C","100.000","%a.s.","22.210","deg","20.000","°C","971.000","hPa","0.826","-0.01532","0.000401","-0.00012","0","11.08","Humid","26.60","0","20.10","230081.40","SABD0002000011","AAV2.0.0.13","2.1.0.383","PSt7-10","171027-000","6/27/2018 9:55:33 AM","0000-00","0","no battery","V"
"08/23/2019","13:07:56","1","default","104940808","OXY1","31.927","min","171.997","μmol/L","Humid","21.203","deg","64606","µV","31.214","°C","1021.000","hPa","36.0","pmil","0","55.680","deg","20.000","°C","100.000","%a.s.","22.210","deg","20.000","°C","971.000","hPa","0.826","-0.01532","0.000401","-0.00012","0","11.08","Humid","26.60","0","20.10","230075.80","SABD0002000011","AAV2.0.0.13","2.1.0.383","PSt7-10","171027-000","6/27/2018 9:55:33 AM","0000-00","0","no battery","V"
"08/23/2019","13:07:57","1","default","104940808","OXY1","31.944","min","172.032","μmol/L","Humid","21.199","deg","64614","µV","31.220","°C","1022.000","hPa","36.0","pmil","0","55.680","deg","20.000","°C","100.000","%a.s.","22.210","deg","20.000","°C","971.000","hPa","0.826","-0.01532","0.000401","-0.00012","0","11.08","Humid","26.60","0","20.10","230075.95","SABD0002000011","AAV2.0.0.13","2.1.0.383","PSt7-10","171027-000","6/27/2018 9:55:33 AM","0000-00","0","no battery","V"
"08/23/2019","13:07:58","1","default","104940808","OXY1","31.960","min","172.047","μmol/L","Humid","21.198","deg","64608","µV","31.220","°C","1022.000","hPa","36.0","pmil","0","55.680","deg","20.000","°C","100.000","%a.s.","22.210","deg","20.000","°C","971.000","hPa","0.826","-0.01532","0.000401","-0.00012","0","11.08","Humid","26.60","0","20.10","230074.93","SABD0002000011","AAV2.0.0.13","2.1.0.383","PSt7-10","171027-000","6/27/2018 9:55:33 AM","0000-00","0","no battery","V"
"08/23/2019","13:07:59","1","default","104940808","OXY1","31.977","min","172.115","μmol/L","Humid","21.193","deg","64600","µV","31.220","°C","1021.000","hPa","36.0","pmil","0","55.680","deg","20.000","°C","100.000","%a.s.","22.210","deg","20.000","°C","971.000","hPa","0.826","-0.01532","0.000401","-0.00012","0","11.08","Humid","26.60","0","20.10","230075.33","SABD0002000011","AAV2.0.0.13","2.1.0.383","PSt7-10","171027-000","6/27/2018 9:55:33 AM","0000-00","0","no battery","V"
"08/23/2019","13:08:00","1","default","104940808","OXY1","31.994","min","171.983","μmol/L","Humid","21.200","deg","64601","µV","31.226","°C","1022.000","hPa","36.0","pmil","0","55.680","deg","20.000","°C","100.000","%a.s.","22.210","deg","20.000","°C","971.000","hPa","0.826","-0.01532","0.000401","-0.00012","0","11.08","Humid","26.60","0","20.10","230082.08","SABD0002000011","AAV2.0.0.13","2.1.0.383","PSt7-10","171027-000","6/27/2018 9:55:33 AM","0000-00","0","no battery","V"
"08/23/2019","13:08:01","1","default","104940808","OXY1","32.011","min","171.998","μmol/L","Humid","21.199","deg","64595","µV","31.226","°C","1022.000","hPa","36.0","pmil","0","55.680","deg","20.000","°C","100.000","%a.s.","22.210","deg","20.000","°C","971.000","hPa","0.826","-0.01532","0.000401","-0.00012","0","11.08","Humid","26.60","0","20.10","230067.92","SABD0002000011","AAV2.0.0.13","2.1.0.383","PSt7-10","171027-000","6/27/2018 9:55:33 AM","0000-00","0","no battery","V"
"08/23/2019","13:08:02","1","default","104940808","OXY1","32.027","min","172.070","μmol/L","Humid","21.196","deg","64599","µV","31.220","°C","1021.000","hPa","36.0","pmil","0","55.680","deg","20.000","°C","100.000","%a.s.","22.210","deg","20.000","°C","971.000","hPa","0.826","-0.01532","0.000401","-0.00012","0","11.08","Humid","26.60","0","20.10","230081.00","SABD0002000011","AAV2.0.0.13","2.1.0.383","PSt7-10","171027-000","6/27/2018 9:55:33 AM","0000-00","0","no battery","V"
"08/23/2019","13:08:03","1","default","104940808","OXY1","32.043","min","172.047","μmol/L","Humid","21.198","deg","64599","µV","31.220","°C","1022.000","hPa","36.0","pmil","0","55.680","deg","20.000","°C","100.000","%a.s.","22.210","deg","20.000","°C","971.000","hPa","0.826","-0.01532","0.000401","-0.00012","0","11.08","Humid","26.60","0","20.10","230069.97","SABD0002000011","AAV2.0.0.13","2.1.0.383","PSt7-10","171027-000","6/27/2018 9:55:33 AM","0000-00","0","no battery","V"
"08/23/2019","13:08:04","1","default","104940808","OXY1","32.060","min","172.077","μmol/L","Humid","21.196","deg","64598","µV","31.220","°C","1022.000","hPa","36.0","pmil","0","55.680","deg","20.000","°C","100.000","%a.s.","22.210","deg","20.000","°C","971.000","hPa","0.826","-0.01532","0.000401","-0.00012","0","11.08","Humid","26.60","0","20.10","230081.92","SABD0002000011","AAV2.0.0.13","2.1.0.383","PSt7-10","171027-000","6/27/2018 9:55:33 AM","0000-00","0","no battery","V"
"08/23/2019","13:08:05","1","default","104940808","OXY1","32.077","min","171.998","μmol/L","Humid","21.199","deg","64595","µV","31.226","°C","1022.000","hPa","36.0","pmil","0","55.680","deg","20.000","°C","100.000","%a.s.","22.210","deg","20.000","°C","971.000","hPa","0.826","-0.01532","0.000401","-0.00012","0","11.08","Humid","26.60","0","20.10","230066.18","SABD0002000011","AAV2.0.0.13","2.1.0.383","PSt7-10","171027-000","6/27/2018 9:55:33 AM","0000-00","0","no battery","V"
"08/23/2019","13:08:06","1","default","104940808","OXY1","32.094","min","171.959","μmol/L","Humid","21.201","deg","64595","µV","31.226","°C","1021.000","hPa","36.0","pmil","0","55.680","deg","20.000","°C","100.000","%a.s.","22.210","deg","20.000","°C","971.000","hPa","0.826","-0.01532","0.000401","-0.00012","0","11.08","Humid","26.60","0","20.10","230076.73","SABD0002000011","AAV2.0.0.13","2.1.0.383","PSt7-10","171027-000","6/27/2018 9:55:33 AM","0000-00","0","no battery","V"
"08/23/2019","13:08:07","1","default","104940808","OXY1","32.110","min","172.093","μmol/L","Humid","21.195","deg","64595","µV","31.220","°C","1022.000","hPa","36.0","pmil","0","55.680","deg","20.000","°C","100.000","%a.s.","22.210","deg","20.000","°C","971.000","hPa","0.826","-0.01532","0.000401","-0.00012","0","11.08","Humid","26.60","0","20.10","230070.55","SABD0002000011","AAV2.0.0.13","2.1.0.383","PSt7-10","171027-000","6/27/2018 9:55:33 AM","0000-00","0","no battery","V"
"08/23/2019","13:08:08","1","default","104940808","OXY1","32.127","min","171.967","μmol/L","Humid","21.201","deg","64594","µV","31.226","°C","1022.000","hPa","36.0","pmil","0","55.680","deg","20.000","°C","100.000","%a.s.","22.210","deg","20.000","°C","971.000","hPa","0.826","-0.01532","0.000401","-0.00012","0","11.08","Humid","26.60","0","20.10","230067.65","SABD0002000011","AAV2.0.0.13","2.1.0.383","PSt7-10","171027-000","6/27/2018 9:55:33 AM","0000-00","0","no battery","V"
"08/23/2019","13:08:09","1","default","104940808","OXY1","32.144","min","171.955","μmol/L","Humid","21.204","deg","64599","µV","31.220","°C","1022.000","hPa","36.0","pmil","0","55.680","deg","20.000","°C","100.000","%a.s.","22.210","deg","20.000","°C","971.000","hPa","0.826","-0.01532","0.000401","-0.00012","0","11.08","Humid","26.60","0","20.10","230069.10","SABD0002000011","AAV2.0.0.13","2.1.0.383","PSt7-10","171027-000","6/27/2018 9:55:33 AM","0000-00","0","no battery","V"
"08/23/2019","13:08:10","1","default","104940808","OXY1","32.161","min","172.131","μmol/L","Humid","21.192","deg","64592","µV","31.220","°C","1021.000","hPa","36.0","pmil","0","55.680","deg","20.000","°C","100.000","%a.s.","22.210","deg","20.000","°C","971.000","hPa","0.826","-0.01532","0.000401","-0.00012","0","11.08","Humid","26.60","0","20.10","230068.43","SABD0002000011","AAV2.0.0.13","2.1.0.383","PSt7-10","171027-000","6/27/2018 9:55:33 AM","0000-00","0","no battery","V"
"08/23/2019","13:08:11","1","default","104940808","OXY1","32.177","min","171.998","μmol/L","Humid","21.199","deg","64595","µV","31.226","°C","1022.000","hPa","36.0","pmil","0","55.680","deg","20.000","°C","100.000","%a.s.","22.210","deg","20.000","°C","971.000","hPa","0.826","-0.01532","0.000401","-0.00012","0","11.08","Humid","26.60","0","20.10","230075.21","SABD0002000011","AAV2.0.0.13","2.1.0.383","PSt7-10","171027-000","6/27/2018 9:55:33 AM","0000-00","0","no battery","V"
"08/23/2019","13:08:12","1","default","104940808","OXY1","32.193","min","171.983","μmol/L","Humid","21.200","deg","64589","µV","31.226","°C","1022.000","hPa","36.0","pmil","0","55.680","deg","20.000","°C","100.000","%a.s.","22.210","deg","20.000","°C","971.000","hPa","0.826","-0.01532","0.000401","-0.00012","0","11.08","Humid","26.60","0","20.10","230057.85","SABD0002000011","AAV2.0.0.13","2.1.0.383","PSt7-10","171027-000","6/27/2018 9:55:33 AM","0000-00","0","no battery","V"
"08/23/2019","13:08:13","1","default","104940808","OXY1","32.210","min","171.975","μmol/L","Humid","21.200","deg","64587","µV","31.226","°C","1021.000","hPa","36.0","pmil","0","55.680","deg","20.000","°C","100.000","%a.s.","22.210","deg","20.000","°C","971.000","hPa","0.826","-0.01532","0.000401","-0.00012","0","11.08","Humid","26.60","0","20.10","230063.78","SABD0002000011","AAV2.0.0.13","2.1.0.383","PSt7-10","171027-000","6/27/2018 9:55:33 AM","0000-00","0","no battery","V"
"08/23/2019","13:08:14","1","default","104940808","OXY1","32.227","min","172.009","μmol/L","Humid","21.200","deg","64594","µV","31.220","°C","1021.000","hPa","36.0","pmil","0","55.680","deg","20.000","°C","100.000","%a.s.","22.210","deg","20.000","°C","971.000","hPa","0.826","-0.01532","0.000401","-0.00012","0","11.08","Humid","26.60","0","20.10","230049.94","SABD0002000011","AAV2.0.0.13","2.1.0.383","PSt7-10","171027-000","6/27/2018 9:55:33 AM","0000-00","0","no battery","V"
"08/23/2019","13:08:15","1","default","104940808","OXY1","32.244","min","171.998","μmol/L","Humid","21.199","deg","64583","µV","31.226","°C","1022.000","hPa","36.0","pmil","0","55.680","deg","20.000","°C","100.000","%a.s.","22.210","deg","20.000","°C","971.000","hPa","0.826","-0.01532","0.000401","-0.00012","0","11.08","Humid","26.60","0","20.10","230056.17","SABD0002000011","AAV2.0.0.13","2.1.0.383","PSt7-10","171027-000","6/27/2018 9:55:33 AM","0000-00","0","no battery","V"
"08/23/2019","13:08:16","1","default","104940808","OXY1","32.260","min","171.914","μmol/L","Humid","21.204","deg","64582","µV","31.226","°C","1021.000","hPa","36.0","pmil","0","55.680","deg","20.000","°C","100.000","%a.s.","22.210","deg","20.000","°C","971.000","hPa","0.826","-0.01532","0.000401","-0.00012","0","11.08","Humid","26.60","0","20.10","230063.03","SABD0002000011","AAV2.0.0.13","2.1.0.383","PSt7-10","171027-000","6/27/2018 9:55:33 AM","0000-00","0","no battery","V"
"08/23/2019","13:08:17","1","default","104940808","OXY1","32.277","min","171.967","μmol/L","Humid","21.201","deg","64584","µV","31.226","°C","1022.000","hPa","36.0","pmil","0","55.680","deg","20.000","°C","100.000","%a.s.","22.210","deg","20.000","°C","971.000","hPa","0.826","-0.01532","0.000401","-0.00012","0","11.08","Humid","26.60","0","20.10","230068.71","SABD0002000011","AAV2.0.0.13","2.1.0.383","PSt7-10","171027-000","6/27/2018 9:55:33 AM","0000-00","0","no battery","V"
"08/23/2019","13:08:18","1","default","104940808","OXY1","32.294","min","171.971","μmol/L","Humid","21.203","deg","64583","µV","31.220","°C","1022.000","hPa","36.0","pmil","0","55.680","deg","20.000","°C","100.000","%a.s.","22.210","deg","20.000","°C","971.000","hPa","0.826","-0.01532","0.000401","-0.00012","0","11.08","Humid","26.60","0","20.10","230063.51","SABD0002000011","AAV2.0.0.13","2.1.0.383","PSt7-10","171027-000","6/27/2018 9:55:33 AM","0000-00","0","no battery","V"
"08/23/2019","13:08:19","1","default","104940808","OXY1","32.310","min","172.001","μmol/L","Humid","21.201","deg","64584","µV","31.220","°C","1022.000","hPa","36.0","pmil","0","55.680","deg","20.000","°C","100.000","%a.s.","22.210","deg","20.000","°C","971.000","hPa","0.826","-0.01532","0.000401","-0.00012","0","11.08","Humid","26.60","0","20.10","230066.00","SABD0002000011","AAV2.0.0.13","2.1.0.383","PSt7-10","171027-000","6/27/2018 9:55:33 AM","0000-00","0","no battery","V"
"08/23/2019","13:08:20","1","default","104940808","OXY1","32.327","min","172.077","μmol/L","Humid","21.196","deg","64588","µV","31.220","°C","1022.000","hPa","36.0","pmil","0","55.680","deg","20.000","°C","100.000","%a.s.","22.210","deg","20.000","°C","971.000","hPa","0.826","-0.01532","0.000401","-0.00012","0","11.08","Humid","26.60","0","20.10","230075.88","SABD0002000011","AAV2.0.0.13","2.1.0.383","PSt7-10","171027-000","6/27/2018 9:55:33 AM","0000-00","0","no battery","V"
"08/23/2019","13:08:21","1","default","104940808","OXY1","32.343","min","172.059","μmol/L","Humid","21.195","deg","64579","µV","31.226","°C","1022.000","hPa","36.0","pmil","0","55.680","deg","20.000","°C","100.000","%a.s.","22.210","deg","20.000","°C","971.000","hPa","0.826","-0.01532","0.000401","-0.00012","0","11.08","Humid","26.60","0","20.10","230055.43","SABD0002000011","AAV2.0.0.13","2.1.0.383","PSt7-10","171027-000","6/27/2018 9:55:33 AM","0000-00","0","no battery","V"
"08/23/2019","13:08:22","1","default","104940808","OXY1","32.360","min","171.967","μmol/L","Humid","21.201","deg","64582","µV","31.226","°C","1022.000","hPa","36.0","pmil","0","55.680","deg","20.000","°C","100.000","%a.s.","22.210","deg","20.000","°C","971.000","hPa","0.826","-0.01532","0.000401","-0.00012","0","11.08","Humid","26.60","0","20.10","230056.96","SABD0002000011","AAV2.0.0.13","2.1.0.383","PSt7-10","171027-000","6/27/2018 9:55:33 AM","0000-00","0","no battery","V"
"08/23/2019","13:08:23","1","default","104940808","OXY1","32.377","min","171.967","μmol/L","Humid","21.201","deg","64577","µV","31.226","°C","1022.000","hPa","36.0","pmil","0","55.680","deg","20.000","°C","100.000","%a.s.","22.210","deg","20.000","°C","971.000","hPa","0.826","-0.01532","0.000401","-0.00012","0","11.08","Humid","26.60","0","20.10","230048.22","SABD0002000011","AAV2.0.0.13","2.1.0.383","PSt7-10","171027-000","6/27/2018 9:55:33 AM","0000-00","0","no battery","V"
"08/23/2019","13:08:24","1","default","104940808","OXY1","32.394","min","172.047","μmol/L","Humid","21.198","deg","64576","µV","31.220","°C","1022.000","hPa","36.0","pmil","0","55.680","deg","20.000","°C","100.000","%a.s.","22.210","deg","20.000","°C","971.000","hPa","0.826","-0.01532","0.000401","-0.00012","0","11.08","Humid","26.60","0","20.10","230057.44","SABD0002000011","AAV2.0.0.13","2.1.0.383","PSt7-10","171027-000","6/27/2018 9:55:33 AM","0000-00","0","no battery","V"
"08/23/2019","13:08:25","1","default","104940808","OXY1","32.411","min","171.955","μmol/L","Humid","21.204","deg","64578","µV","31.220","°C","1022.000","hPa","36.0","pmil","0","55.680","deg","20.000","°C","100.000","%a.s.","22.210","deg","20.000","°C","971.000","hPa","0.826","-0.01532","0.000401","-0.00012","0","11.08","Humid","26.60","0","20.10","230046.07","SABD0002000011","AAV2.0.0.13","2.1.0.383","PSt7-10","171027-000","6/27/2018 9:55:33 AM","0000-00","0","no battery","V"
"08/23/2019","13:08:26","1","default","104940808","OXY1","32.427","min","171.971","μmol/L","Humid","21.203","deg","64580","µV","31.220","°C","1022.000","hPa","36.0","pmil","0","55.680","deg","20.000","°C","100.000","%a.s.","22.210","deg","20.000","°C","971.000","hPa","0.826","-0.01532","0.000401","-0.00012","0","11.08","Humid","26.60","0","20.10","230053.76","SABD0002000011","AAV2.0.0.13","2.1.0.383","PSt7-10","171027-000","6/27/2018 9:55:33 AM","0000-00","0","no battery","V"
"08/23/2019","13:08:27","1","default","104940808","OXY1","32.444","min","171.845","μmol/L","Humid","21.209","deg","64586","µV","31.226","°C","1022.000","hPa","36.0","pmil","0","55.680","deg","20.000","°C","100.000","%a.s.","22.210","deg","20.000","°C","971.000","hPa","0.826","-0.01532","0.000401","-0.00012","0","11.08","Humid","26.60","0","20.10","230061.44","SABD0002000011","AAV2.0.0.13","2.1.0.383","PSt7-10","171027-000","6/27/2018 9:55:33 AM","0000-00","0","no battery","V"
"08/23/2019","13:08:28","1","default","104940808","OXY1","32.460","min","171.940","μmol/L","Humid","21.205","deg","64581","µV","31.220","°C","1022.000","hPa","36.0","pmil","0","55.680","deg","20.000","°C","100.000","%a.s.","22.210","deg","20.000","°C","971.000","hPa","0.826","-0.01532","0.000401","-0.00012","0","11.08","Humid","26.60","0","20.10","230071.23","SABD0002000011","AAV2.0.0.13","2.1.0.383","PSt7-10","171027-000","6/27/2018 9:55:33 AM","0000-00","0","no battery","V"
"08/23/2019","13:08:29","1","default","104940808","OXY1","32.477","min","172.012","μmol/L","Humid","21.202","deg","64587","µV","31.214","°C","1021.000","hPa","36.0","pmil","0","55.680","deg","20.000","°C","100.000","%a.s.","22.210","deg","20.000","°C","971.000","hPa","0.826","-0.01532","0.000401","-0.00012","0","11.08","Humid","26.60","0","20.10","230061.41","SABD0002000011","AAV2.0.0.13","2.1.0.383","PSt7-10","171027-000","6/27/2018 9:55:33 AM","0000-00","0","no battery","V"
"08/23/2019","13:08:30","1","default","104940808","OXY1","32.494","min","171.959","μmol/L","Humid","21.206","deg","64587","µV","31.214","°C","1022.000","hPa","36.0","pmil","0","55.680","deg","20.000","°C","100.000","%a.s.","22.210","deg","20.000","°C","971.000","hPa","0.826","-0.01532","0.000401","-0.00012","0","11.08","Humid","26.60","0","20.10","230070.43","SABD0002000011","AAV2.0.0.13","2.1.0.383","PSt7-10","171027-000","6/27/2018 9:55:33 AM","0000-00","0","no battery","V"
"08/23/2019","13:08:31","1","default","104940808","OXY1","32.510","min","171.974","μmol/L","Humid","21.205","deg","64585","µV","31.214","°C","1022.000","hPa","36.0","pmil","0","55.680","deg","20.000","°C","100.000","%a.s.","22.210","deg","20.000","°C","971.000","hPa","0.826","-0.01532","0.000401","-0.00012","0","11.08","Humid","26.60","0","20.10","230058.62","SABD0002000011","AAV2.0.0.13","2.1.0.383","PSt7-10","171027-000","6/27/2018 9:55:33 AM","0000-00","0","no battery","V"
"08/23/2019","13:08:32","1","default","104940808","OXY1","32.527","min","171.910","μmol/L","Humid","21.207","deg","64593","µV","31.220","°C","1022.000","hPa","36.0","pmil","0","55.680","deg","20.000","°C","100.000","%a.s.","22.210","deg","20.000","°C","971.000","hPa","0.826","-0.01532","0.000401","-0.00012","0","11.08","Humid","26.60","0","20.10","230058.67","SABD0002000011","AAV2.0.0.13","2.1.0.383","PSt7-10","171027-000","6/27/2018 9:55:33 AM","0000-00","0","no battery","V"
"08/23/2019","13:08:33","1","default","104940808","OXY1","32.544","min","171.898","μmol/L","Humid","21.210","deg","64586","µV","31.214","°C","1022.000","hPa","36.0","pmil","0","55.680","deg","20.000","°C","100.000","%a.s.","22.210","deg","20.000","°C","971.000","hPa","0.826","-0.01532","0.000401","-0.00012","0","11.08","Humid","26.60","0","20.10","230053.81","SABD0002000011","AAV2.0.0.13","2.1.0.383","PSt7-10","171027-000","6/27/2018 9:55:33 AM","0000-00","0","no battery","V"
"08/23/2019","13:08:34","1","default","104940808","OXY1","32.561","min","171.937","μmol/L","Humid","21.203","deg","64591","µV","31.226","°C","1022.000","hPa","36.0","pmil","0","55.680","deg","20.000","°C","100.000","%a.s.","22.210","deg","20.000","°C","971.000","hPa","0.826","-0.01532","0.000401","-0.00012","0","11.08","Humid","26.60","0","20.10","230042.85","SABD0002000011","AAV2.0.0.13","2.1.0.383","PSt7-10","171027-000","6/27/2018 9:55:33 AM","0000-00","0","no battery","V"
"08/23/2019","13:08:35","1","default","104940808","OXY1","32.577","min","171.986","μmol/L","Humid","21.202","deg","64588","µV","31.220","°C","1022.000","hPa","36.0","pmil","0","55.680","deg","20.000","°C","100.000","%a.s.","22.210","deg","20.000","°C","971.000","hPa","0.826","-0.01532","0.000401","-0.00012","0","11.08","Humid","26.60","0","20.10","230043.16","SABD0002000011","AAV2.0.0.13","2.1.0.383","PSt7-10","171027-000","6/27/2018 9:55:33 AM","0000-00","0","no battery","V"
"08/23/2019","13:08:36","1","default","104940808","OXY1","32.594","min","171.971","μmol/L","Humid","21.203","deg","64589","µV","31.220","°C","1022.000","hPa","36.0","pmil","0","55.680","deg","20.000","°C","100.000","%a.s.","22.210","deg","20.000","°C","971.000","hPa","0.826","-0.01532","0.000401","-0.00012","0","11.08","Humid","26.60","0","20.10","230041.21","SABD0002000011","AAV2.0.0.13","2.1.0.383","PSt7-10","171027-000","6/27/2018 9:55:33 AM","0000-00","0","no battery","V"
"08/23/2019","13:08:37","1","default","104940808","OXY1","32.610","min","172.001","μmol/L","Humid","21.201","deg","64588","µV","31.220","°C","1022.000","hPa","36.0","pmil","0","55.680","deg","20.000","°C","100.000","%a.s.","22.210","deg","20.000","°C","971.000","hPa","0.826","-0.01532","0.000401","-0.00012","0","11.08","Humid","26.60","0","20.10","230036.30","SABD0002000011","AAV2.0.0.13","2.1.0.383","PSt7-10","171027-000","6/27/2018 9:55:33 AM","0000-00","0","no battery","V"
"08/23/2019","13:08:38","1","default","104940808","OXY1","32.627","min","171.910","μmol/L","Humid","21.207","deg","64583","µV","31.220","°C","1022.000","hPa","36.0","pmil","0","55.680","deg","20.000","°C","100.000","%a.s.","22.210","deg","20.000","°C","971.000","hPa","0.826","-0.01532","0.000401","-0.00012","0","11.08","Humid","26.60","0","20.10","230036.15","SABD0002000011","AAV2.0.0.13","2.1.0.383","PSt7-10","171027-000","6/27/2018 9:55:33 AM","0000-00","0","no battery","V"
"08/23/2019","13:08:39","1","default","104940808","OXY1","32.644","min","171.861","μmol/L","Humid","21.208","deg","64585","µV","31.226","°C","1022.000","hPa","36.0","pmil","0","55.680","deg","20.000","°C","100.000","%a.s.","22.210","deg","20.000","°C","971.000","hPa","0.826","-0.01532","0.000401","-0.00012","0","11.08","Humid","26.60","0","20.10","230042.21","SABD0002000011","AAV2.0.0.13","2.1.0.383","PSt7-10","171027-000","6/27/2018 9:55:33 AM","0000-00","0","no battery","V"
"08/23/2019","13:08:40","1","default","104940808","OXY1","32.660","min","171.891","μmol/L","Humid","21.206","deg","64590","µV","31.226","°C","1022.000","hPa","36.0","pmil","0","55.680","deg","20.000","°C","100.000","%a.s.","22.210","deg","20.000","°C","971.000","hPa","0.826","-0.01532","0.000401","-0.00012","0","11.08","Humid","26.60","0","20.10","230044.65","SABD0002000011","AAV2.0.0.13","2.1.0.383","PSt7-10","171027-000","6/27/2018 9:55:33 AM","0000-00","0","no battery","V"
"08/23/2019","13:08:41","1","default","104940808","OXY1","32.677","min","171.922","μmol/L","Humid","21.204","deg","64584","µV","31.226","°C","1022.000","hPa","36.0","pmil","0","55.680","deg","20.000","°C","100.000","%a.s.","22.210","deg","20.000","°C","971.000","hPa","0.826","-0.01532","0.000401","-0.00012","0","11.08","Humid","26.60","0","20.10","230036.81","SABD0002000011","AAV2.0.0.13","2.1.0.383","PSt7-10","171027-000","6/27/2018 9:55:33 AM","0000-00","0","no battery","V"
"08/23/2019","13:08:42","1","default","104940808","OXY1","32.694","min","171.967","μmol/L","Humid","21.201","deg","64585","µV","31.226","°C","1022.000","hPa","36.0","pmil","0","55.680","deg","20.000","°C","100.000","%a.s.","22.210","deg","20.000","°C","971.000","hPa","0.826","-0.01532","0.000401","-0.00012","0","11.08","Humid","26.60","0","20.10","230032.34","SABD0002000011","AAV2.0.0.13","2.1.0.383","PSt7-10","171027-000","6/27/2018 9:55:33 AM","0000-00","0","no battery","V"
"08/23/2019","13:08:43","1","default","104940808","OXY1","32.711","min","171.952","μmol/L","Humid","21.202","deg","64591","µV","31.226","°C","1022.000","hPa","36.0","pmil","0","55.680","deg","20.000","°C","100.000","%a.s.","22.210","deg","20.000","°C","971.000","hPa","0.826","-0.01532","0.000401","-0.00012","0","11.08","Humid","26.60","0","20.10","230044.20","SABD0002000011","AAV2.0.0.13","2.1.0.383","PSt7-10","171027-000","6/27/2018 9:55:33 AM","0000-00","0","no battery","V"
"08/23/2019","13:08:44","1","default","104940808","OXY1","32.727","min","171.955","μmol/L","Humid","21.204","deg","64583","µV","31.220","°C","1022.000","hPa","36.0","pmil","0","55.680","deg","20.000","°C","100.000","%a.s.","22.210","deg","20.000","°C","971.000","hPa","0.826","-0.01532","0.000401","-0.00012","0","11.08","Humid","26.60","0","20.10","230049.74","SABD0002000011","AAV2.0.0.13","2.1.0.383","PSt7-10","171027-000","6/27/2018 9:55:33 AM","0000-00","0","no battery","V"
"08/23/2019","13:08:45","1","default","104940808","OXY1","32.744","min","172.016","μmol/L","Humid","21.200","deg","64578","µV","31.220","°C","1022.000","hPa","36.0","pmil","0","55.680","deg","20.000","°C","100.000","%a.s.","22.210","deg","20.000","°C","971.000","hPa","0.826","-0.01532","0.000401","-0.00012","0","11.08","Humid","26.60","0","20.10","230034.99","SABD0002000011","AAV2.0.0.13","2.1.0.383","PSt7-10","171027-000","6/27/2018 9:55:33 AM","0000-00","0","no battery","V"
"08/23/2019","13:08:46","1","default","104940808","OXY1","32.761","min","171.914","μmol/L","Humid","21.204","deg","64575","µV","31.226","°C","1021.000","hPa","36.0","pmil","0","55.680","deg","20.000","°C","100.000","%a.s.","22.210","deg","20.000","°C","971.000","hPa","0.826","-0.01532","0.000401","-0.00012","0","11.08","Humid","26.60","0","20.10","230043.87","SABD0002000011","AAV2.0.0.13","2.1.0.383","PSt7-10","171027-000","6/27/2018 9:55:33 AM","0000-00","0","no battery","V"
"08/23/2019","13:08:47","1","default","104940808","OXY1","32.777","min","171.964","μmol/L","Humid","21.199","deg","64577","µV","31.232","°C","1022.000","hPa","36.0","pmil","0","55.680","deg","20.000","°C","100.000","%a.s.","22.210","deg","20.000","°C","971.000","hPa","0.826","-0.01532","0.000401","-0.00012","0","11.08","Humid","26.60","0","20.10","230039.80","SABD0002000011","AAV2.0.0.13","2.1.0.383","PSt7-10","171027-000","6/27/2018 9:55:33 AM","0000-00","0","no battery","V"
"08/23/2019","13:08:48","1","default","104940808","OXY1","32.794","min","171.947","μmol/L","Humid","21.204","deg","64581","µV","31.220","°C","1021.000","hPa","36.0","pmil","0","55.680","deg","20.000","°C","100.000","%a.s.","22.210","deg","20.000","°C","971.000","hPa","0.826","-0.01532","0.000401","-0.00012","0","11.08","Humid","26.60","0","20.10","230048.48","SABD0002000011","AAV2.0.0.13","2.1.0.383","PSt7-10","171027-000","6/27/2018 9:55:33 AM","0000-00","0","no battery","V"
"08/23/2019","13:08:49","1","default","104940808","OXY1","32.810","min","171.963","μmol/L","Humid","21.203","deg","64570","µV","31.220","°C","1021.000","hPa","36.0","pmil","0","55.680","deg","20.000","°C","100.000","%a.s.","22.210","deg","20.000","°C","971.000","hPa","0.826","-0.01532","0.000401","-0.00012","0","11.08","Humid","26.60","0","20.10","230036.34","SABD0002000011","AAV2.0.0.13","2.1.0.383","PSt7-10","171027-000","6/27/2018 9:55:33 AM","0000-00","0","no battery","V"
"08/23/2019","13:08:50","1","default","104940808","OXY1","32.827","min","172.044","μmol/L","Humid","21.196","deg","64576","µV","31.226","°C","1022.000","hPa","36.0","pmil","0","55.680","deg","20.000","°C","100.000","%a.s.","22.210","deg","20.000","°C","971.000","hPa","0.826","-0.01532","0.000401","-0.00012","0","11.08","Humid","26.60","0","20.10","230040.39","SABD0002000011","AAV2.0.0.13","2.1.0.383","PSt7-10","171027-000","6/27/2018 9:55:33 AM","0000-00","0","no battery","V"
"08/23/2019","13:08:51","1","default","104940808","OXY1","32.843","min","171.986","μmol/L","Humid","21.202","deg","64579","µV","31.220","°C","1022.000","hPa","36.0","pmil","0","55.680","deg","20.000","°C","100.000","%a.s.","22.210","deg","20.000","°C","971.000","hPa","0.826","-0.01532","0.000401","-0.00012","0","11.08","Humid","26.60","0","20.10","230035.16","SABD0002000011","AAV2.0.0.13","2.1.0.383","PSt7-10","171027-000","6/27/2018 9:55:33 AM","0000-00","0","no battery","V"
"08/23/2019","13:08:52","1","default","104940808","OXY1","32.860","min","171.922","μmol/L","Humid","21.204","deg","64575","µV","31.226","°C","1022.000","hPa","36.0","pmil","0","55.680","deg","20.000","°C","100.000","%a.s.","22.210","deg","20.000","°C","971.000","hPa","0.826","-0.01532","0.000401","-0.00012","0","11.08","Humid","26.60","0","20.10","230035.20","SABD0002000011","AAV2.0.0.13","2.1.0.383","PSt7-10","171027-000","6/27/2018 9:55:33 AM","0000-00","0","no battery","V"
"08/23/2019","13:08:53","1","default","104940808","OXY1","32.877","min","171.952","μmol/L","Humid","21.202","deg","64570","µV","31.226","°C","1022.000","hPa","36.0","pmil","0","55.680","deg","20.000","°C","100.000","%a.s.","22.210","deg","20.000","°C","971.000","hPa","0.826","-0.01532","0.000401","-0.00012","0","11.08","Humid","26.60","0","20.10","230042.45","SABD0002000011","AAV2.0.0.13","2.1.0.383","PSt7-10","171027-000","6/27/2018 9:55:33 AM","0000-00","0","no battery","V"
"08/23/2019","13:08:54","1","default","104940808","OXY1","32.894","min","171.998","μmol/L","Humid","21.199","deg","64560","µV","31.226","°C","1022.000","hPa","36.0","pmil","0","55.680","deg","20.000","°C","100.000","%a.s.","22.210","deg","20.000","°C","971.000","hPa","0.826","-0.01532","0.000401","-0.00012","0","11.08","Humid","26.60","0","20.10","230034.93","SABD0002000011","AAV2.0.0.13","2.1.0.383","PSt7-10","171027-000","6/27/2018 9:55:33 AM","0000-00","0","no battery","V"
"08/23/2019","13:08:55","1","default","104940808","OXY1","32.910","min","171.983","μmol/L","Humid","21.200","deg","64567","µV","31.226","°C","1022.000","hPa","36.0","pmil","0","55.680","deg","20.000","°C","100.000","%a.s.","22.210","deg","20.000","°C","971.000","hPa","0.826","-0.01532","0.000401","-0.00012","0","11.08","Humid","26.60","0","20.10","230027.00","SABD0002000011","AAV2.0.0.13","2.1.0.383","PSt7-10","171027-000","6/27/2018 9:55:33 AM","0000-00","0","no battery","V"
"08/23/2019","13:08:56","1","default","104940808","OXY1","32.927","min","171.994","μmol/L","Humid","21.197","deg","64564","µV","31.232","°C","1022.000","hPa","36.0","pmil","0","55.680","deg","20.000","°C","100.000","%a.s.","22.210","deg","20.000","°C","971.000","hPa","0.826","-0.01532","0.000401","-0.00012","0","11.08","Humid","26.60","0","20.10","230023.84","SABD0002000011","AAV2.0.0.13","2.1.0.383","PSt7-10","171027-000","6/27/2018 9:55:33 AM","0000-00","0","no battery","V"
"08/23/2019","13:08:57","1","default","104940808","OXY1","32.944","min","172.028","μmol/L","Humid","21.197","deg","64561","µV","31.226","°C","1022.000","hPa","36.0","pmil","0","55.680","deg","20.000","°C","100.000","%a.s.","22.210","deg","20.000","°C","971.000","hPa","0.826","-0.01532","0.000401","-0.00012","0","11.08","Humid","26.60","0","20.10","230033.44","SABD0002000011","AAV2.0.0.13","2.1.0.383","PSt7-10","171027-000","6/27/2018 9:55:33 AM","0000-00","0","no battery","V"
"08/23/2019","13:08:58","1","default","104940808","OXY1","32.960","min","171.918","μmol/L","Humid","21.202","deg","64559","µV","31.232","°C","1022.000","hPa","36.0","pmil","0","55.680","deg","20.000","°C","100.000","%a.s.","22.210","deg","20.000","°C","971.000","hPa","0.826","-0.01532","0.000401","-0.00012","0","11.08","Humid","26.60","0","20.10","230039.65","SABD0002000011","AAV2.0.0.13","2.1.0.383","PSt7-10","171027-000","6/27/2018 9:55:33 AM","0000-00","0","no battery","V"
"08/23/2019","13:08:59","1","default","104940808","OXY1","32.977","min","171.906","μmol/L","Humid","21.205","deg","64557","µV","31.226","°C","1022.000","hPa","36.0","pmil","0","55.680","deg","20.000","°C","100.000","%a.s.","22.210","deg","20.000","°C","971.000","hPa","0.826","-0.01532","0.000401","-0.00012","0","11.08","Humid","26.60","0","20.10","230040.61","SABD0002000011","AAV2.0.0.13","2.1.0.383","PSt7-10","171027-000","6/27/2018 9:55:33 AM","0000-00","0","no battery","V"
"08/23/2019","13:09:00","1","default","104940808","OXY1","32.994","min","171.998","μmol/L","Humid","21.199","deg","64554","µV","31.226","°C","1022.000","hPa","36.0","pmil","0","55.680","deg","20.000","°C","100.000","%a.s.","22.210","deg","20.000","°C","971.000","hPa","0.826","-0.01532","0.000401","-0.00012","0","11.08","Humid","26.60","0","20.10","230030.46","SABD0002000011","AAV2.0.0.13","2.1.0.383","PSt7-10","171027-000","6/27/2018 9:55:33 AM","0000-00","0","no battery","V"
"08/23/2019","13:09:01","1","default","104940808","OXY1","33.011","min","171.952","μmol/L","Humid","21.202","deg","64560","µV","31.226","°C","1022.000","hPa","36.0","pmil","0","55.680","deg","20.000","°C","100.000","%a.s.","22.210","deg","20.000","°C","971.000","hPa","0.826","-0.01532","0.000401","-0.00012","0","11.08","Humid","26.60","0","20.10","230044.13","SABD0002000011","AAV2.0.0.13","2.1.0.383","PSt7-10","171027-000","6/27/2018 9:55:33 AM","0000-00","0","no battery","V"
"08/23/2019","13:09:02","1","default","104940808","OXY1","33.027","min","171.998","μmol/L","Humid","21.199","deg","64557","µV","31.226","°C","1022.000","hPa","36.0","pmil","0","55.680","deg","20.000","°C","100.000","%a.s.","22.210","deg","20.000","°C","971.000","hPa","0.826","-0.01532","0.000401","-0.00012","0","11.08","Humid","26.60","0","20.10","230026.92","SABD0002000011","AAV2.0.0.13","2.1.0.383","PSt7-10","171027-000","6/27/2018 9:55:33 AM","0000-00","0","no battery","V"
"08/23/2019","13:09:03","1","default","104940808","OXY1","33.044","min","172.059","μmol/L","Humid","21.195","deg","64552","µV","31.226","°C","1022.000","hPa","36.0","pmil","0","55.680","deg","20.000","°C","100.000","%a.s.","22.210","deg","20.000","°C","971.000","hPa","0.826","-0.01532","0.000401","-0.00012","0","11.08","Humid","26.60","0","20.10","230029.82","SABD0002000011","AAV2.0.0.13","2.1.0.383","PSt7-10","171027-000","6/27/2018 9:55:33 AM","0000-00","0","no battery","V"
"08/23/2019","13:09:04","1","default","104940808","OXY1","33.060","min","171.933","μmol/L","Humid","21.201","deg","64549","µV","31.232","°C","1022.000","hPa","36.0","pmil","0","55.680","deg","20.000","°C","100.000","%a.s.","22.210","deg","20.000","°C","971.000","hPa","0.826","-0.01532","0.000401","-0.00012","0","11.08","Humid","26.60","0","20.10","230025.88","SABD0002000011","AAV2.0.0.13","2.1.0.383","PSt7-10","171027-000","6/27/2018 9:55:33 AM","0000-00","0","no battery","V"
"08/23/2019","13:09:05","1","default","104940808","OXY1","33.077","min","171.998","μmol/L","Humid","21.199","deg","64549","µV","31.226","°C","1022.000","hPa","36.0","pmil","0","55.680","deg","20.000","°C","100.000","%a.s.","22.210","deg","20.000","°C","971.000","hPa","0.826","-0.01532","0.000401","-0.00012","0","11.08","Humid","26.60","0","20.10","230025.59","SABD0002000011","AAV2.0.0.13","2.1.0.383","PSt7-10","171027-000","6/27/2018 9:55:33 AM","0000-00","0","no battery","V"
"08/23/2019","13:09:06","1","default","104940808","OXY1","33.093","min","172.059","μmol/L","Humid","21.195","deg","64546","µV","31.226","°C","1022.000","hPa","36.0","pmil","0","55.680","deg","20.000","°C","100.000","%a.s.","22.210","deg","20.000","°C","971.000","hPa","0.826","-0.01532","0.000401","-0.00012","0","11.08","Humid","26.60","0","20.10","230027.01","SABD0002000011","AAV2.0.0.13","2.1.0.383","PSt7-10","171027-000","6/27/2018 9:55:33 AM","0000-00","0","no battery","V"
"08/23/2019","13:09:07","1","default","104940808","OXY1","33.110","min","171.998","μmol/L","Humid","21.199","deg","64547","µV","31.226","°C","1022.000","hPa","36.0","pmil","0","55.680","deg","20.000","°C","100.000","%a.s.","22.210","deg","20.000","°C","971.000","hPa","0.826","-0.01532","0.000401","-0.00012","0","11.08","Humid","26.60","0","20.10","230036.34","SABD0002000011","AAV2.0.0.13","2.1.0.383","PSt7-10","171027-000","6/27/2018 9:55:33 AM","0000-00","0","no battery","V"
"08/23/2019","13:09:08","1","default","104940808","OXY1","33.127","min","171.941","μmol/L","Humid","21.200","deg","64542","µV","31.232","°C","1021.000","hPa","36.0","pmil","0","55.680","deg","20.000","°C","100.000","%a.s.","22.210","deg","20.000","°C","971.000","hPa","0.826","-0.01532","0.000401","-0.00012","0","11.08","Humid","26.60","0","20.10","230030.29","SABD0002000011","AAV2.0.0.13","2.1.0.383","PSt7-10","171027-000","6/27/2018 9:55:33 AM","0000-00","0","no battery","V"
"08/23/2019","13:09:09","1","default","104940808","OXY1","33.144","min","171.998","μmol/L","Humid","21.199","deg","64543","µV","31.226","°C","1022.000","hPa","36.0","pmil","0","55.680","deg","20.000","°C","100.000","%a.s.","22.210","deg","20.000","°C","971.000","hPa","0.826","-0.01532","0.000401","-0.00012","0","11.08","Humid","26.60","0","20.10","230025.48","SABD0002000011","AAV2.0.0.13","2.1.0.383","PSt7-10","171027-000","6/27/2018 9:55:33 AM","0000-00","0","no battery","V"
"08/23/2019","13:09:10","1","default","104940808","OXY1","33.160","min","171.937","μmol/L","Humid","21.203","deg","64544","µV","31.226","°C","1022.000","hPa","36.0","pmil","0","55.680","deg","20.000","°C","100.000","%a.s.","22.210","deg","20.000","°C","971.000","hPa","0.826","-0.01532","0.000401","-0.00012","0","11.08","Humid","26.60","0","20.10","230029.99","SABD0002000011","AAV2.0.0.13","2.1.0.383","PSt7-10","171027-000","6/27/2018 9:55:33 AM","0000-00","0","no battery","V"
"08/23/2019","13:09:11","1","default","104940808","OXY1","33.177","min","172.032","μmol/L","Humid","21.199","deg","64545","µV","31.220","°C","1022.000","hPa","36.0","pmil","0","55.680","deg","20.000","°C","100.000","%a.s.","22.210","deg","20.000","°C","971.000","hPa","0.826","-0.01532","0.000401","-0.00012","0","11.08","Humid","26.60","0","20.10","230018.88","SABD0002000011","AAV2.0.0.13","2.1.0.383","PSt7-10","171027-000","6/27/2018 9:55:33 AM","0000-00","0","no battery","V"
"08/23/2019","13:09:12","1","default","104940808","OXY1","33.194","min","171.993","μmol/L","Humid","21.201","deg","64540","µV","31.220","°C","1021.000","hPa","36.0","pmil","0","55.680","deg","20.000","°C","100.000","%a.s.","22.210","deg","20.000","°C","971.000","hPa","0.826","-0.01532","0.000401","-0.00012","0","11.08","Humid","26.60","0","20.10","230023.13","SABD0002000011","AAV2.0.0.13","2.1.0.383","PSt7-10","171027-000","6/27/2018 9:55:33 AM","0000-00","0","no battery","V"
"08/23/2019","13:09:13","1","default","104940808","OXY1","33.211","min","171.998","μmol/L","Humid","21.199","deg","64540","µV","31.226","°C","1022.000","hPa","36.0","pmil","0","55.680","deg","20.000","°C","100.000","%a.s.","22.210","deg","20.000","°C","971.000","hPa","0.826","-0.01532","0.000401","-0.00012","0","11.08","Humid","26.60","0","20.10","230017.86","SABD0002000011","AAV2.0.0.13","2.1.0.383","PSt7-10","171027-000","6/27/2018 9:55:33 AM","0000-00","0","no battery","V"
"08/23/2019","13:09:14","1","default","104940808","OXY1","33.227","min","172.016","μmol/L","Humid","21.200","deg","64539","µV","31.220","°C","1022.000","hPa","36.0","pmil","0","55.680","deg","20.000","°C","100.000","%a.s.","22.210","deg","20.000","°C","971.000","hPa","0.826","-0.01532","0.000401","-0.00012","0","11.08","Humid","26.60","0","20.10","230015.03","SABD0002000011","AAV2.0.0.13","2.1.0.383","PSt7-10","171027-000","6/27/2018 9:55:33 AM","0000-00","0","no battery","V"
"08/23/2019","13:09:15","1","default","104940808","OXY1","33.243","min","171.910","μmol/L","Humid","21.202","deg","64535","µV","31.232","°C","1021.000","hPa","36.0","pmil","0","55.680","deg","20.000","°C","100.000","%a.s.","22.210","deg","20.000","°C","971.000","hPa","0.826","-0.01532","0.000401","-0.00012","0","11.08","Humid","26.60","0","20.10","230018.32","SABD0002000011","AAV2.0.0.13","2.1.0.383","PSt7-10","171027-000","6/27/2018 9:55:33 AM","0000-00","0","no battery","V"
"08/23/2019","13:09:16","1","default","104940808","OXY1","33.260","min","171.895","μmol/L","Humid","21.203","deg","64553","µV","31.232","°C","1021.000","hPa","36.0","pmil","0","55.680","deg","20.000","°C","100.000","%a.s.","22.210","deg","20.000","°C","971.000","hPa","0.826","-0.01532","0.000401","-0.00012","0","11.08","Humid","26.60","0","20.10","230028.67","SABD0002000011","AAV2.0.0.13","2.1.0.383","PSt7-10","171027-000","6/27/2018 9:55:33 AM","0000-00","0","no battery","V"
"08/23/2019","13:09:17","1","default","104940808","OXY1","33.277","min","171.975","μmol/L","Humid","21.200","deg","64547","µV","31.226","°C","1021.000","hPa","36.0","pmil","0","55.680","deg","20.000","°C","100.000","%a.s.","22.210","deg","20.000","°C","971.000","hPa","0.826","-0.01532","0.000401","-0.00012","0","11.08","Humid","26.60","0","20.10","230019.33","SABD0002000011","AAV2.0.0.13","2.1.0.383","PSt7-10","171027-000","6/27/2018 9:55:33 AM","0000-00","0","no battery","V"
"08/23/2019","13:09:18","1","default","104940808","OXY1","33.294","min","171.998","μmol/L","Humid","21.199","deg","64547","µV","31.226","°C","1022.000","hPa","36.0","pmil","0","55.680","deg","20.000","°C","100.000","%a.s.","22.210","deg","20.000","°C","971.000","hPa","0.826","-0.01532","0.000401","-0.00012","0","11.08","Humid","26.60","0","20.10","230018.48","SABD0002000011","AAV2.0.0.13","2.1.0.383","PSt7-10","171027-000","6/27/2018 9:55:33 AM","0000-00","0","no battery","V"
"08/23/2019","13:09:19","1","default","104940808","OXY1","33.310","min","171.906","μmol/L","Humid","21.205","deg","64541","µV","31.226","°C","1022.000","hPa","36.0","pmil","0","55.680","deg","20.000","°C","100.000","%a.s.","22.210","deg","20.000","°C","971.000","hPa","0.826","-0.01532","0.000401","-0.00012","0","11.08","Humid","26.60","0","20.10","230015.29","SABD0002000011","AAV2.0.0.13","2.1.0.383","PSt7-10","171027-000","6/27/2018 9:55:33 AM","0000-00","0","no battery","V"
"08/23/2019","13:09:20","1","default","104940808","OXY1","33.327","min","171.849","μmol/L","Humid","21.206","deg","64545","µV","31.232","°C","1021.000","hPa","36.0","pmil","0","55.680","deg","20.000","°C","100.000","%a.s.","22.210","deg","20.000","°C","971.000","hPa","0.826","-0.01532","0.000401","-0.00012","0","11.08","Humid","26.60","0","20.10","230016.91","SABD0002000011","AAV2.0.0.13","2.1.0.383","PSt7-10","171027-000","6/27/2018 9:55:33 AM","0000-00","0","no battery","V"
"08/23/2019","13:09:21","1","default","104940808","OXY1","33.344","min","171.967","μmol/L","Humid","21.201","deg","64543","µV","31.226","°C","1022.000","hPa","36.0","pmil","0","55.680","deg","20.000","°C","100.000","%a.s.","22.210","deg","20.000","°C","971.000","hPa","0.826","-0.01532","0.000401","-0.00012","0","11.08","Humid","26.60","0","20.10","230013.49","SABD0002000011","AAV2.0.0.13","2.1.0.383","PSt7-10","171027-000","6/27/2018 9:55:33 AM","0000-00","0","no battery","V"
"08/23/2019","13:09:22","1","default","104940808","OXY1","33.361","min","172.066","μmol/L","Humid","21.194","deg","64542","µV","31.226","°C","1021.000","hPa","36.0","pmil","0","55.680","deg","20.000","°C","100.000","%a.s.","22.210","deg","20.000","°C","971.000","hPa","0.826","-0.01532","0.000401","-0.00012","0","11.08","Humid","26.60","0","20.10","230005.23","SABD0002000011","AAV2.0.0.13","2.1.0.383","PSt7-10","171027-000","6/27/2018 9:55:33 AM","0000-00","0","no battery","V"
"08/23/2019","13:09:23","1","default","104940808","OXY1","33.377","min","171.898","μmol/L","Humid","21.205","deg","64545","µV","31.226","°C","1021.000","hPa","36.0","pmil","0","55.680","deg","20.000","°C","100.000","%a.s.","22.210","deg","20.000","°C","971.000","hPa","0.826","-0.01532","0.000401","-0.00012","0","11.08","Humid","26.60","0","20.10","230014.29","SABD0002000011","AAV2.0.0.13","2.1.0.383","PSt7-10","171027-000","6/27/2018 9:55:33 AM","0000-00","0","no battery","V"
"08/23/2019","13:09:24","1","default","104940808","OXY1","33.393","min","171.895","μmol/L","Humid","21.203","deg","64541","µV","31.232","°C","1021.000","hPa","36.0","pmil","0","55.680","deg","20.000","°C","100.000","%a.s.","22.210","deg","20.000","°C","971.000","hPa","0.826","-0.01532","0.000401","-0.00012","0","11.08","Humid","26.60","0","20.10","230017.31","SABD0002000011","AAV2.0.0.13","2.1.0.383","PSt7-10","171027-000","6/27/2018 9:55:33 AM","0000-00","0","no battery","V"
"08/23/2019","13:09:25","1","default","104940808","OXY1","33.410","min","172.020","μmol/L","Humid","21.197","deg","64541","µV","31.226","°C","1021.000","hPa","36.0","pmil","0","55.680","deg","20.000","°C","100.000","%a.s.","22.210","deg","20.000","°C","971.000","hPa","0.826","-0.01532","0.000401","-0.00012","0","11.08","Humid","26.60","0","20.10","230002.17","SABD0002000011","AAV2.0.0.13","2.1.0.383","PSt7-10","171027-000","6/27/2018 9:55:33 AM","0000-00","0","no battery","V"
"08/23/2019","13:09:26","1","default","104940808","OXY1","33.427","min","171.903","μmol/L","Humid","21.203","deg","64538","µV","31.232","°C","1022.000","hPa","36.0","pmil","0","55.680","deg","20.000","°C","100.000","%a.s.","22.210","deg","20.000","°C","971.000","hPa","0.826","-0.01532","0.000401","-0.00012","0","11.08","Humid","26.60","0","20.10","230011.82","SABD0002000011","AAV2.0.0.13","2.1.0.383","PSt7-10","171027-000","6/27/2018 9:55:33 AM","0000-00","0","no battery","V"
"08/23/2019","13:09:27","1","default","104940808","OXY1","33.443","min","171.949","μmol/L","Humid","21.200","deg","64538","µV","31.232","°C","1022.000","hPa","36.0","pmil","0","55.680","deg","20.000","°C","100.000","%a.s.","22.210","deg","20.000","°C","971.000","hPa","0.826","-0.01532","0.000401","-0.00012","0","11.08","Humid","26.60","0","20.10","230008.24","SABD0002000011","AAV2.0.0.13","2.1.0.383","PSt7-10","171027-000","6/27/2018 9:55:33 AM","0000-00","0","no battery","V"
"08/23/2019","13:09:28","1","default","104940808","OXY1","33.460","min","171.849","μmol/L","Humid","21.206","deg","64535","µV","31.232","°C","1021.000","hPa","36.0","pmil","0","55.680","deg","20.000","°C","100.000","%a.s.","22.210","deg","20.000","°C","971.000","hPa","0.826","-0.01532","0.000401","-0.00012","0","11.08","Humid","26.60","0","20.10","230007.44","SABD0002000011","AAV2.0.0.13","2.1.0.383","PSt7-10","171027-000","6/27/2018 9:55:33 AM","0000-00","0","no battery","V"
"08/23/2019","13:09:29","1","default","104940808","OXY1","33.477","min","171.971","μmol/L","Humid","21.198","deg","64536","µV","31.232","°C","1021.000","hPa","36.0","pmil","0","55.680","deg","20.000","°C","100.000","%a.s.","22.210","deg","20.000","°C","971.000","hPa","0.826","-0.01532","0.000401","-0.00012","0","11.08","Humid","26.60","0","20.10","230003.23","SABD0002000011","AAV2.0.0.13","2.1.0.383","PSt7-10","171027-000","6/27/2018 9:55:33 AM","0000-00","0","no battery","V"
"08/23/2019","13:09:30","1","default","104940808","OXY1","33.494","min","171.872","μmol/L","Humid","21.205","deg","64534","µV","31.232","°C","1022.000","hPa","36.0","pmil","0","55.680","deg","20.000","°C","100.000","%a.s.","22.210","deg","20.000","°C","971.000","hPa","0.826","-0.01532","0.000401","-0.00012","0","11.08","Humid","26.60","0","20.10","230005.41","SABD0002000011","AAV2.0.0.13","2.1.0.383","PSt7-10","171027-000","6/27/2018 9:55:33 AM","0000-00","0","no battery","V"
"08/23/2019","13:09:31","1","default","104940808","OXY1","33.511","min","171.998","μmol/L","Humid","21.199","deg","64530","µV","31.226","°C","1022.000","hPa","36.0","pmil","0","55.680","deg","20.000","°C","100.000","%a.s.","22.210","deg","20.000","°C","971.000","hPa","0.826","-0.01532","0.000401","-0.00012","0","11.08","Humid","26.60","0","20.10","230012.49","SABD0002000011","AAV2.0.0.13","2.1.0.383","PSt7-10","171027-000","6/27/2018 9:55:33 AM","0000-00","0","no battery","V"
"08/23/2019","13:09:32","1","default","104940808","OXY1","33.527","min","171.993","μmol/L","Humid","21.201","deg","64517","µV","31.220","°C","1021.000","hPa","36.0","pmil","0","55.680","deg","20.000","°C","100.000","%a.s.","22.210","deg","20.000","°C","971.000","hPa","0.826","-0.01532","0.000401","-0.00012","0","11.08","Humid","26.60","0","20.10","230005.20","SABD0002000011","AAV2.0.0.13","2.1.0.383","PSt7-10","171027-000","6/27/2018 9:55:33 AM","0000-00","0","no battery","V"
"08/23/2019","13:09:33","1","default","104940808","OXY1","33.544","min","171.998","μmol/L","Humid","21.199","deg","64521","µV","31.226","°C","1022.000","hPa","36.0","pmil","0","55.680","deg","20.000","°C","100.000","%a.s.","22.210","deg","20.000","°C","971.000","hPa","0.826","-0.01532","0.000401","-0.00012","0","11.08","Humid","26.60","0","20.10","230000.85","SABD0002000011","AAV2.0.0.13","2.1.0.383","PSt7-10","171027-000","6/27/2018 9:55:33 AM","0000-00","0","no battery","V"
"08/23/2019","13:09:34","1","default","104940808","OXY1","33.560","min","172.005","μmol/L","Humid","21.198","deg","64531","µV","31.226","°C","1021.000","hPa","36.0","pmil","0","55.680","deg","20.000","°C","100.000","%a.s.","22.210","deg","20.000","°C","971.000","hPa","0.826","-0.01532","0.000401","-0.00012","0","11.08","Humid","26.60","0","20.10","230000.21","SABD0002000011","AAV2.0.0.13","2.1.0.383","PSt7-10","171027-000","6/27/2018 9:55:33 AM","0000-00","0","no battery","V"
"08/23/2019","13:09:35","1","default","104940808","OXY1","33.577","min","172.005","μmol/L","Humid","21.198","deg","64523","µV","31.226","°C","1021.000","hPa","36.0","pmil","0","55.680","deg","20.000","°C","100.000","%a.s.","22.210","deg","20.000","°C","971.000","hPa","0.826","-0.01532","0.000401","-0.00012","0","11.08","Humid","26.60","0","20.10","230001.47","SABD0002000011","AAV2.0.0.13","2.1.0.383","PSt7-10","171027-000","6/27/2018 9:55:33 AM","0000-00","0","no battery","V"
"08/23/2019","13:09:36","1","default","104940808","OXY1","33.593","min","171.842","μmol/L","Humid","21.207","deg","64524","µV","31.232","°C","1022.000","hPa","36.0","pmil","0","55.680","deg","20.000","°C","100.000","%a.s.","22.210","deg","20.000","°C","971.000","hPa","0.826","-0.01532","0.000401","-0.00012","0","11.08","Humid","26.60","0","20.10","229990.82","SABD0002000011","AAV2.0.0.13","2.1.0.383","PSt7-10","171027-000","6/27/2018 9:55:33 AM","0000-00","0","no battery","V"
"08/23/2019","13:09:37","1","default","104940808","OXY1","33.610","min","171.872","μmol/L","Humid","21.205","deg","64527","µV","31.232","°C","1022.000","hPa","36.0","pmil","0","55.680","deg","20.000","°C","100.000","%a.s.","22.210","deg","20.000","°C","971.000","hPa","0.826","-0.01532","0.000401","-0.00012","0","11.08","Humid","26.60","0","20.10","230006.24","SABD0002000011","AAV2.0.0.13","2.1.0.383","PSt7-10","171027-000","6/27/2018 9:55:33 AM","0000-00","0","no battery","V"
"08/23/2019","13:09:38","1","default","104940808","OXY1","33.627","min","171.872","μmol/L","Humid","21.205","deg","64522","µV","31.232","°C","1022.000","hPa","36.0","pmil","0","55.680","deg","20.000","°C","100.000","%a.s.","22.210","deg","20.000","°C","971.000","hPa","0.826","-0.01532","0.000401","-0.00012","0","11.08","Humid","26.60","0","20.10","229996.16","SABD0002000011","AAV2.0.0.13","2.1.0.383","PSt7-10","171027-000","6/27/2018 9:55:33 AM","0000-00","0","no battery","V"
"08/23/2019","13:09:39","1","default","104940808","OXY1","33.643","min","171.888","μmol/L","Humid","21.204","deg","64526","µV","31.232","°C","1022.000","hPa","36.0","pmil","0","55.680","deg","20.000","°C","100.000","%a.s.","22.210","deg","20.000","°C","971.000","hPa","0.826","-0.01532","0.000401","-0.00012","0","11.08","Humid","26.60","0","20.10","229999.92","SABD0002000011","AAV2.0.0.13","2.1.0.383","PSt7-10","171027-000","6/27/2018 9:55:33 AM","0000-00","0","no battery","V"
"08/23/2019","13:09:40","1","default","104940808","OXY1","33.660","min","171.849","μmol/L","Humid","21.206","deg","64526","µV","31.232","°C","1021.000","hPa","36.0","pmil","0","55.680","deg","20.000","°C","100.000","%a.s.","22.210","deg","20.000","°C","971.000","hPa","0.826","-0.01532","0.000401","-0.00012","0","11.08","Humid","26.60","0","20.10","229997.11","SABD0002000011","AAV2.0.0.13","2.1.0.383","PSt7-10","171027-000","6/27/2018 9:55:33 AM","0000-00","0","no battery","V"
"08/23/2019","13:09:41","1","default","104940808","OXY1","33.677","min","171.876","μmol/L","Humid","21.207","deg","64522","µV","31.226","°C","1022.000","hPa","36.0","pmil","0","55.680","deg","20.000","°C","100.000","%a.s.","22.210","deg","20.000","°C","971.000","hPa","0.826","-0.01532","0.000401","-0.00012","0","11.08","Humid","26.60","0","20.10","230003.84","SABD0002000011","AAV2.0.0.13","2.1.0.383","PSt7-10","171027-000","6/27/2018 9:55:33 AM","0000-00","0","no battery","V"
"08/23/2019","13:09:42","1","default","104940808","OXY1","33.694","min","171.922","μmol/L","Humid","21.204","deg","64520","µV","31.226","°C","1022.000","hPa","36.0","pmil","0","55.680","deg","20.000","°C","100.000","%a.s.","22.210","deg","20.000","°C","971.000","hPa","0.826","-0.01532","0.000401","-0.00012","0","11.08","Humid","26.60","0","20.10","230006.78","SABD0002000011","AAV2.0.0.13","2.1.0.383","PSt7-10","171027-000","6/27/2018 9:55:33 AM","0000-00","0","no battery","V"
"08/23/2019","13:09:43","1","default","104940808","OXY1","33.710","min","171.811","μmol/L","Humid","21.209","deg","64523","µV","31.232","°C","1022.000","hPa","36.0","pmil","0","55.680","deg","20.000","°C","100.000","%a.s.","22.210","deg","20.000","°C","971.000","hPa","0.826","-0.01532","0.000401","-0.00012","0","11.08","Humid","26.60","0","20.10","229996.34","SABD0002000011","AAV2.0.0.13","2.1.0.383","PSt7-10","171027-000","6/27/2018 9:55:33 AM","0000-00","0","no battery","V"
"08/23/2019","13:09:44","1","default","104940808","OXY1","33.727","min","171.811","μmol/L","Humid","21.209","deg","64525","µV","31.232","°C","1022.000","hPa","36.0","pmil","0","55.680","deg","20.000","°C","100.000","%a.s.","22.210","deg","20.000","°C","971.000","hPa","0.826","-0.01532","0.000401","-0.00012","0","11.08","Humid","26.60","0","20.10","229993.32","SABD0002000011","AAV2.0.0.13","2.1.0.383","PSt7-10","171027-000","6/27/2018 9:55:33 AM","0000-00","0","no battery","V"
"08/23/2019","13:09:45","1","default","104940808","OXY1","33.744","min","171.868","μmol/L","Humid","21.207","deg","64518","µV","31.226","°C","1021.000","hPa","36.0","pmil","0","55.680","deg","20.000","°C","100.000","%a.s.","22.210","deg","20.000","°C","971.000","hPa","0.826","-0.01532","0.000401","-0.00012","0","11.08","Humid","26.60","0","20.10","229992.34","SABD0002000011","AAV2.0.0.13","2.1.0.383","PSt7-10","171027-000","6/27/2018 9:55:33 AM","0000-00","0","no battery","V"
"08/23/2019","13:09:46","1","default","104940808","OXY1","33.760","min","171.872","μmol/L","Humid","21.205","deg","64519","µV","31.232","°C","1022.000","hPa","36.0","pmil","0","55.680","deg","20.000","°C","100.000","%a.s.","22.210","deg","20.000","°C","971.000","hPa","0.826","-0.01532","0.000401","-0.00012","0","11.08","Humid","26.60","0","20.10","229999.14","SABD0002000011","AAV2.0.0.13","2.1.0.383","PSt7-10","171027-000","6/27/2018 9:55:33 AM","0000-00","0","no battery","V"
"08/23/2019","13:09:47","1","default","104940808","OXY1","33.777","min","171.842","μmol/L","Humid","21.207","deg","64523","µV","31.232","°C","1022.000","hPa","36.0","pmil","0","55.680","deg","20.000","°C","100.000","%a.s.","22.210","deg","20.000","°C","971.000","hPa","0.826","-0.01532","0.000401","-0.00012","0","11.08","Humid","26.60","0","20.10","229996.74","SABD0002000011","AAV2.0.0.13","2.1.0.383","PSt7-10","171027-000","6/27/2018 9:55:33 AM","0000-00","0","no battery","V"
"08/23/2019","13:09:48","1","default","104940808","OXY1","33.793","min","171.853","μmol/L","Humid","21.208","deg","64518","µV","31.226","°C","1021.000","hPa","36.0","pmil","0","55.680","deg","20.000","°C","100.000","%a.s.","22.210","deg","20.000","°C","971.000","hPa","0.826","-0.01532","0.000401","-0.00012","0","11.08","Humid","26.60","0","20.10","229991.85","SABD0002000011","AAV2.0.0.13","2.1.0.383","PSt7-10","171027-000","6/27/2018 9:55:33 AM","0000-00","0","no battery","V"
"08/23/2019","13:09:49","1","default","104940808","OXY1","33.810","min","171.861","μmol/L","Humid","21.208","deg","64522","µV","31.226","°C","1022.000","hPa","36.0","pmil","0","55.680","deg","20.000","°C","100.000","%a.s.","22.210","deg","20.000","°C","971.000","hPa","0.826","-0.01532","0.000401","-0.00012","0","11.08","Humid","26.60","0","20.10","229997.55","SABD0002000011","AAV2.0.0.13","2.1.0.383","PSt7-10","171027-000","6/27/2018 9:55:33 AM","0000-00","0","no battery","V"
"08/23/2019","13:09:50","1","default","104940808","OXY1","33.827","min","171.857","μmol/L","Humid","21.206","deg","64519","µV","31.232","°C","1022.000","hPa","36.0","pmil","0","55.680","deg","20.000","°C","100.000","%a.s.","22.210","deg","20.000","°C","971.000","hPa","0.826","-0.01532","0.000401","-0.00012","0","11.08","Humid","26.60","0","20.10","229998.85","SABD0002000011","AAV2.0.0.13","2.1.0.383","PSt7-10","171027-000","6/27/2018 9:55:33 AM","0000-00","0","no battery","V"
"08/23/2019","13:09:51","1","default","104940808","OXY1","33.844","min","171.872","μmol/L","Humid","21.205","deg","64509","µV","31.232","°C","1022.000","hPa","36.0","pmil","0","55.680","deg","20.000","°C","100.000","%a.s.","22.210","deg","20.000","°C","971.000","hPa","0.826","-0.01532","0.000401","-0.00012","0","11.08","Humid","26.60","0","20.10","229995.45","SABD0002000011","AAV2.0.0.13","2.1.0.383","PSt7-10","171027-000","6/27/2018 9:55:33 AM","0000-00","0","no battery","V"
"08/23/2019","13:09:52","1","default","104940808","OXY1","33.860","min","171.778","μmol/L","Humid","21.209","deg","64510","µV","31.239","°C","1022.000","hPa","36.0","pmil","0","55.680","deg","20.000","°C","100.000","%a.s.","22.210","deg","20.000","°C","971.000","hPa","0.826","-0.01532","0.000401","-0.00012","0","11.08","Humid","26.60","0","20.10","229986.73","SABD0002000011","AAV2.0.0.13","2.1.0.383","PSt7-10","171027-000","6/27/2018 9:55:33 AM","0000-00","0","no battery","V"
"08/23/2019","13:09:53","1","default","104940808","OXY1","33.877","min","171.811","μmol/L","Humid","21.209","deg","64502","µV","31.232","°C","1022.000","hPa","36.0","pmil","0","55.680","deg","20.000","°C","100.000","%a.s.","22.210","deg","20.000","°C","971.000","hPa","0.826","-0.01532","0.000401","-0.00012","0","11.08","Humid","26.60","0","20.10","230002.79","SABD0002000011","AAV2.0.0.13","2.1.0.383","PSt7-10","171027-000","6/27/2018 9:55:33 AM","0000-00","0","no battery","V"
"08/23/2019","13:09:54","1","default","104940808","OXY1","33.894","min","171.880","μmol/L","Humid","21.204","deg","64500","µV","31.232","°C","1021.000","hPa","36.0","pmil","0","55.680","deg","20.000","°C","100.000","%a.s.","22.210","deg","20.000","°C","971.000","hPa","0.826","-0.01532","0.000401","-0.00012","0","11.08","Humid","26.60","0","20.10","229995.63","SABD0002000011","AAV2.0.0.13","2.1.0.383","PSt7-10","171027-000","6/27/2018 9:55:33 AM","0000-00","0","no battery","V"
"08/23/2019","13:09:55","1","default","104940808","OXY1","33.911","min","171.937","μmol/L","Humid","21.203","deg","64495","µV","31.226","°C","1022.000","hPa","36.0","pmil","0","55.680","deg","20.000","°C","100.000","%a.s.","22.210","deg","20.000","°C","971.000","hPa","0.826","-0.01532","0.000401","-0.00012","0","11.08","Humid","26.60","0","20.10","230001.30","SABD0002000011","AAV2.0.0.13","2.1.0.383","PSt7-10","171027-000","6/27/2018 9:55:33 AM","0000-00","0","no battery","V"
"08/23/2019","13:09:56","1","default","104940808","OXY1","33.927","min","171.952","μmol/L","Humid","21.202","deg","64499","µV","31.226","°C","1022.000","hPa","36.0","pmil","0","55.680","deg","20.000","°C","100.000","%a.s.","22.210","deg","20.000","°C","971.000","hPa","0.826","-0.01532","0.000401","-0.00012","0","11.08","Humid","26.60","0","20.10","230004.64","SABD0002000011","AAV2.0.0.13","2.1.0.383","PSt7-10","171027-000","6/27/2018 9:55:33 AM","0000-00","0","no battery","V"
"08/23/2019","13:09:57","1","default","104940808","OXY1","33.943","min","171.823","μmol/L","Humid","21.206","deg","64494","µV","31.239","°C","1022.000","hPa","36.0","pmil","0","55.680","deg","20.000","°C","100.000","%a.s.","22.210","deg","20.000","°C","971.000","hPa","0.826","-0.01532","0.000401","-0.00012","0","11.08","Humid","26.60","0","20.10","229998.11","SABD0002000011","AAV2.0.0.13","2.1.0.383","PSt7-10","171027-000","6/27/2018 9:55:33 AM","0000-00","0","no battery","V"
"08/23/2019","13:09:58","1","default","104940808","OXY1","33.960","min","171.937","μmol/L","Humid","21.203","deg","64490","µV","31.226","°C","1022.000","hPa","36.0","pmil","0","55.680","deg","20.000","°C","100.000","%a.s.","22.210","deg","20.000","°C","971.000","hPa","0.826","-0.01532","0.000401","-0.00012","0","11.08","Humid","26.60","0","20.10","229992.95","SABD0002000011","AAV2.0.0.13","2.1.0.383","PSt7-10","171027-000","6/27/2018 9:55:33 AM","0000-00","0","no battery","V"
"08/23/2019","13:09:59","1","default","104940808","OXY1","33.977","min","171.903","μmol/L","Humid","21.203","deg","64490","µV","31.232","°C","1022.000","hPa","36.0","pmil","0","55.680","deg","20.000","°C","100.000","%a.s.","22.210","deg","20.000","°C","971.000","hPa","0.826","-0.01532","0.000401","-0.00012","0","11.08","Humid","26.60","0","20.10","230006.29","SABD0002000011","AAV2.0.0.13","2.1.0.383","PSt7-10","171027-000","6/27/2018 9:55:33 AM","0000-00","0","no battery","V"
"08/23/2019","13:10:00","1","default","104940808","OXY1","33.994","min","171.918","μmol/L","Humid","21.202","deg","64491","µV","31.232","°C","1022.000","hPa","36.0","pmil","0","55.680","deg","20.000","°C","100.000","%a.s.","22.210","deg","20.000","°C","971.000","hPa","0.826","-0.01532","0.000401","-0.00012","0","11.08","Humid","26.60","0","20.10","229999.79","SABD0002000011","AAV2.0.0.13","2.1.0.383","PSt7-10","171027-000","6/27/2018 9:55:33 AM","0000-00","0","no battery","V"
"08/23/2019","13:10:01","1","default","104940808","OXY1","34.010","min","171.922","μmol/L","Humid","21.204","deg","64483","µV","31.226","°C","1022.000","hPa","36.0","pmil","0","55.680","deg","20.000","°C","100.000","%a.s.","22.210","deg","20.000","°C","971.000","hPa","0.826","-0.01532","0.000401","-0.00012","0","11.08","Humid","26.60","0","20.10","229986.94","SABD0002000011","AAV2.0.0.13","2.1.0.383","PSt7-10","171027-000","6/27/2018 9:55:33 AM","0000-00","0","no battery","V"
"08/23/2019","13:10:02","1","default","104940808","OXY1","34.027","min","171.888","μmol/L","Humid","21.204","deg","64479","µV","31.232","°C","1022.000","hPa","36.0","pmil","0","55.680","deg","20.000","°C","100.000","%a.s.","22.210","deg","20.000","°C","971.000","hPa","0.826","-0.01532","0.000401","-0.00012","0","11.08","Humid","26.60","0","20.10","229987.06","SABD0002000011","AAV2.0.0.13","2.1.0.383","PSt7-10","171027-000","6/27/2018 9:55:33 AM","0000-00","0","no battery","V"
"08/23/2019","13:10:03","1","default","104940808","OXY1","34.044","min","171.857","μmol/L","Humid","21.206","deg","64474","µV","31.232","°C","1022.000","hPa","36.0","pmil","0","55.680","deg","20.000","°C","100.000","%a.s.","22.210","deg","20.000","°C","971.000","hPa","0.826","-0.01532","0.000401","-0.00012","0","11.08","Humid","26.60","0","20.10","229986.42","SABD0002000011","AAV2.0.0.13","2.1.0.383","PSt7-10","171027-000","6/27/2018 9:55:33 AM","0000-00","0","no battery","V"
"08/23/2019","13:10:04","1","default","104940808","OXY1","34.061","min","171.815","μmol/L","Humid","21.211","deg","64478","µV","31.226","°C","1022.000","hPa","36.0","pmil","0","55.680","deg","20.000","°C","100.000","%a.s.","22.210","deg","20.000","°C","971.000","hPa","0.826","-0.01532","0.000401","-0.00012","0","11.08","Humid","26.60","0","20.10","229993.56","SABD0002000011","AAV2.0.0.13","2.1.0.383","PSt7-10","171027-000","6/27/2018 9:55:33 AM","0000-00","0","no battery","V"
"08/23/2019","13:10:05","1","default","104940808","OXY1","34.077","min","171.834","μmol/L","Humid","21.207","deg","64480","µV","31.232","°C","1021.000","hPa","36.0","pmil","0","55.680","deg","20.000","°C","100.000","%a.s.","22.210","deg","20.000","°C","971.000","hPa","0.826","-0.01532","0.000401","-0.00012","0","11.08","Humid","26.60","0","20.10","229992.04","SABD0002000011","AAV2.0.0.13","2.1.0.383","PSt7-10","171027-000","6/27/2018 9:55:33 AM","0000-00","0","no battery","V"
"08/23/2019","13:10:06","1","default","104940808","OXY1","34.093","min","171.940","μmol/L","Humid","21.205","deg","64483","µV","31.220","°C","1022.000","hPa","36.0","pmil","0","55.680","deg","20.000","°C","100.000","%a.s.","22.210","deg","20.000","°C","971.000","hPa","0.826","-0.01532","0.000401","-0.00012","0","11.08","Humid","26.60","0","20.10","229993.03","SABD0002000011","AAV2.0.0.13","2.1.0.383","PSt7-10","171027-000","6/27/2018 9:55:33 AM","0000-00","0","no battery","V"
"08/23/2019","13:10:07","1","default","104940808","OXY1","34.110","min","171.903","μmol/L","Humid","21.203","deg","64475","µV","31.232","°C","1022.000","hPa","36.0","pmil","0","55.680","deg","20.000","°C","100.000","%a.s.","22.210","deg","20.000","°C","971.000","hPa","0.826","-0.01532","0.000401","-0.00012","0","11.08","Humid","26.60","0","20.10","230001.08","SABD0002000011","AAV2.0.0.13","2.1.0.383","PSt7-10","171027-000","6/27/2018 9:55:33 AM","0000-00","0","no battery","V"
"08/23/2019","13:10:08","1","default","104940808","OXY1","34.127","min","171.903","μmol/L","Humid","21.203","deg","64471","µV","31.232","°C","1022.000","hPa","36.0","pmil","0","55.680","deg","20.000","°C","100.000","%a.s.","22.210","deg","20.000","°C","971.000","hPa","0.826","-0.01532","0.000401","-0.00012","0","11.08","Humid","26.60","0","20.10","229992.79","SABD0002000011","AAV2.0.0.13","2.1.0.383","PSt7-10","171027-000","6/27/2018 9:55:33 AM","0000-00","0","no battery","V"
"08/23/2019","13:10:09","1","default","104940808","OXY1","34.144","min","171.944","μmol/L","Humid","21.202","deg","64467","µV","31.226","°C","1021.000","hPa","36.0","pmil","0","55.680","deg","20.000","°C","100.000","%a.s.","22.210","deg","20.000","°C","971.000","hPa","0.826","-0.01532","0.000401","-0.00012","0","11.08","Humid","26.60","0","20.10","229995.19","SABD0002000011","AAV2.0.0.13","2.1.0.383","PSt7-10","171027-000","6/27/2018 9:55:33 AM","0000-00","0","no battery","V"
"08/23/2019","13:10:10","1","default","104940808","OXY1","34.160","min","171.952","μmol/L","Humid","21.202","deg","64460","µV","31.226","°C","1022.000","hPa","36.0","pmil","0","55.680","deg","20.000","°C","100.000","%a.s.","22.210","deg","20.000","°C","971.000","hPa","0.826","-0.01532","0.000401","-0.00012","0","11.08","Humid","26.60","0","20.10","229982.51","SABD0002000011","AAV2.0.0.13","2.1.0.383","PSt7-10","171027-000","6/27/2018 9:55:33 AM","0000-00","0","no battery","V"
"08/23/2019","13:10:11","1","default","104940808","OXY1","34.177","min","171.857","μmol/L","Humid","21.206","deg","64458","µV","31.232","°C","1022.000","hPa","36.0","pmil","0","55.680","deg","20.000","°C","100.000","%a.s.","22.210","deg","20.000","°C","971.000","hPa","0.826","-0.01532","0.000401","-0.00012","0","11.08","Humid","26.60","0","20.10","229985.82","SABD0002000011","AAV2.0.0.13","2.1.0.383","PSt7-10","171027-000","6/27/2018 9:55:33 AM","0000-00","0","no battery","V"
"08/23/2019","13:10:12","1","default","104940808","OXY1","34.194","min","171.781","μmol/L","Humid","21.211","deg","64460","µV","31.232","°C","1022.000","hPa","36.0","pmil","0","55.680","deg","20.000","°C","100.000","%a.s.","22.210","deg","20.000","°C","971.000","hPa","0.826","-0.01532","0.000401","-0.00012","0","11.08","Humid","26.60","0","20.10","229978.01","SABD0002000011","AAV2.0.0.13","2.1.0.383","PSt7-10","171027-000","6/27/2018 9:55:33 AM","0000-00","0","no battery","V"
"08/23/2019","13:10:13","1","default","104940808","OXY1","34.211","min","171.895","μmol/L","Humid","21.203","deg","64453","µV","31.232","°C","1021.000","hPa","36.0","pmil","0","55.680","deg","20.000","°C","100.000","%a.s.","22.210","deg","20.000","°C","971.000","hPa","0.826","-0.01532","0.000401","-0.00012","0","11.08","Humid","26.60","0","20.10","229979.43","SABD0002000011","AAV2.0.0.13","2.1.0.383","PSt7-10","171027-000","6/27/2018 9:55:33 AM","0000-00","0","no battery","V"
"08/23/2019","13:10:14","1","default","104940808","OXY1","34.227","min","171.922","μmol/L","Humid","21.204","deg","64457","µV","31.226","°C","1022.000","hPa","36.0","pmil","0","55.680","deg","20.000","°C","100.000","%a.s.","22.210","deg","20.000","°C","971.000","hPa","0.826","-0.01532","0.000401","-0.00012","0","11.08","Humid","26.60","0","20.10","229975.25","SABD0002000011","AAV2.0.0.13","2.1.0.383","PSt7-10","171027-000","6/27/2018 9:55:33 AM","0000-00","0","no battery","V"
"08/23/2019","13:10:15","1","default","104940808","OXY1","34.243","min","171.880","μmol/L","Humid","21.204","deg","64452","µV","31.232","°C","1021.000","hPa","36.0","pmil","0","55.680","deg","20.000","°C","100.000","%a.s.","22.210","deg","20.000","°C","971.000","hPa","0.826","-0.01532","0.000401","-0.00012","0","11.08","Humid","26.60","0","20.10","229989.84","SABD0002000011","AAV2.0.0.13","2.1.0.383","PSt7-10","171027-000","6/27/2018 9:55:33 AM","0000-00","0","no battery","V"
"08/23/2019","13:10:16","1","default","104940808","OXY1","34.260","min","171.857","μmol/L","Humid","21.206","deg","64442","µV","31.232","°C","1022.000","hPa","36.0","pmil","0","55.680","deg","20.000","°C","100.000","%a.s.","22.210","deg","20.000","°C","971.000","hPa","0.826","-0.01532","0.000401","-0.00012","0","11.08","Humid","26.60","0","20.10","229984.82","SABD0002000011","AAV2.0.0.13","2.1.0.383","PSt7-10","171027-000","6/27/2018 9:55:33 AM","0000-00","0","no battery","V"
"08/23/2019","13:10:17","1","default","104940808","OXY1","34.277","min","171.823","μmol/L","Humid","21.206","deg","64420","µV","31.239","°C","1022.000","hPa","36.0","pmil","0","55.680","deg","20.000","°C","100.000","%a.s.","22.210","deg","20.000","°C","971.000","hPa","0.826","-0.01532","0.000401","-0.00012","0","11.08","Humid","26.60","0","20.10","229991.10","SABD0002000011","AAV2.0.0.13","2.1.0.383","PSt7-10","171027-000","6/27/2018 9:55:33 AM","0000-00","0","no battery","V"
"08/23/2019","13:10:18","1","default","104940808","OXY1","34.294","min","171.949","μmol/L","Humid","21.200","deg","64407","µV","31.232","°C","1022.000","hPa","36.0","pmil","0","55.680","deg","20.000","°C","100.000","%a.s.","22.210","deg","20.000","°C","971.000","hPa","0.826","-0.01532","0.000401","-0.00012","0","11.08","Humid","26.60","0","20.10","229983.19","SABD0002000011","AAV2.0.0.13","2.1.0.383","PSt7-10","171027-000","6/27/2018 9:55:33 AM","0000-00","0","no battery","V"
"08/23/2019","13:10:19","1","default","104940808","OXY1","34.310","min","171.872","μmol/L","Humid","21.205","deg","64398","µV","31.232","°C","1022.000","hPa","36.0","pmil","0","55.680","deg","20.000","°C","100.000","%a.s.","22.210","deg","20.000","°C","971.000","hPa","0.826","-0.01532","0.000401","-0.00012","0","11.08","Humid","26.60","0","20.10","229977.60","SABD0002000011","AAV2.0.0.13","2.1.0.383","PSt7-10","171027-000","6/27/2018 9:55:33 AM","0000-00","0","no battery","V"
"08/23/2019","13:10:20","1","default","104940808","OXY1","34.327","min","171.827","μmol/L","Humid","21.208","deg","64397","µV","31.232","°C","1022.000","hPa","36.0","pmil","0","55.680","deg","20.000","°C","100.000","%a.s.","22.210","deg","20.000","°C","971.000","hPa","0.826","-0.01532","0.000401","-0.00012","0","11.08","Humid","26.60","0","20.10","229986.57","SABD0002000011","AAV2.0.0.13","2.1.0.383","PSt7-10","171027-000","6/27/2018 9:55:33 AM","0000-00","0","no battery","V"
"08/23/2019","13:10:21","1","default","104940808","OXY1","34.344","min","171.918","μmol/L","Humid","21.202","deg","64383","µV","31.232","°C","1022.000","hPa","36.0","pmil","0","55.680","deg","20.000","°C","100.000","%a.s.","22.210","deg","20.000","°C","971.000","hPa","0.826","-0.01532","0.000401","-0.00012","0","11.08","Humid","26.60","0","20.10","229980.02","SABD0002000011","AAV2.0.0.13","2.1.0.383","PSt7-10","171027-000","6/27/2018 9:55:33 AM","0000-00","0","no battery","V"
"08/23/2019","13:10:22","1","default","104940808","OXY1","34.361","min","171.834","μmol/L","Humid","21.207","deg","64388","µV","31.232","°C","1021.000","hPa","36.0","pmil","0","55.680","deg","20.000","°C","100.000","%a.s.","22.210","deg","20.000","°C","971.000","hPa","0.826","-0.01532","0.000401","-0.00012","0","11.08","Humid","26.60","0","20.10","229982.94","SABD0002000011","AAV2.0.0.13","2.1.0.383","PSt7-10","171027-000","6/27/2018 9:55:33 AM","0000-00","0","no battery","V"
"08/23/2019","13:10:23","1","default","104940808","OXY1","34.377","min","171.808","μmol/L","Humid","21.207","deg","64376","µV","31.239","°C","1022.000","hPa","36.0","pmil","0","55.680","deg","20.000","°C","100.000","%a.s.","22.210","deg","20.000","°C","971.000","hPa","0.826","-0.01532","0.000401","-0.00012","0","11.08","Humid","26.60","0","20.10","229985.43","SABD0002000011","AAV2.0.0.13","2.1.0.383","PSt7-10","171027-000","6/27/2018 9:55:33 AM","0000-00","0","no battery","V"
"08/23/2019","13:10:24","1","default","104940808","OXY1","34.394","min","171.915","μmol/L","Humid","21.200","deg","64378","µV","31.239","°C","1022.000","hPa","36.0","pmil","0","55.680","deg","20.000","°C","100.000","%a.s.","22.210","deg","20.000","°C","971.000","hPa","0.826","-0.01532","0.000401","-0.00012","0","11.08","Humid","26.60","0","20.10","229974.66","SABD0002000011","AAV2.0.0.13","2.1.0.383","PSt7-10","171027-000","6/27/2018 9:55:33 AM","0000-00","0","no battery","V"
"08/23/2019","13:10:25","1","default","104940808","OXY1","34.411","min","171.857","μmol/L","Humid","21.206","deg","64383","µV","31.232","°C","1022.000","hPa","36.0","pmil","0","55.680","deg","20.000","°C","100.000","%a.s.","22.210","deg","20.000","°C","971.000","hPa","0.826","-0.01532","0.000401","-0.00012","0","11.08","Humid","26.60","0","20.10","229986.30","SABD0002000011","AAV2.0.0.13","2.1.0.383","PSt7-10","171027-000","6/27/2018 9:55:33 AM","0000-00","0","no battery","V"
"08/23/2019","13:10:26","1","default","104940808","OXY1","34.427","min","171.762","μmol/L","Humid","21.210","deg","64379","µV","31.239","°C","1022.000","hPa","36.0","pmil","0","55.680","deg","20.000","°C","100.000","%a.s.","22.210","deg","20.000","°C","971.000","hPa","0.826","-0.01532","0.000401","-0.00012","0","11.08","Humid","26.60","0","20.10","229970.86","SABD0002000011","AAV2.0.0.13","2.1.0.383","PSt7-10","171027-000","6/27/2018 9:55:33 AM","0000-00","0","no battery","V"
"08/23/2019","13:10:27","1","default","104940808","OXY1","34.443","min","171.793","μmol/L","Humid","21.208","deg","64376","µV","31.239","°C","1022.000","hPa","36.0","pmil","0","55.680","deg","20.000","°C","100.000","%a.s.","22.210","deg","20.000","°C","971.000","hPa","0.826","-0.01532","0.000401","-0.00012","0","11.08","Humid","26.60","0","20.10","229974.16","SABD0002000011","AAV2.0.0.13","2.1.0.383","PSt7-10","171027-000","6/27/2018 9:55:33 AM","0000-00","0","no battery","V"
"08/23/2019","13:10:28","1","default","104940808","OXY1","34.460","min","171.854","μmol/L","Humid","21.204","deg","64376","µV","31.239","°C","1022.000","hPa","36.0","pmil","0","55.680","deg","20.000","°C","100.000","%a.s.","22.210","deg","20.000","°C","971.000","hPa","0.826","-0.01532","0.000401","-0.00012","0","11.08","Humid","26.60","0","20.10","229977.12","SABD0002000011","AAV2.0.0.13","2.1.0.383","PSt7-10","171027-000","6/27/2018 9:55:33 AM","0000-00","0","no battery","V"
"08/23/2019","13:10:29","1","default","104940808","OXY1","34.477","min","171.823","μmol/L","Humid","21.206","deg","64379","µV","31.239","°C","1022.000","hPa","36.0","pmil","0","55.680","deg","20.000","°C","100.000","%a.s.","22.210","deg","20.000","°C","971.000","hPa","0.826","-0.01532","0.000401","-0.00012","0","11.08","Humid","26.60","0","20.10","229969.34","SABD0002000011","AAV2.0.0.13","2.1.0.383","PSt7-10","171027-000","6/27/2018 9:55:33 AM","0000-00","0","no battery","V"
"08/23/2019","13:10:30","1","default","104940808","OXY1","34.494","min","171.816","μmol/L","Humid","21.206","deg","64373","µV","31.239","°C","1021.000","hPa","36.0","pmil","0","55.680","deg","20.000","°C","100.000","%a.s.","22.210","deg","20.000","°C","971.000","hPa","0.826","-0.01532","0.000401","-0.00012","0","11.08","Humid","26.60","0","20.10","229970.25","SABD0002000011","AAV2.0.0.13","2.1.0.383","PSt7-10","171027-000","6/27/2018 9:55:33 AM","0000-00","0","no battery","V"
"08/23/2019","13:10:31","1","default","104940808","OXY1","34.511","min","171.811","μmol/L","Humid","21.209","deg","64368","µV","31.232","°C","1022.000","hPa","36.0","pmil","0","55.680","deg","20.000","°C","100.000","%a.s.","22.210","deg","20.000","°C","971.000","hPa","0.826","-0.01532","0.000401","-0.00012","0","11.08","Humid","26.60","0","20.10","229967.16","SABD0002000011","AAV2.0.0.13","2.1.0.383","PSt7-10","171027-000","6/27/2018 9:55:33 AM","0000-00","0","no battery","V"
"08/23/2019","13:10:32","1","default","104940808","OXY1","34.527","min","171.872","μmol/L","Humid","21.205","deg","64378","µV","31.232","°C","1022.000","hPa","36.0","pmil","0","55.680","deg","20.000","°C","100.000","%a.s.","22.210","deg","20.000","°C","971.000","hPa","0.826","-0.01532","0.000401","-0.00012","0","11.08","Humid","26.60","0","20.10","229970.58","SABD0002000011","AAV2.0.0.13","2.1.0.383","PSt7-10","171027-000","6/27/2018 9:55:33 AM","0000-00","0","no battery","V"
"08/23/2019","13:10:33","1","default","104940808","OXY1","34.544","min","171.903","μmol/L","Humid","21.203","deg","64371","µV","31.232","°C","1022.000","hPa","36.0","pmil","0","55.680","deg","20.000","°C","100.000","%a.s.","22.210","deg","20.000","°C","971.000","hPa","0.826","-0.01532","0.000401","-0.00012","0","11.08","Humid","26.60","0","20.10","229963.04","SABD0002000011","AAV2.0.0.13","2.1.0.383","PSt7-10","171027-000","6/27/2018 9:55:33 AM","0000-00","0","no battery","V"
"08/23/2019","13:10:34","1","default","104940808","OXY1","34.560","min","171.823","μmol/L","Humid","21.206","deg","64369","µV","31.239","°C","1022.000","hPa","36.0","pmil","0","55.680","deg","20.000","°C","100.000","%a.s.","22.210","deg","20.000","°C","971.000","hPa","0.826","-0.01532","0.000401","-0.00012","0","11.08","Humid","26.60","0","20.10","229966.50","SABD0002000011","AAV2.0.0.13","2.1.0.383","PSt7-10","171027-000","6/27/2018 9:55:33 AM","0000-00","0","no battery","V"
"08/23/2019","13:10:35","1","default","104940808","OXY1","34.577","min","171.747","μmol/L","Humid","21.211","deg","64369","µV","31.239","°C","1022.000","hPa","36.0","pmil","0","55.680","deg","20.000","°C","100.000","%a.s.","22.210","deg","20.000","°C","971.000","hPa","0.826","-0.01532","0.000401","-0.00012","0","11.08","Humid","26.60","0","20.10","229959.10","SABD0002000011","AAV2.0.0.13","2.1.0.383","PSt7-10","171027-000","6/27/2018 9:55:33 AM","0000-00","0","no battery","V"
"08/23/2019","13:10:36","1","default","104940808","OXY1","34.594","min","171.857","μmol/L","Humid","21.206","deg","64368","µV","31.232","°C","1022.000","hPa","36.0","pmil","0","55.680","deg","20.000","°C","100.000","%a.s.","22.210","deg","20.000","°C","971.000","hPa","0.826","-0.01532","0.000401","-0.00012","0","11.08","Humid","26.60","0","20.10","229955.37","SABD0002000011","AAV2.0.0.13","2.1.0.383","PSt7-10","171027-000","6/27/2018 9:55:33 AM","0000-00","0","no battery","V"
"08/23/2019","13:10:37","1","default","104940808","OXY1","34.611","min","171.732","μmol/L","Humid","21.212","deg","64373","µV","31.239","°C","1022.000","hPa","36.0","pmil","0","55.680","deg","20.000","°C","100.000","%a.s.","22.210","deg","20.000","°C","971.000","hPa","0.826","-0.01532","0.000401","-0.00012","0","11.08","Humid","26.60","0","20.10","229964.26","SABD0002000011","AAV2.0.0.13","2.1.0.383","PSt7-10","171027-000","6/27/2018 9:55:33 AM","0000-00","0","no battery","V"
"08/23/2019","13:10:38","1","default","104940808","OXY1","34.627","min","171.884","μmol/L","Humid","21.202","deg","64369","µV","31.239","°C","1022.000","hPa","36.0","pmil","0","55.680","deg","20.000","°C","100.000","%a.s.","22.210","deg","20.000","°C","971.000","hPa","0.826","-0.01532","0.000401","-0.00012","0","11.08","Humid","26.60","0","20.10","229968.82","SABD0002000011","AAV2.0.0.13","2.1.0.383","PSt7-10","171027-000","6/27/2018 9:55:33 AM","0000-00","0","no battery","V"
"08/23/2019","13:10:39","1","default","104940808","OXY1","34.643","min","171.762","μmol/L","Humid","21.210","deg","64369","µV","31.239","°C","1022.000","hPa","36.0","pmil","0","55.680","deg","20.000","°C","100.000","%a.s.","22.210","deg","20.000","°C","971.000","hPa","0.826","-0.01532","0.000401","-0.00012","0","11.08","Humid","26.60","0","20.10","229958.78","SABD0002000011","AAV2.0.0.13","2.1.0.383","PSt7-10","171027-000","6/27/2018 9:55:33 AM","0000-00","0","no battery","V"
"08/23/2019","13:10:40","1","default","104940808","OXY1","34.660","min","171.762","μmol/L","Humid","21.210","deg","64369","µV","31.239","°C","1022.000","hPa","36.0","pmil","0","55.680","deg","20.000","°C","100.000","%a.s.","22.210","deg","20.000","°C","971.000","hPa","0.826","-0.01532","0.000401","-0.00012","0","11.08","Humid","26.60","0","20.10","229971.52","SABD0002000011","AAV2.0.0.13","2.1.0.383","PSt7-10","171027-000","6/27/2018 9:55:33 AM","0000-00","0","no battery","V"
"08/23/2019","13:10:41","1","default","104940808","OXY1","34.677","min","171.793","μmol/L","Humid","21.208","deg","64369","µV","31.239","°C","1022.000","hPa","36.0","pmil","0","55.680","deg","20.000","°C","100.000","%a.s.","22.210","deg","20.000","°C","971.000","hPa","0.826","-0.01532","0.000401","-0.00012","0","11.08","Humid","26.60","0","20.10","229973.56","SABD0002000011","AAV2.0.0.13","2.1.0.383","PSt7-10","171027-000","6/27/2018 9:55:33 AM","0000-00","0","no battery","V"
"08/23/2019","13:10:42","1","default","104940808","OXY1","34.694","min","171.819","μmol/L","Humid","21.208","deg","64377","µV","31.232","°C","1021.000","hPa","36.0","pmil","0","55.680","deg","20.000","°C","100.000","%a.s.","22.210","deg","20.000","°C","971.000","hPa","0.826","-0.01532","0.000401","-0.00012","0","11.08","Humid","26.60","0","20.10","229973.39","SABD0002000011","AAV2.0.0.13","2.1.0.383","PSt7-10","171027-000","6/27/2018 9:55:33 AM","0000-00","0","no battery","V"
"08/23/2019","13:10:43","1","default","104940808","OXY1","34.710","min","171.903","μmol/L","Humid","21.203","deg","64377","µV","31.232","°C","1022.000","hPa","36.0","pmil","0","55.680","deg","20.000","°C","100.000","%a.s.","22.210","deg","20.000","°C","971.000","hPa","0.826","-0.01532","0.000401","-0.00012","0","11.08","Humid","26.60","0","20.10","229962.28","SABD0002000011","AAV2.0.0.13","2.1.0.383","PSt7-10","171027-000","6/27/2018 9:55:33 AM","0000-00","0","no battery","V"
"08/23/2019","13:10:44","1","default","104940808","OXY1","34.727","min","171.808","μmol/L","Humid","21.207","deg","64365","µV","31.239","°C","1022.000","hPa","36.0","pmil","0","55.680","deg","20.000","°C","100.000","%a.s.","22.210","deg","20.000","°C","971.000","hPa","0.826","-0.01532","0.000401","-0.00012","0","11.08","Humid","26.60","0","20.10","229957.19","SABD0002000011","AAV2.0.0.13","2.1.0.383","PSt7-10","171027-000","6/27/2018 9:55:33 AM","0000-00","0","no battery","V"
"08/23/2019","13:10:45","1","default","104940808","OXY1","34.744","min","171.842","μmol/L","Humid","21.207","deg","64372","µV","31.232","°C","1022.000","hPa","36.0","pmil","0","55.680","deg","20.000","°C","100.000","%a.s.","22.210","deg","20.000","°C","971.000","hPa","0.826","-0.01532","0.000401","-0.00012","0","11.08","Humid","26.60","0","20.10","229962.09","SABD0002000011","AAV2.0.0.13","2.1.0.383","PSt7-10","171027-000","6/27/2018 9:55:33 AM","0000-00","0","no battery","V"
"08/23/2019","13:10:46","1","default","104940808","OXY1","34.761","min","171.872","μmol/L","Humid","21.205","deg","64367","µV","31.232","°C","1022.000","hPa","36.0","pmil","0","55.680","deg","20.000","°C","100.000","%a.s.","22.210","deg","20.000","°C","971.000","hPa","0.826","-0.01532","0.000401","-0.00012","0","11.08","Humid","26.60","0","20.10","229952.67","SABD0002000011","AAV2.0.0.13","2.1.0.383","PSt7-10","171027-000","6/27/2018 9:55:33 AM","0000-00","0","no battery","V"
"08/23/2019","13:10:47","1","default","104940808","OXY1","34.777","min","171.800","μmol/L","Humid","21.212","deg","64370","µV","31.226","°C","1022.000","hPa","36.0","pmil","0","55.680","deg","20.000","°C","100.000","%a.s.","22.210","deg","20.000","°C","971.000","hPa","0.826","-0.01532","0.000401","-0.00012","0","11.08","Humid","26.60","0","20.10","229959.29","SABD0002000011","AAV2.0.0.13","2.1.0.383","PSt7-10","171027-000","6/27/2018 9:55:33 AM","0000-00","0","no battery","V"
"08/23/2019","13:10:48","1","default","104940808","OXY1","34.794","min","171.823","μmol/L","Humid","21.206","deg","64371","µV","31.239","°C","1022.000","hPa","36.0","pmil","0","55.680","deg","20.000","°C","100.000","%a.s.","22.210","deg","20.000","°C","971.000","hPa","0.826","-0.01532","0.000401","-0.00012","0","11.08","Humid","26.60","0","20.10","229968.68","SABD0002000011","AAV2.0.0.13","2.1.0.383","PSt7-10","171027-000","6/27/2018 9:55:33 AM","0000-00","0","no battery","V"
"08/23/2019","13:10:49","1","default","104940808","OXY1","34.810","min","171.820","μmol/L","Humid","21.204","deg","64366","µV","31.245","°C","1022.000","hPa","36.0","pmil","0","55.680","deg","20.000","°C","100.000","%a.s.","22.210","deg","20.000","°C","971.000","hPa","0.826","-0.01532","0.000401","-0.00012","0","11.08","Humid","26.60","0","20.10","229957.11","SABD0002000011","AAV2.0.0.13","2.1.0.383","PSt7-10","171027-000","6/27/2018 9:55:33 AM","0000-00","0","no battery","V"
"08/23/2019","13:10:50","1","default","104940808","OXY1","34.827","min","171.918","μmol/L","Humid","21.202","deg","64368","µV","31.232","°C","1022.000","hPa","36.0","pmil","0","55.680","deg","20.000","°C","100.000","%a.s.","22.210","deg","20.000","°C","971.000","hPa","0.826","-0.01532","0.000401","-0.00012","0","11.08","Humid","26.60","0","20.10","229956.38","SABD0002000011","AAV2.0.0.13","2.1.0.383","PSt7-10","171027-000","6/27/2018 9:55:33 AM","0000-00","0","no battery","V"
"08/23/2019","13:10:51","1","default","104940808","OXY1","34.843","min","171.915","μmol/L","Humid","21.200","deg","64370","µV","31.239","°C","1022.000","hPa","36.0","pmil","0","55.680","deg","20.000","°C","100.000","%a.s.","22.210","deg","20.000","°C","971.000","hPa","0.826","-0.01532","0.000401","-0.00012","0","11.08","Humid","26.60","0","20.10","229958.79","SABD0002000011","AAV2.0.0.13","2.1.0.383","PSt7-10","171027-000","6/27/2018 9:55:33 AM","0000-00","0","no battery","V"
"08/23/2019","13:10:52","1","default","104940808","OXY1","34.860","min","171.793","μmol/L","Humid","21.208","deg","64368","µV","31.239","°C","1022.000","hPa","36.0","pmil","0","55.680","deg","20.000","°C","100.000","%a.s.","22.210","deg","20.000","°C","971.000","hPa","0.826","-0.01532","0.000401","-0.00012","0","11.08","Humid","26.60","0","20.10","229959.90","SABD0002000011","AAV2.0.0.13","2.1.0.383","PSt7-10","171027-000","6/27/2018 9:55:33 AM","0000-00","0","no battery","V"
"08/23/2019","13:10:53","1","default","104940808","OXY1","34.877","min","171.842","μmol/L","Humid","21.207","deg","64366","µV","31.232","°C","1022.000","hPa","36.0","pmil","0","55.680","deg","20.000","°C","100.000","%a.s.","22.210","deg","20.000","°C","971.000","hPa","0.826","-0.01532","0.000401","-0.00012","0","11.08","Humid","26.60","0","20.10","229962.74","SABD0002000011","AAV2.0.0.13","2.1.0.383","PSt7-10","171027-000","6/27/2018 9:55:33 AM","0000-00","0","no battery","V"
"08/23/2019","13:10:54","1","default","104940808","OXY1","34.894","min","171.857","μmol/L","Humid","21.206","deg","64370","µV","31.232","°C","1022.000","hPa","36.0","pmil","0","55.680","deg","20.000","°C","100.000","%a.s.","22.210","deg","20.000","°C","971.000","hPa","0.826","-0.01532","0.000401","-0.00012","0","11.08","Humid","26.60","0","20.10","229953.86","SABD0002000011","AAV2.0.0.13","2.1.0.383","PSt7-10","171027-000","6/27/2018 9:55:33 AM","0000-00","0","no battery","V"
"08/23/2019","13:10:55","1","default","104940808","OXY1","34.910","min","171.823","μmol/L","Humid","21.206","deg","64371","µV","31.239","°C","1022.000","hPa","36.0","pmil","0","55.680","deg","20.000","°C","100.000","%a.s.","22.210","deg","20.000","°C","971.000","hPa","0.826","-0.01532","0.000401","-0.00012","0","11.08","Humid","26.60","0","20.10","229956.01","SABD0002000011","AAV2.0.0.13","2.1.0.383","PSt7-10","171027-000","6/27/2018 9:55:33 AM","0000-00","0","no battery","V"
"08/23/2019","13:10:56","1","default","104940808","OXY1","34.927","min","171.793","μmol/L","Humid","21.208","deg","64370","µV","31.239","°C","1022.000","hPa","36.0","pmil","0","55.680","deg","20.000","°C","100.000","%a.s.","22.210","deg","20.000","°C","971.000","hPa","0.826","-0.01532","0.000401","-0.00012","0","11.08","Humid","26.60","0","20.10","229957.88","SABD0002000011","AAV2.0.0.13","2.1.0.383","PSt7-10","171027-000","6/27/2018 9:55:33 AM","0000-00","0","no battery","V"
"08/23/2019","13:10:57","1","default","104940808","OXY1","34.944","min","171.762","μmol/L","Humid","21.210","deg","64376","µV","31.239","°C","1022.000","hPa","36.0","pmil","0","55.680","deg","20.000","°C","100.000","%a.s.","22.210","deg","20.000","°C","971.000","hPa","0.826","-0.01532","0.000401","-0.00012","0","11.08","Humid","26.60","0","20.10","229952.17","SABD0002000011","AAV2.0.0.13","2.1.0.383","PSt7-10","171027-000","6/27/2018 9:55:33 AM","0000-00","0","no battery","V"
"08/23/2019","13:10:58","1","default","104940808","OXY1","34.961","min","171.811","μmol/L","Humid","21.209","deg","64373","µV","31.232","°C","1022.000","hPa","36.0","pmil","0","55.680","deg","20.000","°C","100.000","%a.s.","22.210","deg","20.000","°C","971.000","hPa","0.826","-0.01532","0.000401","-0.00012","0","11.08","Humid","26.60","0","20.10","229951.72","SABD0002000011","AAV2.0.0.13","2.1.0.383","PSt7-10","171027-000","6/27/2018 9:55:33 AM","0000-00","0","no battery","V"
"08/23/2019","13:10:59","1","default","104940808","OXY1","34.977","min","171.732","μmol/L","Humid","21.212","deg","64375","µV","31.239","°C","1022.000","hPa","36.0","pmil","0","55.680","deg","20.000","°C","100.000","%a.s.","22.210","deg","20.000","°C","971.000","hPa","0.826","-0.01532","0.000401","-0.00012","0","11.08","Humid","26.60","0","20.10","229941.41","SABD0002000011","AAV2.0.0.13","2.1.0.383","PSt7-10","171027-000","6/27/2018 9:55:33 AM","0000-00","0","no battery","V"
"08/23/2019","13:11:00","1","default","104940808","OXY1","34.993","min","171.686","μmol/L","Humid","21.215","deg","64383","µV","31.239","°C","1022.000","hPa","36.0","pmil","0","55.680","deg","20.000","°C","100.000","%a.s.","22.210","deg","20.000","°C","971.000","hPa","0.826","-0.01532","0.000401","-0.00012","0","11.08","Humid","26.60","0","20.10","229970.31","SABD0002000011","AAV2.0.0.13","2.1.0.383","PSt7-10","171027-000","6/27/2018 9:55:33 AM","0000-00","0","no battery","V"
"08/23/2019","13:11:01","1","default","104940808","OXY1","35.010","min","171.796","μmol/L","Humid","21.210","deg","64379","µV","31.232","°C","1022.000","hPa","36.0","pmil","0","55.680","deg","20.000","°C","100.000","%a.s.","22.210","deg","20.000","°C","971.000","hPa","0.826","-0.01532","0.000401","-0.00012","0","11.08","Humid","26.60","0","20.10","229955.79","SABD0002000011","AAV2.0.0.13","2.1.0.383","PSt7-10","171027-000","6/27/2018 9:55:33 AM","0000-00","0","no battery","V"
"08/23/2019","13:11:02","1","default","104940808","OXY1","35.027","min","171.747","μmol/L","Humid","21.211","deg","64378","µV","31.239","°C","1022.000","hPa","36.0","pmil","0","55.680","deg","20.000","°C","100.000","%a.s.","22.210","deg","20.000","°C","971.000","hPa","0.826","-0.01532","0.000401","-0.00012","0","11.08","Humid","26.60","0","20.10","229960.64","SABD0002000011","AAV2.0.0.13","2.1.0.383","PSt7-10","171027-000","6/27/2018 9:55:33 AM","0000-00","0","no battery","V"
"08/23/2019","13:11:03","1","default","104940808","OXY1","35.044","min","171.770","μmol/L","Humid","21.209","deg","64380","µV","31.239","°C","1021.000","hPa","36.0","pmil","0","55.680","deg","20.000","°C","100.000","%a.s.","22.210","deg","20.000","°C","971.000","hPa","0.826","-0.01532","0.000401","-0.00012","0","11.08","Humid","26.60","0","20.10","229961.85","SABD0002000011","AAV2.0.0.13","2.1.0.383","PSt7-10","171027-000","6/27/2018 9:55:33 AM","0000-00","0","no battery","V"
"08/23/2019","13:11:04","1","default","104940808","OXY1","35.060","min","171.785","μmol/L","Humid","21.208","deg","64379","µV","31.239","°C","1021.000","hPa","36.0","pmil","0","55.680","deg","20.000","°C","100.000","%a.s.","22.210","deg","20.000","°C","971.000","hPa","0.826","-0.01532","0.000401","-0.00012","0","11.08","Humid","26.60","0","20.10","229949.70","SABD0002000011","AAV2.0.0.13","2.1.0.383","PSt7-10","171027-000","6/27/2018 9:55:33 AM","0000-00","0","no battery","V"
"08/23/2019","13:11:05","1","default","104940808","OXY1","35.077","min","171.816","μmol/L","Humid","21.206","deg","64381","µV","31.239","°C","1021.000","hPa","36.0","pmil","0","55.680","deg","20.000","°C","100.000","%a.s.","22.210","deg","20.000","°C","971.000","hPa","0.826","-0.01532","0.000401","-0.00012","0","11.08","Humid","26.60","0","20.10","229963.13","SABD0002000011","AAV2.0.0.13","2.1.0.383","PSt7-10","171027-000","6/27/2018 9:55:33 AM","0000-00","0","no battery","V"
"08/23/2019","13:11:06","1","default","104940808","OXY1","35.094","min","171.811","μmol/L","Humid","21.209","deg","64382","µV","31.232","°C","1022.000","hPa","36.0","pmil","0","55.680","deg","20.000","°C","100.000","%a.s.","22.210","deg","20.000","°C","971.000","hPa","0.826","-0.01532","0.000401","-0.00012","0","11.08","Humid","26.60","0","20.10","229952.32","SABD0002000011","AAV2.0.0.13","2.1.0.383","PSt7-10","171027-000","6/27/2018 9:55:33 AM","0000-00","0","no battery","V"
"08/23/2019","13:11:07","1","default","104940808","OXY1","35.111","min","171.755","μmol/L","Humid","21.210","deg","64379","µV","31.239","°C","1021.000","hPa","36.0","pmil","0","55.680","deg","20.000","°C","100.000","%a.s.","22.210","deg","20.000","°C","971.000","hPa","0.826","-0.01532","0.000401","-0.00012","0","11.08","Humid","26.60","0","20.10","229962.89","SABD0002000011","AAV2.0.0.13","2.1.0.383","PSt7-10","171027-000","6/27/2018 9:55:33 AM","0000-00","0","no battery","V"
"08/23/2019","13:11:08","1","default","104940808","OXY1","35.127","min","171.834","μmol/L","Humid","21.207","deg","64382","µV","31.232","°C","1021.000","hPa","36.0","pmil","0","55.680","deg","20.000","°C","100.000","%a.s.","22.210","deg","20.000","°C","971.000","hPa","0.826","-0.01532","0.000401","-0.00012","0","11.08","Humid","26.60","0","20.10","229962.97","SABD0002000011","AAV2.0.0.13","2.1.0.383","PSt7-10","171027-000","6/27/2018 9:55:33 AM","0000-00","0","no battery","V"
"08/23/2019","13:11:09","1","default","104940808","OXY1","35.143","min","171.713","μmol/L","Humid","21.211","deg","64382","µV","31.245","°C","1022.000","hPa","36.0","pmil","0","55.680","deg","20.000","°C","100.000","%a.s.","22.210","deg","20.000","°C","971.000","hPa","0.826","-0.01532","0.000401","-0.00012","0","11.08","Humid","26.60","0","20.10","229960.65","SABD0002000011","AAV2.0.0.13","2.1.0.383","PSt7-10","171027-000","6/27/2018 9:55:33 AM","0000-00","0","no battery","V"
"08/23/2019","13:11:10","1","default","104940808","OXY1","35.160","min","171.872","μmol/L","Humid","21.205","deg","64376","µV","31.232","°C","1022.000","hPa","36.0","pmil","0","55.680","deg","20.000","°C","100.000","%a.s.","22.210","deg","20.000","°C","971.000","hPa","0.826","-0.01532","0.000401","-0.00012","0","11.08","Humid","26.60","0","20.10","229959.75","SABD0002000011","AAV2.0.0.13","2.1.0.383","PSt7-10","171027-000","6/27/2018 9:55:33 AM","0000-00","0","no battery","V"
"08/23/2019","13:11:11","1","default","104940808","OXY1","35.177","min","171.834","μmol/L","Humid","21.207","deg","64384","µV","31.232","°C","1021.000","hPa","36.0","pmil","0","55.680","deg","20.000","°C","100.000","%a.s.","22.210","deg","20.000","°C","971.000","hPa","0.826","-0.01532","0.000401","-0.00012","0","11.08","Humid","26.60","0","20.10","229949.95","SABD0002000011","AAV2.0.0.13","2.1.0.383","PSt7-10","171027-000","6/27/2018 9:55:33 AM","0000-00","0","no battery","V"
"08/23/2019","13:11:12","1","default","104940808","OXY1","35.194","min","171.834","μmol/L","Humid","21.207","deg","64378","µV","31.232","°C","1021.000","hPa","36.0","pmil","0","55.680","deg","20.000","°C","100.000","%a.s.","22.210","deg","20.000","°C","971.000","hPa","0.826","-0.01532","0.000401","-0.00012","0","11.08","Humid","26.60","0","20.10","229953.04","SABD0002000011","AAV2.0.0.13","2.1.0.383","PSt7-10","171027-000","6/27/2018 9:55:33 AM","0000-00","0","no battery","V"
"08/23/2019","13:11:13","1","default","104940808","OXY1","35.210","min","171.773","μmol/L","Humid","21.211","deg","64382","µV","31.232","°C","1021.000","hPa","36.0","pmil","0","55.680","deg","20.000","°C","100.000","%a.s.","22.210","deg","20.000","°C","971.000","hPa","0.826","-0.01532","0.000401","-0.00012","0","11.08","Humid","26.60","0","20.10","229948.67","SABD0002000011","AAV2.0.0.13","2.1.0.383","PSt7-10","171027-000","6/27/2018 9:55:33 AM","0000-00","0","no battery","V"
"08/23/2019","13:11:14","1","default","104940808","OXY1","35.227","min","171.747","μmol/L","Humid","21.211","deg","64376","µV","31.239","°C","1022.000","hPa","36.0","pmil","0","55.680","deg","20.000","°C","100.000","%a.s.","22.210","deg","20.000","°C","971.000","hPa","0.826","-0.01532","0.000401","-0.00012","0","11.08","Humid","26.60","0","20.10","229951.54","SABD0002000011","AAV2.0.0.13","2.1.0.383","PSt7-10","171027-000","6/27/2018 9:55:33 AM","0000-00","0","no battery","V"
"08/23/2019","13:11:15","1","default","104940808","OXY1","35.244","min","171.758","μmol/L","Humid","21.212","deg","64374","µV","31.232","°C","1021.000","hPa","36.0","pmil","0","55.680","deg","20.000","°C","100.000","%a.s.","22.210","deg","20.000","°C","971.000","hPa","0.826","-0.01532","0.000401","-0.00012","0","11.08","Humid","26.60","0","20.10","229952.77","SABD0002000011","AAV2.0.0.13","2.1.0.383","PSt7-10","171027-000","6/27/2018 9:55:33 AM","0000-00","0","no battery","V"
"08/23/2019","13:11:16","1","default","104940808","OXY1","35.260","min","171.822","μmol/L","Humid","21.210","deg","64370","µV","31.226","°C","1021.000","hPa","36.0","pmil","0","55.680","deg","20.000","°C","100.000","%a.s.","22.210","deg","20.000","°C","971.000","hPa","0.826","-0.01532","0.000401","-0.00012","0","11.08","Humid","26.60","0","20.10","229946.43","SABD0002000011","AAV2.0.0.13","2.1.0.383","PSt7-10","171027-000","6/27/2018 9:55:33 AM","0000-00","0","no battery","V"
"08/23/2019","13:11:17","1","default","104940808","OXY1","35.277","min","171.758","μmol/L","Humid","21.212","deg","64378","µV","31.232","°C","1021.000","hPa","36.0","pmil","0","55.680","deg","20.000","°C","100.000","%a.s.","22.210","deg","20.000","°C","971.000","hPa","0.826","-0.01532","0.000401","-0.00012","0","11.08","Humid","26.60","0","20.10","229945.70","SABD0002000011","AAV2.0.0.13","2.1.0.383","PSt7-10","171027-000","6/27/2018 9:55:33 AM","0000-00","0","no battery","V"
"08/23/2019","13:11:18","1","default","104940808","OXY1","35.293","min","171.731","μmol/L","Humid","21.216","deg","64367","µV","31.226","°C","1021.000","hPa","36.0","pmil","0","55.680","deg","20.000","°C","100.000","%a.s.","22.210","deg","20.000","°C","971.000","hPa","0.826","-0.01532","0.000401","-0.00012","0","11.08","Humid","26.60","0","20.10","229957.68","SABD0002000011","AAV2.0.0.13","2.1.0.383","PSt7-10","171027-000","6/27/2018 9:55:33 AM","0000-00","0","no battery","V"
"08/23/2019","13:11:19","1","default","104940808","OXY1","35.310","min","171.785","μmol/L","Humid","21.208","deg","64372","µV","31.239","°C","1021.000","hPa","36.0","pmil","0","55.680","deg","20.000","°C","100.000","%a.s.","22.210","deg","20.000","°C","971.000","hPa","0.826","-0.01532","0.000401","-0.00012","0","11.08","Humid","26.60","0","20.10","229945.88","SABD0002000011","AAV2.0.0.13","2.1.0.383","PSt7-10","171027-000","6/27/2018 9:55:33 AM","0000-00","0","no battery","V"
"08/23/2019","13:11:20","1","default","104940808","OXY1","35.327","min","171.762","μmol/L","Humid","21.210","deg","64369","µV","31.239","°C","1022.000","hPa","36.0","pmil","0","55.680","deg","20.000","°C","100.000","%a.s.","22.210","deg","20.000","°C","971.000","hPa","0.826","-0.01532","0.000401","-0.00012","0","11.08","Humid","26.60","0","20.10","229957.91","SABD0002000011","AAV2.0.0.13","2.1.0.383","PSt7-10","171027-000","6/27/2018 9:55:33 AM","0000-00","0","no battery","V"
"08/23/2019","13:11:21","1","default","104940808","OXY1","35.344","min","171.796","μmol/L","Humid","21.210","deg","64375","µV","31.232","°C","1022.000","hPa","36.0","pmil","0","55.680","deg","20.000","°C","100.000","%a.s.","22.210","deg","20.000","°C","971.000","hPa","0.826","-0.01532","0.000401","-0.00012","0","11.08","Humid","26.60","0","20.10","229951.56","SABD0002000011","AAV2.0.0.13","2.1.0.383","PSt7-10","171027-000","6/27/2018 9:55:33 AM","0000-00","0","no battery","V"
"08/23/2019","13:11:22","1","default","104940808","OXY1","35.360","min","171.717","μmol/L","Humid","21.213","deg","64364","µV","31.239","°C","1022.000","hPa","36.0","pmil","0","55.680","deg","20.000","°C","100.000","%a.s.","22.210","deg","20.000","°C","971.000","hPa","0.826","-0.01532","0.000401","-0.00012","0","11.08","Humid","26.60","0","20.10","229943.31","SABD0002000011","AAV2.0.0.13","2.1.0.383","PSt7-10","171027-000","6/27/2018 9:55:33 AM","0000-00","0","no battery","V"
"08/23/2019","13:11:23","1","default","104940808","OXY1","35.377","min","171.804","μmol/L","Humid","21.209","deg","64373","µV","31.232","°C","1021.000","hPa","36.0","pmil","0","55.680","deg","20.000","°C","100.000","%a.s.","22.210","deg","20.000","°C","971.000","hPa","0.826","-0.01532","0.000401","-0.00012","0","11.08","Humid","26.60","0","20.10","229938.76","SABD0002000011","AAV2.0.0.13","2.1.0.383","PSt7-10","171027-000","6/27/2018 9:55:33 AM","0000-00","0","no battery","V"
"08/23/2019","13:11:24","1","default","104940808","OXY1","35.394","min","171.709","μmol/L","Humid","21.213","deg","64372","µV","31.239","°C","1021.000","hPa","36.0","pmil","0","55.680","deg","20.000","°C","100.000","%a.s.","22.210","deg","20.000","°C","971.000","hPa","0.826","-0.01532","0.000401","-0.00012","0","11.08","Humid","26.60","0","20.10","229941.25","SABD0002000011","AAV2.0.0.13","2.1.0.383","PSt7-10","171027-000","6/27/2018 9:55:33 AM","0000-00","0","no battery","V"
"08/23/2019","13:11:25","1","default","104940808","OXY1","35.411","min","171.697","μmol/L","Humid","21.216","deg","64376","µV","31.232","°C","1021.000","hPa","36.0","pmil","0","55.680","deg","20.000","°C","100.000","%a.s.","22.210","deg","20.000","°C","971.000","hPa","0.826","-0.01532","0.000401","-0.00012","0","11.08","Humid","26.60","0","20.10","229938.38","SABD0002000011","AAV2.0.0.13","2.1.0.383","PSt7-10","171027-000","6/27/2018 9:55:33 AM","0000-00","0","no battery","V"
"08/23/2019","13:11:26","1","default","104940808","OXY1","35.427","min","171.811","μmol/L","Humid","21.209","deg","64376","µV","31.232","°C","1022.000","hPa","36.0","pmil","0","55.680","deg","20.000","°C","100.000","%a.s.","22.210","deg","20.000","°C","971.000","hPa","0.826","-0.01532","0.000401","-0.00012","0","11.08","Humid","26.60","0","20.10","229937.98","SABD0002000011","AAV2.0.0.13","2.1.0.383","PSt7-10","171027-000","6/27/2018 9:55:33 AM","0000-00","0","no battery","V"
"08/23/2019","13:11:27","1","default","104940808","OXY1","35.443","min","171.747","μmol/L","Humid","21.211","deg","64374","µV","31.239","°C","1022.000","hPa","36.0","pmil","0","55.680","deg","20.000","°C","100.000","%a.s.","22.210","deg","20.000","°C","971.000","hPa","0.826","-0.01532","0.000401","-0.00012","0","11.08","Humid","26.60","0","20.10","229941.19","SABD0002000011","AAV2.0.0.13","2.1.0.383","PSt7-10","171027-000","6/27/2018 9:55:33 AM","0000-00","0","no battery","V"
"08/23/2019","13:11:28","1","default","104940808","OXY1","35.460","min","171.717","μmol/L","Humid","21.213","deg","64371","µV","31.239","°C","1022.000","hPa","36.0","pmil","0","55.680","deg","20.000","°C","100.000","%a.s.","22.210","deg","20.000","°C","971.000","hPa","0.826","-0.01532","0.000401","-0.00012","0","11.08","Humid","26.60","0","20.10","229944.04","SABD0002000011","AAV2.0.0.13","2.1.0.383","PSt7-10","171027-000","6/27/2018 9:55:33 AM","0000-00","0","no battery","V"
"08/23/2019","13:11:29","1","default","104940808","OXY1","35.477","min","171.778","μmol/L","Humid","21.209","deg","64378","µV","31.239","°C","1022.000","hPa","36.0","pmil","0","55.680","deg","20.000","°C","100.000","%a.s.","22.210","deg","20.000","°C","971.000","hPa","0.826","-0.01532","0.000401","-0.00012","0","11.08","Humid","26.60","0","20.10","229939.04","SABD0002000011","AAV2.0.0.13","2.1.0.383","PSt7-10","171027-000","6/27/2018 9:55:33 AM","0000-00","0","no battery","V"
"08/23/2019","13:11:30","1","default","104940808","OXY1","35.494","min","171.747","μmol/L","Humid","21.211","deg","64369","µV","31.239","°C","1022.000","hPa","36.0","pmil","0","55.680","deg","20.000","°C","100.000","%a.s.","22.210","deg","20.000","°C","971.000","hPa","0.826","-0.01532","0.000401","-0.00012","0","11.08","Humid","26.60","0","20.10","229939.83","SABD0002000011","AAV2.0.0.13","2.1.0.383","PSt7-10","171027-000","6/27/2018 9:55:33 AM","0000-00","0","no battery","V"
"08/23/2019","13:11:31","1","default","104940808","OXY1","35.510","min","171.663","μmol/L","Humid","21.216","deg","64364","µV","31.239","°C","1021.000","hPa","36.0","pmil","0","55.680","deg","20.000","°C","100.000","%a.s.","22.210","deg","20.000","°C","971.000","hPa","0.826","-0.01532","0.000401","-0.00012","0","11.08","Humid","26.60","0","20.10","229929.07","SABD0002000011","AAV2.0.0.13","2.1.0.383","PSt7-10","171027-000","6/27/2018 9:55:33 AM","0000-00","0","no battery","V"
"08/23/2019","13:11:32","1","default","104940808","OXY1","35.527","min","171.663","μmol/L","Humid","21.216","deg","64363","µV","31.239","°C","1021.000","hPa","36.0","pmil","0","55.680","deg","20.000","°C","100.000","%a.s.","22.210","deg","20.000","°C","971.000","hPa","0.826","-0.01532","0.000401","-0.00012","0","11.08","Humid","26.60","0","20.10","229935.80","SABD0002000011","AAV2.0.0.13","2.1.0.383","PSt7-10","171027-000","6/27/2018 9:55:33 AM","0000-00","0","no battery","V"
"08/23/2019","13:11:33","1","default","104940808","OXY1","35.544","min","171.709","μmol/L","Humid","21.213","deg","64372","µV","31.239","°C","1021.000","hPa","36.0","pmil","0","55.680","deg","20.000","°C","100.000","%a.s.","22.210","deg","20.000","°C","971.000","hPa","0.826","-0.01532","0.000401","-0.00012","0","11.08","Humid","26.60","0","20.10","229943.50","SABD0002000011","AAV2.0.0.13","2.1.0.383","PSt7-10","171027-000","6/27/2018 9:55:33 AM","0000-00","0","no battery","V"
"08/23/2019","13:11:34","1","default","104940808","OXY1","35.561","min","171.622","μmol/L","Humid","21.217","deg","64365","µV","31.245","°C","1022.000","hPa","36.0","pmil","0","55.680","deg","20.000","°C","100.000","%a.s.","22.210","deg","20.000","°C","971.000","hPa","0.826","-0.01532","0.000401","-0.00012","0","11.08","Humid","26.60","0","20.10","229938.45","SABD0002000011","AAV2.0.0.13","2.1.0.383","PSt7-10","171027-000","6/27/2018 9:55:33 AM","0000-00","0","no battery","V"
"08/23/2019","13:11:35","1","default","104940808","OXY1","35.577","min","171.739","μmol/L","Humid","21.211","deg","64363","µV","31.239","°C","1021.000","hPa","36.0","pmil","0","55.680","deg","20.000","°C","100.000","%a.s.","22.210","deg","20.000","°C","971.000","hPa","0.826","-0.01532","0.000401","-0.00012","0","11.08","Humid","26.60","0","20.10","229937.44","SABD0002000011","AAV2.0.0.13","2.1.0.383","PSt7-10","171027-000","6/27/2018 9:55:33 AM","0000-00","0","no battery","V"
"08/23/2019","13:11:36","1","default","104940808","OXY1","35.593","min","171.755","μmol/L","Humid","21.210","deg","64357","µV","31.239","°C","1021.000","hPa","36.0","pmil","0","55.680","deg","20.000","°C","100.000","%a.s.","22.210","deg","20.000","°C","971.000","hPa","0.826","-0.01532","0.000401","-0.00012","0","11.08","Humid","26.60","0","20.10","229938.68","SABD0002000011","AAV2.0.0.13","2.1.0.383","PSt7-10","171027-000","6/27/2018 9:55:33 AM","0000-00","0","no battery","V"
"08/23/2019","13:11:37","1","default","104940808","OXY1","35.610","min","171.724","μmol/L","Humid","21.212","deg","64363","µV","31.239","°C","1021.000","hPa","36.0","pmil","0","55.680","deg","20.000","°C","100.000","%a.s.","22.210","deg","20.000","°C","971.000","hPa","0.826","-0.01532","0.000401","-0.00012","0","11.08","Humid","26.60","0","20.10","229935.13","SABD0002000011","AAV2.0.0.13","2.1.0.383","PSt7-10","171027-000","6/27/2018 9:55:33 AM","0000-00","0","no battery","V"
"08/23/2019","13:11:38","1","default","104940808","OXY1","35.627","min","171.785","μmol/L","Humid","21.208","deg","64362","µV","31.239","°C","1021.000","hPa","36.0","pmil","0","55.680","deg","20.000","°C","100.000","%a.s.","22.210","deg","20.000","°C","971.000","hPa","0.826","-0.01532","0.000401","-0.00012","0","11.08","Humid","26.60","0","20.10","229938.22","SABD0002000011","AAV2.0.0.13","2.1.0.383","PSt7-10","171027-000","6/27/2018 9:55:33 AM","0000-00","0","no battery","V"
"08/23/2019","13:11:39","1","default","104940808","OXY1","35.644","min","171.762","μmol/L","Humid","21.210","deg","64365","µV","31.239","°C","1022.000","hPa","36.0","pmil","0","55.680","deg","20.000","°C","100.000","%a.s.","22.210","deg","20.000","°C","971.000","hPa","0.826","-0.01532","0.000401","-0.00012","0","11.08","Humid","26.60","0","20.10","229924.44","SABD0002000011","AAV2.0.0.13","2.1.0.383","PSt7-10","171027-000","6/27/2018 9:55:33 AM","0000-00","0","no battery","V"
"08/23/2019","13:11:40","1","default","104940808","OXY1","35.660","min","171.724","μmol/L","Humid","21.212","deg","64361","µV","31.239","°C","1021.000","hPa","36.0","pmil","0","55.680","deg","20.000","°C","100.000","%a.s.","22.210","deg","20.000","°C","971.000","hPa","0.826","-0.01532","0.000401","-0.00012","0","11.08","Humid","26.60","0","20.10","229926.82","SABD0002000011","AAV2.0.0.13","2.1.0.383","PSt7-10","171027-000","6/27/2018 9:55:33 AM","0000-00","0","no battery","V"
"08/23/2019","13:11:41","1","default","104940808","OXY1","35.677","min","171.808","μmol/L","Humid","21.207","deg","64361","µV","31.239","°C","1022.000","hPa","36.0","pmil","0","55.680","deg","20.000","°C","100.000","%a.s.","22.210","deg","20.000","°C","971.000","hPa","0.826","-0.01532","0.000401","-0.00012","0","11.08","Humid","26.60","0","20.10","229934.94","SABD0002000011","AAV2.0.0.13","2.1.0.383","PSt7-10","171027-000","6/27/2018 9:55:33 AM","0000-00","0","no battery","V"
"08/23/2019","13:11:42","1","default","104940808","OXY1","35.694","min","171.727","μmol/L","Humid","21.214","deg","64355","µV","31.232","°C","1021.000","hPa","36.0","pmil","0","55.680","deg","20.000","°C","100.000","%a.s.","22.210","deg","20.000","°C","971.000","hPa","0.826","-0.01532","0.000401","-0.00012","0","11.08","Humid","26.60","0","20.10","229934.01","SABD0002000011","AAV2.0.0.13","2.1.0.383","PSt7-10","171027-000","6/27/2018 9:55:33 AM","0000-00","0","no battery","V"
"08/23/2019","13:11:43","1","default","104940808","OXY1","35.711","min","171.739","μmol/L","Humid","21.211","deg","64360","µV","31.239","°C","1021.000","hPa","36.0","pmil","0","55.680","deg","20.000","°C","100.000","%a.s.","22.210","deg","20.000","°C","971.000","hPa","0.826","-0.01532","0.000401","-0.00012","0","11.08","Humid","26.60","0","20.10","229936.25","SABD0002000011","AAV2.0.0.13","2.1.0.383","PSt7-10","171027-000","6/27/2018 9:55:33 AM","0000-00","0","no battery","V"
"08/23/2019","13:11:44","1","default","104940808","OXY1","35.727","min","171.785","μmol/L","Humid","21.208","deg","64353","µV","31.239","°C","1021.000","hPa","36.0","pmil","0","55.680","deg","20.000","°C","100.000","%a.s.","22.210","deg","20.000","°C","971.000","hPa","0.826","-0.01532","0.000401","-0.00012","0","11.08","Humid","26.60","0","20.10","229927.18","SABD0002000011","AAV2.0.0.13","2.1.0.383","PSt7-10","171027-000","6/27/2018 9:55:33 AM","0000-00","0","no battery","V"
"08/23/2019","13:11:45","1","default","104940808","OXY1","35.744","min","171.710","μmol/L","Humid","21.209","deg","64348","µV","31.251","°C","1022.000","hPa","36.0","pmil","0","55.680","deg","20.000","°C","100.000","%a.s.","22.210","deg","20.000","°C","971.000","hPa","0.826","-0.01532","0.000401","-0.00012","0","11.08","Humid","26.60","0","20.10","229926.25","SABD0002000011","AAV2.0.0.13","2.1.0.383","PSt7-10","171027-000","6/27/2018 9:55:33 AM","0000-00","0","no battery","V"
"08/23/2019","13:11:46","1","default","104940808","OXY1","35.760","min","171.675","μmol/L","Humid","21.213","deg","64351","µV","31.245","°C","1021.000","hPa","36.0","pmil","0","55.680","deg","20.000","°C","100.000","%a.s.","22.210","deg","20.000","°C","971.000","hPa","0.826","-0.01532","0.000401","-0.00012","0","11.08","Humid","26.60","0","20.10","229921.13","SABD0002000011","AAV2.0.0.13","2.1.0.383","PSt7-10","171027-000","6/27/2018 9:55:33 AM","0000-00","0","no battery","V"
"08/23/2019","13:11:47","1","default","104940808","OXY1","35.777","min","171.808","μmol/L","Humid","21.207","deg","64345","µV","31.239","°C","1022.000","hPa","36.0","pmil","0","55.680","deg","20.000","°C","100.000","%a.s.","22.210","deg","20.000","°C","971.000","hPa","0.826","-0.01532","0.000401","-0.00012","0","11.08","Humid","26.60","0","20.10","229918.52","SABD0002000011","AAV2.0.0.13","2.1.0.383","PSt7-10","171027-000","6/27/2018 9:55:33 AM","0000-00","0","no battery","V"
"08/23/2019","13:11:48","1","default","104940808","OXY1","35.793","min","171.770","μmol/L","Humid","21.209","deg","64347","µV","31.239","°C","1021.000","hPa","36.0","pmil","0","55.680","deg","20.000","°C","100.000","%a.s.","22.210","deg","20.000","°C","971.000","hPa","0.826","-0.01532","0.000401","-0.00012","0","11.08","Humid","26.60","0","20.10","229921.68","SABD0002000011","AAV2.0.0.13","2.1.0.383","PSt7-10","171027-000","6/27/2018 9:55:33 AM","0000-00","0","no battery","V"
"08/23/2019","13:11:49","1","default","104940808","OXY1","35.810","min","171.724","μmol/L","Humid","21.212","deg","64348","µV","31.239","°C","1021.000","hPa","36.0","pmil","0","55.680","deg","20.000","°C","100.000","%a.s.","22.210","deg","20.000","°C","971.000","hPa","0.826","-0.01532","0.000401","-0.00012","0","11.08","Humid","26.60","0","20.10","229918.92","SABD0002000011","AAV2.0.0.13","2.1.0.383","PSt7-10","171027-000","6/27/2018 9:55:33 AM","0000-00","0","no battery","V"
"08/23/2019","13:11:50","1","default","104940808","OXY1","35.827","min","171.766","μmol/L","Humid","21.207","deg","64351","µV","31.245","°C","1021.000","hPa","36.0","pmil","0","55.680","deg","20.000","°C","100.000","%a.s.","22.210","deg","20.000","°C","971.000","hPa","0.826","-0.01532","0.000401","-0.00012","0","11.08","Humid","26.60","0","20.10","229924.34","SABD0002000011","AAV2.0.0.13","2.1.0.383","PSt7-10","171027-000","6/27/2018 9:55:33 AM","0000-00","0","no battery","V"
"08/23/2019","13:11:51","1","default","104940808","OXY1","35.844","min","171.808","μmol/L","Humid","21.207","deg","64349","µV","31.239","°C","1022.000","hPa","36.0","pmil","0","55.680","deg","20.000","°C","100.000","%a.s.","22.210","deg","20.000","°C","971.000","hPa","0.826","-0.01532","0.000401","-0.00012","0","11.08","Humid","26.60","0","20.10","229930.10","SABD0002000011","AAV2.0.0.13","2.1.0.383","PSt7-10","171027-000","6/27/2018 9:55:33 AM","0000-00","0","no battery","V"
"08/23/2019","13:11:52","1","default","104940808","OXY1","35.861","min","171.774","μmol/L","Humid","21.207","deg","64347","µV","31.245","°C","1022.000","hPa","36.0","pmil","0","55.680","deg","20.000","°C","100.000","%a.s.","22.210","deg","20.000","°C","971.000","hPa","0.826","-0.01532","0.000401","-0.00012","0","11.08","Humid","26.60","0","20.10","229917.74","SABD0002000011","AAV2.0.0.13","2.1.0.383","PSt7-10","171027-000","6/27/2018 9:55:33 AM","0000-00","0","no battery","V"
"08/23/2019","13:11:53","1","default","104940808","OXY1","35.877","min","171.736","μmol/L","Humid","21.209","deg","64345","µV","31.245","°C","1021.000","hPa","36.0","pmil","0","55.680","deg","20.000","°C","100.000","%a.s.","22.210","deg","20.000","°C","971.000","hPa","0.826","-0.01532","0.000401","-0.00012","0","11.08","Humid","26.60","0","20.10","229914.06","SABD0002000011","AAV2.0.0.13","2.1.0.383","PSt7-10","171027-000","6/27/2018 9:55:33 AM","0000-00","0","no battery","V"
"08/23/2019","13:11:54","1","default","104940808","OXY1","35.894","min","171.751","μmol/L","Humid","21.208","deg","64342","µV","31.245","°C","1021.000","hPa","36.0","pmil","0","55.680","deg","20.000","°C","100.000","%a.s.","22.210","deg","20.000","°C","971.000","hPa","0.826","-0.01532","0.000401","-0.00012","0","11.08","Humid","26.60","0","20.10","229932.70","SABD0002000011","AAV2.0.0.13","2.1.0.383","PSt7-10","171027-000","6/27/2018 9:55:33 AM","0000-00","0","no battery","V"
"08/23/2019","13:11:55","1","default","104940808","OXY1","35.911","min","171.744","μmol/L","Humid","21.209","deg","64335","µV","31.245","°C","1022.000","hPa","36.0","pmil","0","55.680","deg","20.000","°C","100.000","%a.s.","22.210","deg","20.000","°C","971.000","hPa","0.826","-0.01532","0.000401","-0.00012","0","11.08","Humid","26.60","0","20.10","229921.74","SABD0002000011","AAV2.0.0.13","2.1.0.383","PSt7-10","171027-000","6/27/2018 9:55:33 AM","0000-00","0","no battery","V"
"08/23/2019","13:11:56","1","default","104940808","OXY1","35.927","min","171.808","μmol/L","Humid","21.207","deg","64343","µV","31.239","°C","1022.000","hPa","36.0","pmil","0","55.680","deg","20.000","°C","100.000","%a.s.","22.210","deg","20.000","°C","971.000","hPa","0.826","-0.01532","0.000401","-0.00012","0","11.08","Humid","26.60","0","20.10","229910.07","SABD0002000011","AAV2.0.0.13","2.1.0.383","PSt7-10","171027-000","6/27/2018 9:55:33 AM","0000-00","0","no battery","V"
"08/23/2019","13:11:57","1","default","104940808","OXY1","35.943","min","171.736","μmol/L","Humid","21.209","deg","64340","µV","31.245","°C","1021.000","hPa","36.0","pmil","0","55.680","deg","20.000","°C","100.000","%a.s.","22.210","deg","20.000","°C","971.000","hPa","0.826","-0.01532","0.000401","-0.00012","0","11.08","Humid","26.60","0","20.10","229924.92","SABD0002000011","AAV2.0.0.13","2.1.0.383","PSt7-10","171027-000","6/27/2018 9:55:33 AM","0000-00","0","no battery","V"
"08/23/2019","13:11:58","1","default","104940808","OXY1","35.960","min","171.747","μmol/L","Humid","21.211","deg","64341","µV","31.239","°C","1022.000","hPa","36.0","pmil","0","55.680","deg","20.000","°C","100.000","%a.s.","22.210","deg","20.000","°C","971.000","hPa","0.826","-0.01532","0.000401","-0.00012","0","11.08","Humid","26.60","0","20.10","229922.70","SABD0002000011","AAV2.0.0.13","2.1.0.383","PSt7-10","171027-000","6/27/2018 9:55:33 AM","0000-00","0","no battery","V"
"08/23/2019","13:11:59","1","default","104940808","OXY1","35.977","min","171.785","μmol/L","Humid","21.208","deg","64332","µV","31.239","°C","1021.000","hPa","36.0","pmil","0","55.680","deg","20.000","°C","100.000","%a.s.","22.210","deg","20.000","°C","971.000","hPa","0.826","-0.01532","0.000401","-0.00012","0","11.08","Humid","26.60","0","20.10","229915.47","SABD0002000011","AAV2.0.0.13","2.1.0.383","PSt7-10","171027-000","6/27/2018 9:55:33 AM","0000-00","0","no battery","V"
"08/23/2019","13:12:00","1","default","104940808","OXY1","35.994","min","171.797","μmol/L","Humid","21.205","deg","64336","µV","31.245","°C","1021.000","hPa","36.0","pmil","0","55.680","deg","20.000","°C","100.000","%a.s.","22.210","deg","20.000","°C","971.000","hPa","0.826","-0.01532","0.000401","-0.00012","0","11.08","Humid","26.60","0","20.10","229928.43","SABD0002000011","AAV2.0.0.13","2.1.0.383","PSt7-10","171027-000","6/27/2018 9:55:33 AM","0000-00","0","no battery","V"
"08/23/2019","13:12:01","1","default","104940808","OXY1","36.010","min","171.820","μmol/L","Humid","21.204","deg","64331","µV","31.245","°C","1022.000","hPa","36.0","pmil","0","55.680","deg","20.000","°C","100.000","%a.s.","22.210","deg","20.000","°C","971.000","hPa","0.826","-0.01532","0.000401","-0.00012","0","11.08","Humid","26.60","0","20.10","229920.12","SABD0002000011","AAV2.0.0.13","2.1.0.383","PSt7-10","171027-000","6/27/2018 9:55:33 AM","0000-00","0","no battery","V"
"08/23/2019","13:12:02","1","default","104940808","OXY1","36.027","min","171.827","μmol/L","Humid","21.203","deg","64335","µV","31.245","°C","1021.000","hPa","36.0","pmil","0","55.680","deg","20.000","°C","100.000","%a.s.","22.210","deg","20.000","°C","971.000","hPa","0.826","-0.01532","0.000401","-0.00012","0","11.08","Humid","26.60","0","20.10","229917.26","SABD0002000011","AAV2.0.0.13","2.1.0.383","PSt7-10","171027-000","6/27/2018 9:55:33 AM","0000-00","0","no battery","V"
"08/23/2019","13:12:03","1","default","104940808","OXY1","36.044","min","171.820","μmol/L","Humid","21.204","deg","64325","µV","31.245","°C","1022.000","hPa","36.0","pmil","0","55.680","deg","20.000","°C","100.000","%a.s.","22.210","deg","20.000","°C","971.000","hPa","0.826","-0.01532","0.000401","-0.00012","0","11.08","Humid","26.60","0","20.10","229927.04","SABD0002000011","AAV2.0.0.13","2.1.0.383","PSt7-10","171027-000","6/27/2018 9:55:33 AM","0000-00","0","no battery","V"
"08/23/2019","13:12:04","1","default","104940808","OXY1","36.060","min","171.759","μmol/L","Humid","21.208","deg","64336","µV","31.245","°C","1022.000","hPa","36.0","pmil","0","55.680","deg","20.000","°C","100.000","%a.s.","22.210","deg","20.000","°C","971.000","hPa","0.826","-0.01532","0.000401","-0.00012","0","11.08","Humid","26.60","0","20.10","229906.12","SABD0002000011","AAV2.0.0.13","2.1.0.383","PSt7-10","171027-000","6/27/2018 9:55:33 AM","0000-00","0","no battery","V"
"08/23/2019","13:12:05","1","default","104940808","OXY1","36.077","min","171.736","μmol/L","Humid","21.209","deg","64336","µV","31.245","°C","1021.000","hPa","36.0","pmil","0","55.680","deg","20.000","°C","100.000","%a.s.","22.210","deg","20.000","°C","971.000","hPa","0.826","-0.01532","0.000401","-0.00012","0","11.08","Humid","26.60","0","20.10","229908.49","SABD0002000011","AAV2.0.0.13","2.1.0.383","PSt7-10","171027-000","6/27/2018 9:55:33 AM","0000-00","0","no battery","V"
"08/23/2019","13:12:06","1","default","104940808","OXY1","36.093","min","171.846","μmol/L","Humid","21.204","deg","64332","µV","31.239","°C","1021.000","hPa","36.0","pmil","0","55.680","deg","20.000","°C","100.000","%a.s.","22.210","deg","20.000","°C","971.000","hPa","0.826","-0.01532","0.000401","-0.00012","0","11.08","Humid","26.60","0","20.10","229923.15","SABD0002000011","AAV2.0.0.13","2.1.0.383","PSt7-10","171027-000","6/27/2018 9:55:33 AM","0000-00","0","no battery","V"
"08/23/2019","13:12:07","1","default","104940808","OXY1","36.110","min","171.812","μmol/L","Humid","21.204","deg","64326","µV","31.245","°C","1021.000","hPa","36.0","pmil","0","55.680","deg","20.000","°C","100.000","%a.s.","22.210","deg","20.000","°C","971.000","hPa","0.826","-0.01532","0.000401","-0.00012","0","11.08","Humid","26.60","0","20.10","229904.96","SABD0002000011","AAV2.0.0.13","2.1.0.383","PSt7-10","171027-000","6/27/2018 9:55:33 AM","0000-00","0","no battery","V"
"08/23/2019","13:12:08","1","default","104940808","OXY1","36.127","min","171.751","μmol/L","Humid","21.208","deg","64330","µV","31.245","°C","1021.000","hPa","36.0","pmil","0","55.680","deg","20.000","°C","100.000","%a.s.","22.210","deg","20.000","°C","971.000","hPa","0.826","-0.01532","0.000401","-0.00012","0","11.08","Humid","26.60","0","20.10","229916.98","SABD0002000011","AAV2.0.0.13","2.1.0.383","PSt7-10","171027-000","6/27/2018 9:55:33 AM","0000-00","0","no battery","V"
"08/23/2019","13:12:09","1","default","104940808","OXY1","36.144","min","171.766","μmol/L","Humid","21.207","deg","64330","µV","31.245","°C","1021.000","hPa","36.0","pmil","0","55.680","deg","20.000","°C","100.000","%a.s.","22.210","deg","20.000","°C","971.000","hPa","0.826","-0.01532","0.000401","-0.00012","0","11.08","Humid","26.60","0","20.10","229913.27","SABD0002000011","AAV2.0.0.13","2.1.0.383","PSt7-10","171027-000","6/27/2018 9:55:33 AM","0000-00","0","no battery","V"
"08/23/2019","13:12:10","1","default","104940808","OXY1","36.160","min","171.748","μmol/L","Humid","21.206","deg","64334","µV","31.251","°C","1021.000","hPa","36.0","pmil","0","55.680","deg","20.000","°C","100.000","%a.s.","22.210","deg","20.000","°C","971.000","hPa","0.826","-0.01532","0.000401","-0.00012","0","11.08","Humid","26.60","0","20.10","229916.92","SABD0002000011","AAV2.0.0.13","2.1.0.383","PSt7-10","171027-000","6/27/2018 9:55:33 AM","0000-00","0","no battery","V"
"08/23/2019","13:12:11","1","default","104940808","OXY1","36.177","min","171.709","μmol/L","Humid","21.213","deg","64328","µV","31.239","°C","1021.000","hPa","36.0","pmil","0","55.680","deg","20.000","°C","100.000","%a.s.","22.210","deg","20.000","°C","971.000","hPa","0.826","-0.01532","0.000401","-0.00012","0","11.08","Humid","26.60","0","20.10","229916.76","SABD0002000011","AAV2.0.0.13","2.1.0.383","PSt7-10","171027-000","6/27/2018 9:55:33 AM","0000-00","0","no battery","V"
"08/23/2019","13:12:12","1","default","104940808","OXY1","36.194","min","171.762","μmol/L","Humid","21.210","deg","64335","µV","31.239","°C","1022.000","hPa","36.0","pmil","0","55.680","deg","20.000","°C","100.000","%a.s.","22.210","deg","20.000","°C","971.000","hPa","0.826","-0.01532","0.000401","-0.00012","0","11.08","Humid","26.60","0","20.10","229922.03","SABD0002000011","AAV2.0.0.13","2.1.0.383","PSt7-10","171027-000","6/27/2018 9:55:33 AM","0000-00","0","no battery","V"
"08/23/2019","13:12:13","1","default","104940808","OXY1","36.210","min","171.839","μmol/L","Humid","21.205","deg","64333","µV","31.239","°C","1022.000","hPa","36.0","pmil","0","55.680","deg","20.000","°C","100.000","%a.s.","22.210","deg","20.000","°C","971.000","hPa","0.826","-0.01532","0.000401","-0.00012","0","11.08","Humid","26.60","0","20.10","229916.12","SABD0002000011","AAV2.0.0.13","2.1.0.383","PSt7-10","171027-000","6/27/2018 9:55:33 AM","0000-00","0","no battery","V"
"08/23/2019","13:12:14","1","default","104940808","OXY1","36.227","min","171.778","μmol/L","Humid","21.209","deg","64334","µV","31.239","°C","1022.000","hPa","36.0","pmil","0","55.680","deg","20.000","°C","100.000","%a.s.","22.210","deg","20.000","°C","971.000","hPa","0.826","-0.01532","0.000401","-0.00012","0","11.08","Humid","26.60","0","20.10","229912.90","SABD0002000011","AAV2.0.0.13","2.1.0.383","PSt7-10","171027-000","6/27/2018 9:55:33 AM","0000-00","0","no battery","V"
"08/23/2019","13:12:15","1","default","104940808","OXY1","36.243","min","171.762","μmol/L","Humid","21.210","deg","64335","µV","31.239","°C","1022.000","hPa","36.0","pmil","0","55.680","deg","20.000","°C","100.000","%a.s.","22.210","deg","20.000","°C","971.000","hPa","0.826","-0.01532","0.000401","-0.00012","0","11.08","Humid","26.60","0","20.10","229921.82","SABD0002000011","AAV2.0.0.13","2.1.0.383","PSt7-10","171027-000","6/27/2018 9:55:33 AM","0000-00","0","no battery","V"
"08/23/2019","13:12:16","1","default","104940808","OXY1","36.260","min","171.785","μmol/L","Humid","21.208","deg","64325","µV","31.239","°C","1021.000","hPa","36.0","pmil","0","55.680","deg","20.000","°C","100.000","%a.s.","22.210","deg","20.000","°C","971.000","hPa","0.826","-0.01532","0.000401","-0.00012","0","11.08","Humid","26.60","0","20.10","229914.70","SABD0002000011","AAV2.0.0.13","2.1.0.383","PSt7-10","171027-000","6/27/2018 9:55:33 AM","0000-00","0","no battery","V"
"08/23/2019","13:12:17","1","default","104940808","OXY1","36.277","min","171.774","μmol/L","Humid","21.207","deg","64330","µV","31.245","°C","1022.000","hPa","36.0","pmil","0","55.680","deg","20.000","°C","100.000","%a.s.","22.210","deg","20.000","°C","971.000","hPa","0.826","-0.01532","0.000401","-0.00012","0","11.08","Humid","26.60","0","20.10","229917.82","SABD0002000011","AAV2.0.0.13","2.1.0.383","PSt7-10","171027-000","6/27/2018 9:55:33 AM","0000-00","0","no battery","V"
"08/23/2019","13:12:18","1","default","104940808","OXY1","36.293","min","171.698","μmol/L","Humid","21.212","deg","64324","µV","31.245","°C","1022.000","hPa","36.0","pmil","0","55.680","deg","20.000","°C","100.000","%a.s.","22.210","deg","20.000","°C","971.000","hPa","0.826","-0.01532","0.000401","-0.00012","0","11.08","Humid","26.60","0","20.10","229915.53","SABD0002000011","AAV2.0.0.13","2.1.0.383","PSt7-10","171027-000","6/27/2018 9:55:33 AM","0000-00","0","no battery","V"
"08/23/2019","13:12:19","1","default","104940808","OXY1","36.310","min","171.766","μmol/L","Humid","21.207","deg","64336","µV","31.245","°C","1021.000","hPa","36.0","pmil","0","55.680","deg","20.000","°C","100.000","%a.s.","22.210","deg","20.000","°C","971.000","hPa","0.826","-0.01532","0.000401","-0.00012","0","11.08","Humid","26.60","0","20.10","229921.86","SABD0002000011","AAV2.0.0.13","2.1.0.383","PSt7-10","171027-000","6/27/2018 9:55:33 AM","0000-00","0","no battery","V"
"08/23/2019","13:12:20","1","default","104940808","OXY1","36.327","min","171.835","μmol/L","Humid","21.203","deg","64332","µV","31.245","°C","1022.000","hPa","36.0","pmil","0","55.680","deg","20.000","°C","100.000","%a.s.","22.210","deg","20.000","°C","971.000","hPa","0.826","-0.01532","0.000401","-0.00012","0","11.08","Humid","26.60","0","20.10","229915.40","SABD0002000011","AAV2.0.0.13","2.1.0.383","PSt7-10","171027-000","6/27/2018 9:55:33 AM","0000-00","0","no battery","V"
"08/23/2019","13:12:21","1","default","104940808","OXY1","36.344","min","171.732","μmol/L","Humid","21.212","deg","64338","µV","31.239","°C","1022.000","hPa","36.0","pmil","0","55.680","deg","20.000","°C","100.000","%a.s.","22.210","deg","20.000","°C","971.000","hPa","0.826","-0.01532","0.000401","-0.00012","0","11.08","Humid","26.60","0","20.10","229914.88","SABD0002000011","AAV2.0.0.13","2.1.0.383","PSt7-10","171027-000","6/27/2018 9:55:33 AM","0000-00","0","no battery","V"
"08/23/2019","13:12:22","1","default","104940808","OXY1","36.361","min","171.770","μmol/L","Humid","21.209","deg","64332","µV","31.239","°C","1021.000","hPa","36.0","pmil","0","55.680","deg","20.000","°C","100.000","%a.s.","22.210","deg","20.000","°C","971.000","hPa","0.826","-0.01532","0.000401","-0.00012","0","11.08","Humid","26.60","0","20.10","229918.46","SABD0002000011","AAV2.0.0.13","2.1.0.383","PSt7-10","171027-000","6/27/2018 9:55:33 AM","0000-00","0","no battery","V"
"08/23/2019","13:12:23","1","default","104940808","OXY1","36.377","min","171.823","μmol/L","Humid","21.206","deg","64332","µV","31.239","°C","1022.000","hPa","36.0","pmil","0","55.680","deg","20.000","°C","100.000","%a.s.","22.210","deg","20.000","°C","971.000","hPa","0.826","-0.01532","0.000401","-0.00012","0","11.08","Humid","26.60","0","20.10","229909.60","SABD0002000011","AAV2.0.0.13","2.1.0.383","PSt7-10","171027-000","6/27/2018 9:55:33 AM","0000-00","0","no battery","V"
"08/23/2019","13:12:24","1","default","104940808","OXY1","36.394","min","171.823","μmol/L","Humid","21.206","deg","64336","µV","31.239","°C","1022.000","hPa","36.0","pmil","0","55.680","deg","20.000","°C","100.000","%a.s.","22.210","deg","20.000","°C","971.000","hPa","0.826","-0.01532","0.000401","-0.00012","0","11.08","Humid","26.60","0","20.10","229924.22","SABD0002000011","AAV2.0.0.13","2.1.0.383","PSt7-10","171027-000","6/27/2018 9:55:33 AM","0000-00","0","no battery","V"
"08/23/2019","13:12:25","1","default","104940808","OXY1","36.410","min","171.766","μmol/L","Humid","21.207","deg","64338","µV","31.245","°C","1021.000","hPa","36.0","pmil","0","55.680","deg","20.000","°C","100.000","%a.s.","22.210","deg","20.000","°C","971.000","hPa","0.826","-0.01532","0.000401","-0.00012","0","11.08","Humid","26.60","0","20.10","229907.82","SABD0002000011","AAV2.0.0.13","2.1.0.383","PSt7-10","171027-000","6/27/2018 9:55:33 AM","0000-00","0","no battery","V"
"08/23/2019","13:12:26","1","default","104940808","OXY1","36.427","min","171.721","μmol/L","Humid","21.210","deg","64338","µV","31.245","°C","1021.000","hPa","36.0","pmil","0","55.680","deg","20.000","°C","100.000","%a.s.","22.210","deg","20.000","°C","971.000","hPa","0.826","-0.01532","0.000401","-0.00012","0","11.08","Humid","26.60","0","20.10","229918.90","SABD0002000011","AAV2.0.0.13","2.1.0.383","PSt7-10","171027-000","6/27/2018 9:55:33 AM","0000-00","0","no battery","V"
"08/23/2019","13:12:27","1","default","104940808","OXY1","36.443","min","171.713","μmol/L","Humid","21.211","deg","64332","µV","31.245","°C","1022.000","hPa","36.0","pmil","0","55.680","deg","20.000","°C","100.000","%a.s.","22.210","deg","20.000","°C","971.000","hPa","0.826","-0.01532","0.000401","-0.00012","0","11.08","Humid","26.60","0","20.10","229909.11","SABD0002000011","AAV2.0.0.13","2.1.0.383","PSt7-10","171027-000","6/27/2018 9:55:33 AM","0000-00","0","no battery","V"
"08/23/2019","13:12:28","1","default","104940808","OXY1","36.460","min","171.766","μmol/L","Humid","21.207","deg","64336","µV","31.245","°C","1021.000","hPa","36.0","pmil","0","55.680","deg","20.000","°C","100.000","%a.s.","22.210","deg","20.000","°C","971.000","hPa","0.826","-0.01532","0.000401","-0.00012","0","11.08","Humid","26.60","0","20.10","229915.05","SABD0002000011","AAV2.0.0.13","2.1.0.383","PSt7-10","171027-000","6/27/2018 9:55:33 AM","0000-00","0","no battery","V"
"08/23/2019","13:12:29","1","default","104940808","OXY1","36.477","min","171.766","μmol/L","Humid","21.207","deg","64341","µV","31.245","°C","1021.000","hPa","36.0","pmil","0","55.680","deg","20.000","°C","100.000","%a.s.","22.210","deg","20.000","°C","971.000","hPa","0.826","-0.01532","0.000401","-0.00012","0","11.08","Humid","26.60","0","20.10","229905.11","SABD0002000011","AAV2.0.0.13","2.1.0.383","PSt7-10","171027-000","6/27/2018 9:55:33 AM","0000-00","0","no battery","V"
"08/23/2019","13:12:30","1","default","104940808","OXY1","36.494","min","171.804","μmol/L","Humid","21.209","deg","64343","µV","31.232","°C","1021.000","hPa","36.0","pmil","0","55.680","deg","20.000","°C","100.000","%a.s.","22.210","deg","20.000","°C","971.000","hPa","0.826","-0.01532","0.000401","-0.00012","0","11.08","Humid","26.60","0","20.10","229919.24","SABD0002000011","AAV2.0.0.13","2.1.0.383","PSt7-10","171027-000","6/27/2018 9:55:33 AM","0000-00","0","no battery","V"
"08/23/2019","13:12:31","1","default","104940808","OXY1","36.511","min","171.706","μmol/L","Humid","21.211","deg","64343","µV","31.245","°C","1021.000","hPa","36.0","pmil","0","55.680","deg","20.000","°C","100.000","%a.s.","22.210","deg","20.000","°C","971.000","hPa","0.826","-0.01532","0.000401","-0.00012","0","11.08","Humid","26.60","0","20.10","229921.57","SABD0002000011","AAV2.0.0.13","2.1.0.383","PSt7-10","171027-000","6/27/2018 9:55:33 AM","0000-00","0","no battery","V"
"08/23/2019","13:12:32","1","default","104940808","OXY1","36.527","min","171.668","μmol/L","Humid","21.214","deg","64342","µV","31.245","°C","1022.000","hPa","36.0","pmil","0","55.680","deg","20.000","°C","100.000","%a.s.","22.210","deg","20.000","°C","971.000","hPa","0.826","-0.01532","0.000401","-0.00012","0","11.08","Humid","26.60","0","20.10","229909.14","SABD0002000011","AAV2.0.0.13","2.1.0.383","PSt7-10","171027-000","6/27/2018 9:55:33 AM","0000-00","0","no battery","V"
"08/23/2019","13:12:33","1","default","104940808","OXY1","36.544","min","171.709","μmol/L","Humid","21.213","deg","64348","µV","31.239","°C","1021.000","hPa","36.0","pmil","0","55.680","deg","20.000","°C","100.000","%a.s.","22.210","deg","20.000","°C","971.000","hPa","0.826","-0.01532","0.000401","-0.00012","0","11.08","Humid","26.60","0","20.10","229916.41","SABD0002000011","AAV2.0.0.13","2.1.0.383","PSt7-10","171027-000","6/27/2018 9:55:33 AM","0000-00","0","no battery","V"
"08/23/2019","13:12:34","1","default","104940808","OXY1","36.560","min","171.702","μmol/L","Humid","21.214","deg","64340","µV","31.239","°C","1022.000","hPa","36.0","pmil","0","55.680","deg","20.000","°C","100.000","%a.s.","22.210","deg","20.000","°C","971.000","hPa","0.826","-0.01532","0.000401","-0.00012","0","11.08","Humid","26.60","0","20.10","229911.79","SABD0002000011","AAV2.0.0.13","2.1.0.383","PSt7-10","171027-000","6/27/2018 9:55:33 AM","0000-00","0","no battery","V"
"08/23/2019","13:12:35","1","default","104940808","OXY1","36.577","min","171.800","μmol/L","Humid","21.207","deg","64345","µV","31.239","°C","1021.000","hPa","36.0","pmil","0","55.680","deg","20.000","°C","100.000","%a.s.","22.210","deg","20.000","°C","971.000","hPa","0.826","-0.01532","0.000401","-0.00012","0","11.08","Humid","26.60","0","20.10","229911.31","SABD0002000011","AAV2.0.0.13","2.1.0.383","PSt7-10","171027-000","6/27/2018 9:55:33 AM","0000-00","0","no battery","V"
"08/23/2019","13:12:36","1","default","104940808","OXY1","36.594","min","171.778","μmol/L","Humid","21.209","deg","64340","µV","31.239","°C","1022.000","hPa","36.0","pmil","0","55.680","deg","20.000","°C","100.000","%a.s.","22.210","deg","20.000","°C","971.000","hPa","0.826","-0.01532","0.000401","-0.00012","0","11.08","Humid","26.60","0","20.10","229899.16","SABD0002000011","AAV2.0.0.13","2.1.0.383","PSt7-10","171027-000","6/27/2018 9:55:33 AM","0000-00","0","no battery","V"
"08/23/2019","13:12:37","1","default","104940808","OXY1","36.610","min","171.596","μmol/L","Humid","21.216","deg","64338","µV","31.251","°C","1021.000","hPa","36.0","pmil","0","55.680","deg","20.000","°C","100.000","%a.s.","22.210","deg","20.000","°C","971.000","hPa","0.826","-0.01532","0.000401","-0.00012","0","11.08","Humid","26.60","0","20.10","229899.94","SABD0002000011","AAV2.0.0.13","2.1.0.383","PSt7-10","171027-000","6/27/2018 9:55:33 AM","0000-00","0","no battery","V"
"08/23/2019","13:12:38","1","default","104940808","OXY1","36.627","min","171.664","μmol/L","Humid","21.212","deg","64341","µV","31.251","°C","1022.000","hPa","36.0","pmil","0","55.680","deg","20.000","°C","100.000","%a.s.","22.210","deg","20.000","°C","971.000","hPa","0.826","-0.01532","0.000401","-0.00012","0","11.08","Humid","26.60","0","20.10","229907.60","SABD0002000011","AAV2.0.0.13","2.1.0.383","PSt7-10","171027-000","6/27/2018 9:55:33 AM","0000-00","0","no battery","V"
"08/23/2019","13:12:39","1","default","104940808","OXY1","36.644","min","171.690","μmol/L","Humid","21.212","deg","64335","µV","31.245","°C","1021.000","hPa","36.0","pmil","0","55.680","deg","20.000","°C","100.000","%a.s.","22.210","deg","20.000","°C","971.000","hPa","0.826","-0.01532","0.000401","-0.00012","0","11.08","Humid","26.60","0","20.10","229898.13","SABD0002000011","AAV2.0.0.13","2.1.0.383","PSt7-10","171027-000","6/27/2018 9:55:33 AM","0000-00","0","no battery","V"
"08/23/2019","13:12:40","1","default","104940808","OXY1","36.660","min","171.660","μmol/L","Humid","21.214","deg","64324","µV","31.245","°C","1021.000","hPa","36.0","pmil","0","55.680","deg","20.000","°C","100.000","%a.s.","22.210","deg","20.000","°C","971.000","hPa","0.826","-0.01532","0.000401","-0.00012","0","11.08","Humid","26.60","0","20.10","229895.94","SABD0002000011","AAV2.0.0.13","2.1.0.383","PSt7-10","171027-000","6/27/2018 9:55:33 AM","0000-00","0","no battery","V"
"08/23/2019","13:12:41","1","default","104940808","OXY1","36.677","min","171.660","μmol/L","Humid","21.214","deg","64335","µV","31.245","°C","1021.000","hPa","36.0","pmil","0","55.680","deg","20.000","°C","100.000","%a.s.","22.210","deg","20.000","°C","971.000","hPa","0.826","-0.01532","0.000401","-0.00012","0","11.08","Humid","26.60","0","20.10","229895.42","SABD0002000011","AAV2.0.0.13","2.1.0.383","PSt7-10","171027-000","6/27/2018 9:55:33 AM","0000-00","0","no battery","V"
"08/23/2019","13:12:42","1","default","104940808","OXY1","36.694","min","171.706","μmol/L","Humid","21.211","deg","64330","µV","31.245","°C","1021.000","hPa","36.0","pmil","0","55.680","deg","20.000","°C","100.000","%a.s.","22.210","deg","20.000","°C","971.000","hPa","0.826","-0.01532","0.000401","-0.00012","0","11.08","Humid","26.60","0","20.10","229893.62","SABD0002000011","AAV2.0.0.13","2.1.0.383","PSt7-10","171027-000","6/27/2018 9:55:33 AM","0000-00","0","no battery","V"
"08/23/2019","13:12:43","1","default","104940808","OXY1","36.711","min","171.683","μmol/L","Humid","21.213","deg","64331","µV","31.245","°C","1022.000","hPa","36.0","pmil","0","55.680","deg","20.000","°C","100.000","%a.s.","22.210","deg","20.000","°C","971.000","hPa","0.826","-0.01532","0.000401","-0.00012","0","11.08","Humid","26.60","0","20.10","229897.81","SABD0002000011","AAV2.0.0.13","2.1.0.383","PSt7-10","171027-000","6/27/2018 9:55:33 AM","0000-00","0","no battery","V"
"08/23/2019","13:12:44","1","default","104940808","OXY1","36.727","min","171.641","μmol/L","Humid","21.213","deg","64322","µV","31.251","°C","1021.000","hPa","36.0","pmil","0","55.680","deg","20.000","°C","100.000","%a.s.","22.210","deg","20.000","°C","971.000","hPa","0.826","-0.01532","0.000401","-0.00012","0","11.08","Humid","26.60","0","20.10","229905.99","SABD0002000011","AAV2.0.0.13","2.1.0.383","PSt7-10","171027-000","6/27/2018 9:55:33 AM","0000-00","0","no battery","V"
"08/23/2019","13:12:45","1","default","104940808","OXY1","36.743","min","171.706","μmol/L","Humid","21.211","deg","64323","µV","31.245","°C","1021.000","hPa","36.0","pmil","0","55.680","deg","20.000","°C","100.000","%a.s.","22.210","deg","20.000","°C","971.000","hPa","0.826","-0.01532","0.000401","-0.00012","0","11.08","Humid","26.60","0","20.10","229896.15","SABD0002000011","AAV2.0.0.13","2.1.0.383","PSt7-10","171027-000","6/27/2018 9:55:33 AM","0000-00","0","no battery","V"
"08/23/2019","13:12:46","1","default","104940808","OXY1","36.760","min","171.770","μmol/L","Humid","21.209","deg","64314","µV","31.239","°C","1021.000","hPa","36.0","pmil","0","55.680","deg","20.000","°C","100.000","%a.s.","22.210","deg","20.000","°C","971.000","hPa","0.826","-0.01532","0.000401","-0.00012","0","11.08","Humid","26.60","0","20.10","229903.23","SABD0002000011","AAV2.0.0.13","2.1.0.383","PSt7-10","171027-000","6/27/2018 9:55:33 AM","0000-00","0","no battery","V"
"08/23/2019","13:12:47","1","default","104940808","OXY1","36.777","min","171.672","μmol/L","Humid","21.211","deg","64317","µV","31.251","°C","1021.000","hPa","36.0","pmil","0","55.680","deg","20.000","°C","100.000","%a.s.","22.210","deg","20.000","°C","971.000","hPa","0.826","-0.01532","0.000401","-0.00012","0","11.08","Humid","26.60","0","20.10","229892.40","SABD0002000011","AAV2.0.0.13","2.1.0.383","PSt7-10","171027-000","6/27/2018 9:55:33 AM","0000-00","0","no battery","V"
"08/23/2019","13:12:48","1","default","104940808","OXY1","36.793","min","171.805","μmol/L","Humid","21.205","deg","64310","µV","31.245","°C","1022.000","hPa","36.0","pmil","0","55.680","deg","20.000","°C","100.000","%a.s.","22.210","deg","20.000","°C","971.000","hPa","0.826","-0.01532","0.000401","-0.00012","0","11.08","Humid","26.60","0","20.10","229882.52","SABD0002000011","AAV2.0.0.13","2.1.0.383","PSt7-10","171027-000","6/27/2018 9:55:33 AM","0000-00","0","no battery","V"
"08/23/2019","13:12:49","1","default","104940808","OXY1","36.810","min","171.736","μmol/L","Humid","21.209","deg","64307","µV","31.245","°C","1021.000","hPa","36.0","pmil","0","55.680","deg","20.000","°C","100.000","%a.s.","22.210","deg","20.000","°C","971.000","hPa","0.826","-0.01532","0.000401","-0.00012","0","11.08","Humid","26.60","0","20.10","229892.79","SABD0002000011","AAV2.0.0.13","2.1.0.383","PSt7-10","171027-000","6/27/2018 9:55:33 AM","0000-00","0","no battery","V"
"08/23/2019","13:12:50","1","default","104940808","OXY1","36.827","min","171.599","μmol/L","Humid","21.218","deg","64307","µV","31.245","°C","1021.000","hPa","36.0","pmil","0","55.680","deg","20.000","°C","100.000","%a.s.","22.210","deg","20.000","°C","971.000","hPa","0.826","-0.01532","0.000401","-0.00012","0","11.08","Humid","26.60","0","20.10","229895.22","SABD0002000011","AAV2.0.0.13","2.1.0.383","PSt7-10","171027-000","6/27/2018 9:55:33 AM","0000-00","0","no battery","V"
"08/23/2019","13:12:51","1","default","104940808","OXY1","36.844","min","171.680","μmol/L","Humid","21.211","deg","64304","µV","31.251","°C","1022.000","hPa","36.0","pmil","0","55.680","deg","20.000","°C","100.000","%a.s.","22.210","deg","20.000","°C","971.000","hPa","0.826","-0.01532","0.000401","-0.00012","0","11.08","Humid","26.60","0","20.10","229896.68","SABD0002000011","AAV2.0.0.13","2.1.0.383","PSt7-10","171027-000","6/27/2018 9:55:33 AM","0000-00","0","no battery","V"
"08/23/2019","13:12:52","1","default","104940808","OXY1","36.861","min","171.763","μmol/L","Humid","21.205","deg","64298","µV","31.251","°C","1021.000","hPa","36.0","pmil","0","55.680","deg","20.000","°C","100.000","%a.s.","22.210","deg","20.000","°C","971.000","hPa","0.826","-0.01532","0.000401","-0.00012","0","11.08","Humid","26.60","0","20.10","229883.97","SABD0002000011","AAV2.0.0.13","2.1.0.383","PSt7-10","171027-000","6/27/2018 9:55:33 AM","0000-00","0","no battery","V"
"08/23/2019","13:12:53","1","default","104940808","OXY1","36.877","min","171.744","μmol/L","Humid","21.209","deg","64298","µV","31.245","°C","1022.000","hPa","36.0","pmil","0","55.680","deg","20.000","°C","100.000","%a.s.","22.210","deg","20.000","°C","971.000","hPa","0.826","-0.01532","0.000401","-0.00012","0","11.08","Humid","26.60","0","20.10","229883.79","SABD0002000011","AAV2.0.0.13","2.1.0.383","PSt7-10","171027-000","6/27/2018 9:55:33 AM","0000-00","0","no battery","V"
"08/23/2019","13:12:54","1","default","104940808","OXY1","36.894","min","171.721","μmol/L","Humid","21.210","deg","64299","µV","31.245","°C","1021.000","hPa","36.0","pmil","0","55.680","deg","20.000","°C","100.000","%a.s.","22.210","deg","20.000","°C","971.000","hPa","0.826","-0.01532","0.000401","-0.00012","0","11.08","Humid","26.60","0","20.10","229880.06","SABD0002000011","AAV2.0.0.13","2.1.0.383","PSt7-10","171027-000","6/27/2018 9:55:33 AM","0000-00","0","no battery","V"
"08/23/2019","13:12:55","1","default","104940808","OXY1","36.911","min","171.751","μmol/L","Humid","21.208","deg","64298","µV","31.245","°C","1021.000","hPa","36.0","pmil","0","55.680","deg","20.000","°C","100.000","%a.s.","22.210","deg","20.000","°C","971.000","hPa","0.826","-0.01532","0.000401","-0.00012","0","11.08","Humid","26.60","0","20.10","229881.74","SABD0002000011","AAV2.0.0.13","2.1.0.383","PSt7-10","171027-000","6/27/2018 9:55:33 AM","0000-00","0","no battery","V"
"08/23/2019","13:12:56","1","default","104940808","OXY1","36.927","min","171.782","μmol/L","Humid","21.206","deg","64295","µV","31.245","°C","1021.000","hPa","36.0","pmil","0","55.680","deg","20.000","°C","100.000","%a.s.","22.210","deg","20.000","°C","971.000","hPa","0.826","-0.01532","0.000401","-0.00012","0","11.08","Humid","26.60","0","20.10","229883.58","SABD0002000011","AAV2.0.0.13","2.1.0.383","PSt7-10","171027-000","6/27/2018 9:55:33 AM","0000-00","0","no battery","V"
"08/23/2019","13:12:57","1","default","104940808","OXY1","36.944","min","171.904","μmol/L","Humid","21.198","deg","64294","µV","31.245","°C","1021.000","hPa","36.0","pmil","0","55.680","deg","20.000","°C","100.000","%a.s.","22.210","deg","20.000","°C","971.000","hPa","0.826","-0.01532","0.000401","-0.00012","0","11.08","Humid","26.60","0","20.10","229895.63","SABD0002000011","AAV2.0.0.13","2.1.0.383","PSt7-10","171027-000","6/27/2018 9:55:33 AM","0000-00","0","no battery","V"
"08/23/2019","13:12:58","1","default","104940808","OXY1","36.961","min","171.766","μmol/L","Humid","21.207","deg","64290","µV","31.245","°C","1021.000","hPa","36.0","pmil","0","55.680","deg","20.000","°C","100.000","%a.s.","22.210","deg","20.000","°C","971.000","hPa","0.826","-0.01532","0.000401","-0.00012","0","11.08","Humid","26.60","0","20.10","229888.35","SABD0002000011","AAV2.0.0.13","2.1.0.383","PSt7-10","171027-000","6/27/2018 9:55:33 AM","0000-00","0","no battery","V"
"08/23/2019","13:12:59","1","default","104940808","OXY1","36.977","min","171.744","μmol/L","Humid","21.209","deg","64289","µV","31.245","°C","1022.000","hPa","36.0","pmil","0","55.680","deg","20.000","°C","100.000","%a.s.","22.210","deg","20.000","°C","971.000","hPa","0.826","-0.01532","0.000401","-0.00012","0","11.08","Humid","26.60","0","20.10","229885.72","SABD0002000011","AAV2.0.0.13","2.1.0.383","PSt7-10","171027-000","6/27/2018 9:55:33 AM","0000-00","0","no battery","V"
"08/23/2019","13:13:00","1","default","104940808","OXY1","36.994","min","171.812","μmol/L","Humid","21.204","deg","64284","µV","31.245","°C","1021.000","hPa","36.0","pmil","0","55.680","deg","20.000","°C","100.000","%a.s.","22.210","deg","20.000","°C","971.000","hPa","0.826","-0.01532","0.000401","-0.00012","0","11.08","Humid","26.60","0","20.10","229883.73","SABD0002000011","AAV2.0.0.13","2.1.0.383","PSt7-10","171027-000","6/27/2018 9:55:33 AM","0000-00","0","no battery","V"
"08/23/2019","13:13:01","1","default","104940808","OXY1","37.011","min","171.778","μmol/L","Humid","21.204","deg","64290","µV","31.251","°C","1021.000","hPa","36.0","pmil","0","55.680","deg","20.000","°C","100.000","%a.s.","22.210","deg","20.000","°C","971.000","hPa","0.826","-0.01532","0.000401","-0.00012","0","11.08","Humid","26.60","0","20.10","229879.23","SABD0002000011","AAV2.0.0.13","2.1.0.383","PSt7-10","171027-000","6/27/2018 9:55:33 AM","0000-00","0","no battery","V"
"08/23/2019","13:13:02","1","default","104940808","OXY1","37.027","min","171.684","μmol/L","Humid","21.208","deg","64286","µV","31.257","°C","1021.000","hPa","36.0","pmil","0","55.680","deg","20.000","°C","100.000","%a.s.","22.210","deg","20.000","°C","971.000","hPa","0.826","-0.01532","0.000401","-0.00012","0","11.08","Humid","26.60","0","20.10","229882.91","SABD0002000011","AAV2.0.0.13","2.1.0.383","PSt7-10","171027-000","6/27/2018 9:55:33 AM","0000-00","0","no battery","V"
"08/23/2019","13:13:03","1","default","104940808","OXY1","37.044","min","171.843","μmol/L","Humid","21.202","deg","64286","µV","31.245","°C","1021.000","hPa","36.0","pmil","0","55.680","deg","20.000","°C","100.000","%a.s.","22.210","deg","20.000","°C","971.000","hPa","0.826","-0.01532","0.000401","-0.00012","0","11.08","Humid","26.60","0","20.10","229891.33","SABD0002000011","AAV2.0.0.13","2.1.0.383","PSt7-10","171027-000","6/27/2018 9:55:33 AM","0000-00","0","no battery","V"
"08/23/2019","13:13:04","1","default","104940808","OXY1","37.060","min","171.873","μmol/L","Humid","21.200","deg","64278","µV","31.245","°C","1021.000","hPa","36.0","pmil","0","55.680","deg","20.000","°C","100.000","%a.s.","22.210","deg","20.000","°C","971.000","hPa","0.826","-0.01532","0.000401","-0.00012","0","11.08","Humid","26.60","0","20.10","229881.62","SABD0002000011","AAV2.0.0.13","2.1.0.383","PSt7-10","171027-000","6/27/2018 9:55:33 AM","0000-00","0","no battery","V"
"08/23/2019","13:13:05","1","default","104940808","OXY1","37.077","min","171.766","μmol/L","Humid","21.207","deg","64279","µV","31.245","°C","1021.000","hPa","36.0","pmil","0","55.680","deg","20.000","°C","100.000","%a.s.","22.210","deg","20.000","°C","971.000","hPa","0.826","-0.01532","0.000401","-0.00012","0","11.08","Humid","26.60","0","20.10","229869.20","SABD0002000011","AAV2.0.0.13","2.1.0.383","PSt7-10","171027-000","6/27/2018 9:55:33 AM","0000-00","0","no battery","V"
"08/23/2019","13:13:06","1","default","104940808","OXY1","37.093","min","171.824","μmol/L","Humid","21.201","deg","64277","µV","31.251","°C","1021.000","hPa","36.0","pmil","0","55.680","deg","20.000","°C","100.000","%a.s.","22.210","deg","20.000","°C","971.000","hPa","0.826","-0.01532","0.000401","-0.00012","0","11.08","Humid","26.60","0","20.10","229880.66","SABD0002000011","AAV2.0.0.13","2.1.0.383","PSt7-10","171027-000","6/27/2018 9:55:33 AM","0000-00","0","no battery","V"
"08/23/2019","13:13:07","1","default","104940808","OXY1","37.111","min","171.778","μmol/L","Humid","21.204","deg","64278","µV","31.251","°C","1021.000","hPa","36.0","pmil","0","55.680","deg","20.000","°C","100.000","%a.s.","22.210","deg","20.000","°C","971.000","hPa","0.826","-0.01532","0.000401","-0.00012","0","11.08","Humid","26.60","0","20.10","229888.23","SABD0002000011","AAV2.0.0.13","2.1.0.383","PSt7-10","171027-000","6/27/2018 9:55:33 AM","0000-00","0","no battery","V"
"08/23/2019","13:13:08","1","default","104940808","OXY1","37.127","min","171.824","μmol/L","Humid","21.201","deg","64283","µV","31.251","°C","1021.000","hPa","36.0","pmil","0","55.680","deg","20.000","°C","100.000","%a.s.","22.210","deg","20.000","°C","971.000","hPa","0.826","-0.01532","0.000401","-0.00012","0","11.08","Humid","26.60","0","20.10","229879.16","SABD0002000011","AAV2.0.0.13","2.1.0.383","PSt7-10","171027-000","6/27/2018 9:55:33 AM","0000-00","0","no battery","V"
"08/23/2019","13:13:09","1","default","104940808","OXY1","37.144","min","171.748","μmol/L","Humid","21.206","deg","64281","µV","31.251","°C","1021.000","hPa","36.0","pmil","0","55.680","deg","20.000","°C","100.000","%a.s.","22.210","deg","20.000","°C","971.000","hPa","0.826","-0.01532","0.000401","-0.00012","0","11.08","Humid","26.60","0","20.10","229893.53","SABD0002000011","AAV2.0.0.13","2.1.0.383","PSt7-10","171027-000","6/27/2018 9:55:33 AM","0000-00","0","no battery","V"
"08/23/2019","13:13:10","1","default","104940808","OXY1","37.160","min","171.809","μmol/L","Humid","21.202","deg","64278","µV","31.251","°C","1021.000","hPa","36.0","pmil","0","55.680","deg","20.000","°C","100.000","%a.s.","22.210","deg","20.000","°C","971.000","hPa","0.826","-0.01532","0.000401","-0.00012","0","11.08","Humid","26.60","0","20.10","229886.62","SABD0002000011","AAV2.0.0.13","2.1.0.383","PSt7-10","171027-000","6/27/2018 9:55:33 AM","0000-00","0","no battery","V"
"08/23/2019","13:13:11","1","default","104940808","OXY1","37.177","min","171.812","μmol/L","Humid","21.204","deg","64274","µV","31.245","°C","1021.000","hPa","36.0","pmil","0","55.680","deg","20.000","°C","100.000","%a.s.","22.210","deg","20.000","°C","971.000","hPa","0.826","-0.01532","0.000401","-0.00012","0","11.08","Humid","26.60","0","20.10","229882.85","SABD0002000011","AAV2.0.0.13","2.1.0.383","PSt7-10","171027-000","6/27/2018 9:55:33 AM","0000-00","0","no battery","V"
"08/23/2019","13:13:12","1","default","104940808","OXY1","37.194","min","171.751","μmol/L","Humid","21.208","deg","64282","µV","31.245","°C","1021.000","hPa","36.0","pmil","0","55.680","deg","20.000","°C","100.000","%a.s.","22.210","deg","20.000","°C","971.000","hPa","0.826","-0.01532","0.000401","-0.00012","0","11.08","Humid","26.60","0","20.10","229879.10","SABD0002000011","AAV2.0.0.13","2.1.0.383","PSt7-10","171027-000","6/27/2018 9:55:33 AM","0000-00","0","no battery","V"
"08/23/2019","13:13:13","1","default","104940808","OXY1","37.210","min","171.802","μmol/L","Humid","21.203","deg","64274","µV","31.251","°C","1022.000","hPa","36.0","pmil","0","55.680","deg","20.000","°C","100.000","%a.s.","22.210","deg","20.000","°C","971.000","hPa","0.826","-0.01532","0.000401","-0.00012","0","11.08","Humid","26.60","0","20.10","229880.98","SABD0002000011","AAV2.0.0.13","2.1.0.383","PSt7-10","171027-000","6/27/2018 9:55:33 AM","0000-00","0","no battery","V"
"08/23/2019","13:13:14","1","default","104940808","OXY1","37.227","min","171.771","μmol/L","Humid","21.205","deg","64277","µV","31.251","°C","1022.000","hPa","36.0","pmil","0","55.680","deg","20.000","°C","100.000","%a.s.","22.210","deg","20.000","°C","971.000","hPa","0.826","-0.01532","0.000401","-0.00012","0","11.08","Humid","26.60","0","20.10","229885.80","SABD0002000011","AAV2.0.0.13","2.1.0.383","PSt7-10","171027-000","6/27/2018 9:55:33 AM","0000-00","0","no battery","V"
"08/23/2019","13:13:15","1","default","104940808","OXY1","37.244","min","171.907","μmol/L","Humid","21.200","deg","64276","µV","31.239","°C","1021.000","hPa","36.0","pmil","0","55.680","deg","20.000","°C","100.000","%a.s.","22.210","deg","20.000","°C","971.000","hPa","0.826","-0.01532","0.000401","-0.00012","0","11.08","Humid","26.60","0","20.10","229874.78","SABD0002000011","AAV2.0.0.13","2.1.0.383","PSt7-10","171027-000","6/27/2018 9:55:33 AM","0000-00","0","no battery","V"
"08/23/2019","13:13:16","1","default","104940808","OXY1","37.261","min","171.771","μmol/L","Humid","21.205","deg","64270","µV","31.251","°C","1022.000","hPa","36.0","pmil","0","55.680","deg","20.000","°C","100.000","%a.s.","22.210","deg","20.000","°C","971.000","hPa","0.826","-0.01532","0.000401","-0.00012","0","11.08","Humid","26.60","0","20.10","229881.54","SABD0002000011","AAV2.0.0.13","2.1.0.383","PSt7-10","171027-000","6/27/2018 9:55:33 AM","0000-00","0","no battery","V"
"08/23/2019","13:13:17","1","default","104940808","OXY1","37.277","min","171.756","μmol/L","Humid","21.206","deg","64268","µV","31.251","°C","1022.000","hPa","36.0","pmil","0","55.680","deg","20.000","°C","100.000","%a.s.","22.210","deg","20.000","°C","971.000","hPa","0.826","-0.01532","0.000401","-0.00012","0","11.08","Humid","26.60","0","20.10","229878.57","SABD0002000011","AAV2.0.0.13","2.1.0.383","PSt7-10","171027-000","6/27/2018 9:55:33 AM","0000-00","0","no battery","V"
"08/23/2019","13:13:18","1","default","104940808","OXY1","37.294","min","171.797","μmol/L","Humid","21.205","deg","64266","µV","31.245","°C","1021.000","hPa","36.0","pmil","0","55.680","deg","20.000","°C","100.000","%a.s.","22.210","deg","20.000","°C","971.000","hPa","0.826","-0.01532","0.000401","-0.00012","0","11.08","Humid","26.60","0","20.10","229871.81","SABD0002000011","AAV2.0.0.13","2.1.0.383","PSt7-10","171027-000","6/27/2018 9:55:33 AM","0000-00","0","no battery","V"
"08/23/2019","13:13:19","1","default","104940808","OXY1","37.311","min","171.710","μmol/L","Humid","21.209","deg","64273","µV","31.251","°C","1022.000","hPa","36.0","pmil","0","55.680","deg","20.000","°C","100.000","%a.s.","22.210","deg","20.000","°C","971.000","hPa","0.826","-0.01532","0.000401","-0.00012","0","11.08","Humid","26.60","0","20.10","229878.33","SABD0002000011","AAV2.0.0.13","2.1.0.383","PSt7-10","171027-000","6/27/2018 9:55:33 AM","0000-00","0","no battery","V"
"08/23/2019","13:13:20","1","default","104940808","OXY1","37.327","min","171.794","μmol/L","Humid","21.203","deg","64263","µV","31.251","°C","1021.000","hPa","36.0","pmil","0","55.680","deg","20.000","°C","100.000","%a.s.","22.210","deg","20.000","°C","971.000","hPa","0.826","-0.01532","0.000401","-0.00012","0","11.08","Humid","26.60","0","20.10","229866.80","SABD0002000011","AAV2.0.0.13","2.1.0.383","PSt7-10","171027-000","6/27/2018 9:55:33 AM","0000-00","0","no battery","V"
"08/23/2019","13:13:21","1","default","104940808","OXY1","37.343","min","171.759","μmol/L","Humid","21.208","deg","64265","µV","31.245","°C","1022.000","hPa","36.0","pmil","0","55.680","deg","20.000","°C","100.000","%a.s.","22.210","deg","20.000","°C","971.000","hPa","0.826","-0.01532","0.000401","-0.00012","0","11.08","Humid","26.60","0","20.10","229871.03","SABD0002000011","AAV2.0.0.13","2.1.0.383","PSt7-10","171027-000","6/27/2018 9:55:33 AM","0000-00","0","no battery","V"
"08/23/2019","13:13:22","1","default","104940808","OXY1","37.360","min","171.820","μmol/L","Humid","21.204","deg","64265","µV","31.245","°C","1022.000","hPa","36.0","pmil","0","55.680","deg","20.000","°C","100.000","%a.s.","22.210","deg","20.000","°C","971.000","hPa","0.826","-0.01532","0.000401","-0.00012","0","11.08","Humid","26.60","0","20.10","229869.50","SABD0002000011","AAV2.0.0.13","2.1.0.383","PSt7-10","171027-000","6/27/2018 9:55:33 AM","0000-00","0","no battery","V"
"08/23/2019","13:13:23","1","default","104940808","OXY1","37.377","min","171.827","μmol/L","Humid","21.203","deg","64261","µV","31.245","°C","1021.000","hPa","36.0","pmil","0","55.680","deg","20.000","°C","100.000","%a.s.","22.210","deg","20.000","°C","971.000","hPa","0.826","-0.01532","0.000401","-0.00012","0","11.08","Humid","26.60","0","20.10","229873.20","SABD0002000011","AAV2.0.0.13","2.1.0.383","PSt7-10","171027-000","6/27/2018 9:55:33 AM","0000-00","0","no battery","V"
"08/23/2019","13:13:24","1","default","104940808","OXY1","37.394","min","171.827","μmol/L","Humid","21.203","deg","64261","µV","31.245","°C","1021.000","hPa","36.0","pmil","0","55.680","deg","20.000","°C","100.000","%a.s.","22.210","deg","20.000","°C","971.000","hPa","0.826","-0.01532","0.000401","-0.00012","0","11.08","Humid","26.60","0","20.10","229863.99","SABD0002000011","AAV2.0.0.13","2.1.0.383","PSt7-10","171027-000","6/27/2018 9:55:33 AM","0000-00","0","no battery","V"
"08/23/2019","13:13:25","1","default","104940808","OXY1","37.410","min","171.717","μmol/L","Humid","21.208","deg","64263","µV","31.251","°C","1021.000","hPa","36.0","pmil","0","55.680","deg","20.000","°C","100.000","%a.s.","22.210","deg","20.000","°C","971.000","hPa","0.826","-0.01532","0.000401","-0.00012","0","11.08","Humid","26.60","0","20.10","229876.58","SABD0002000011","AAV2.0.0.13","2.1.0.383","PSt7-10","171027-000","6/27/2018 9:55:33 AM","0000-00","0","no battery","V"
"08/23/2019","13:13:26","1","default","104940808","OXY1","37.427","min","171.766","μmol/L","Humid","21.207","deg","64265","µV","31.245","°C","1021.000","hPa","36.0","pmil","0","55.680","deg","20.000","°C","100.000","%a.s.","22.210","deg","20.000","°C","971.000","hPa","0.826","-0.01532","0.000401","-0.00012","0","11.08","Humid","26.60","0","20.10","229867.67","SABD0002000011","AAV2.0.0.13","2.1.0.383","PSt7-10","171027-000","6/27/2018 9:55:33 AM","0000-00","0","no battery","V"
"08/23/2019","13:13:27","1","default","104940808","OXY1","37.444","min","171.774","μmol/L","Humid","21.207","deg","64259","µV","31.245","°C","1022.000","hPa","36.0","pmil","0","55.680","deg","20.000","°C","100.000","%a.s.","22.210","deg","20.000","°C","971.000","hPa","0.826","-0.01532","0.000401","-0.00012","0","11.08","Humid","26.60","0","20.10","229868.50","SABD0002000011","AAV2.0.0.13","2.1.0.383","PSt7-10","171027-000","6/27/2018 9:55:33 AM","0000-00","0","no battery","V"
"08/23/2019","13:13:28","1","default","104940808","OXY1","37.461","min","171.717","μmol/L","Humid","21.208","deg","64264","µV","31.251","°C","1021.000","hPa","36.0","pmil","0","55.680","deg","20.000","°C","100.000","%a.s.","22.210","deg","20.000","°C","971.000","hPa","0.826","-0.01532","0.000401","-0.00012","0","11.08","Humid","26.60","0","20.10","229870.48","SABD0002000011","AAV2.0.0.13","2.1.0.383","PSt7-10","171027-000","6/27/2018 9:55:33 AM","0000-00","0","no battery","V"
"08/23/2019","13:13:29","1","default","104940808","OXY1","37.477","min","171.748","μmol/L","Humid","21.206","deg","64258","µV","31.251","°C","1021.000","hPa","36.0","pmil","0","55.680","deg","20.000","°C","100.000","%a.s.","22.210","deg","20.000","°C","971.000","hPa","0.826","-0.01532","0.000401","-0.00012","0","11.08","Humid","26.60","0","20.10","229864.45","SABD0002000011","AAV2.0.0.13","2.1.0.383","PSt7-10","171027-000","6/27/2018 9:55:33 AM","0000-00","0","no battery","V"
"08/23/2019","13:13:30","1","default","104940808","OXY1","37.494","min","171.766","μmol/L","Humid","21.207","deg","64256","µV","31.245","°C","1021.000","hPa","36.0","pmil","0","55.680","deg","20.000","°C","100.000","%a.s.","22.210","deg","20.000","°C","971.000","hPa","0.826","-0.01532","0.000401","-0.00012","0","11.08","Humid","26.60","0","20.10","229865.11","SABD0002000011","AAV2.0.0.13","2.1.0.383","PSt7-10","171027-000","6/27/2018 9:55:33 AM","0000-00","0","no battery","V"
"08/23/2019","13:13:31","1","default","104940808","OXY1","37.510","min","171.751","μmol/L","Humid","21.208","deg","64261","µV","31.245","°C","1021.000","hPa","36.0","pmil","0","55.680","deg","20.000","°C","100.000","%a.s.","22.210","deg","20.000","°C","971.000","hPa","0.826","-0.01532","0.000401","-0.00012","0","11.08","Humid","26.60","0","20.10","229862.84","SABD0002000011","AAV2.0.0.13","2.1.0.383","PSt7-10","171027-000","6/27/2018 9:55:33 AM","0000-00","0","no battery","V"
"08/23/2019","13:13:32","1","default","104940808","OXY1","37.527","min","171.687","μmol/L","Humid","21.210","deg","64256","µV","31.251","°C","1021.000","hPa","36.0","pmil","0","55.680","deg","20.000","°C","100.000","%a.s.","22.210","deg","20.000","°C","971.000","hPa","0.826","-0.01532","0.000401","-0.00012","0","11.08","Humid","26.60","0","20.10","229860.39","SABD0002000011","AAV2.0.0.13","2.1.0.383","PSt7-10","171027-000","6/27/2018 9:55:33 AM","0000-00","0","no battery","V"
"08/23/2019","13:13:33","1","default","104940808","OXY1","37.543","min","171.672","μmol/L","Humid","21.211","deg","64255","µV","31.251","°C","1021.000","hPa","36.0","pmil","0","55.680","deg","20.000","°C","100.000","%a.s.","22.210","deg","20.000","°C","971.000","hPa","0.826","-0.01532","0.000401","-0.00012","0","11.08","Humid","26.60","0","20.10","229864.98","SABD0002000011","AAV2.0.0.13","2.1.0.383","PSt7-10","171027-000","6/27/2018 9:55:33 AM","0000-00","0","no battery","V"
"08/23/2019","13:13:34","1","default","104940808","OXY1","37.560","min","171.790","μmol/L","Humid","21.206","deg","64260","µV","31.245","°C","1022.000","hPa","36.0","pmil","0","55.680","deg","20.000","°C","100.000","%a.s.","22.210","deg","20.000","°C","971.000","hPa","0.826","-0.01532","0.000401","-0.00012","0","11.08","Humid","26.60","0","20.10","229875.87","SABD0002000011","AAV2.0.0.13","2.1.0.383","PSt7-10","171027-000","6/27/2018 9:55:33 AM","0000-00","0","no battery","V"
"08/23/2019","13:13:35","1","default","104940808","OXY1","37.577","min","171.854","μmol/L","Humid","21.204","deg","64250","µV","31.239","°C","1022.000","hPa","36.0","pmil","0","55.680","deg","20.000","°C","100.000","%a.s.","22.210","deg","20.000","°C","971.000","hPa","0.826","-0.01532","0.000401","-0.00012","0","11.08","Humid","26.60","0","20.10","229863.87","SABD0002000011","AAV2.0.0.13","2.1.0.383","PSt7-10","171027-000","6/27/2018 9:55:33 AM","0000-00","0","no battery","V"
"08/23/2019","13:13:36","1","default","104940808","OXY1","37.594","min","171.675","μmol/L","Humid","21.213","deg","64253","µV","31.245","°C","1021.000","hPa","36.0","pmil","0","55.680","deg","20.000","°C","100.000","%a.s.","22.210","deg","20.000","°C","971.000","hPa","0.826","-0.01532","0.000401","-0.00012","0","11.08","Humid","26.60","0","20.10","229880.96","SABD0002000011","AAV2.0.0.13","2.1.0.383","PSt7-10","171027-000","6/27/2018 9:55:33 AM","0000-00","0","no battery","V"
"08/23/2019","13:13:37","1","default","104940808","OXY1","37.610","min","171.699","μmol/L","Humid","21.207","deg","64251","µV","31.257","°C","1021.000","hPa","36.0","pmil","0","55.680","deg","20.000","°C","100.000","%a.s.","22.210","deg","20.000","°C","971.000","hPa","0.826","-0.01532","0.000401","-0.00012","0","11.08","Humid","26.60","0","20.10","229866.03","SABD0002000011","AAV2.0.0.13","2.1.0.383","PSt7-10","171027-000","6/27/2018 9:55:33 AM","0000-00","0","no battery","V"
"08/23/2019","13:13:38","1","default","104940808","OXY1","37.627","min","171.657","μmol/L","Humid","21.212","deg","64247","µV","31.251","°C","1021.000","hPa","36.0","pmil","0","55.680","deg","20.000","°C","100.000","%a.s.","22.210","deg","20.000","°C","971.000","hPa","0.826","-0.01532","0.000401","-0.00012","0","11.08","Humid","26.60","0","20.10","229868.30","SABD0002000011","AAV2.0.0.13","2.1.0.383","PSt7-10","171027-000","6/27/2018 9:55:33 AM","0000-00","0","no battery","V"
"08/23/2019","13:13:39","1","default","104940808","OXY1","37.644","min","171.721","μmol/L","Humid","21.210","deg","64249","µV","31.245","°C","1021.000","hPa","36.0","pmil","0","55.680","deg","20.000","°C","100.000","%a.s.","22.210","deg","20.000","°C","971.000","hPa","0.826","-0.01532","0.000401","-0.00012","0","11.08","Humid","26.60","0","20.10","229866.67","SABD0002000011","AAV2.0.0.13","2.1.0.383","PSt7-10","171027-000","6/27/2018 9:55:33 AM","0000-00","0","no battery","V"
"08/23/2019","13:13:40","1","default","104940808","OXY1","37.660","min","171.688","μmol/L","Humid","21.206","deg","64254","µV","31.263","°C","1022.000","hPa","36.0","pmil","0","55.680","deg","20.000","°C","100.000","%a.s.","22.210","deg","20.000","°C","971.000","hPa","0.826","-0.01532","0.000401","-0.00012","0","11.08","Humid","26.60","0","20.10","229873.99","SABD0002000011","AAV2.0.0.13","2.1.0.383","PSt7-10","171027-000","6/27/2018 9:55:33 AM","0000-00","0","no battery","V"
"08/23/2019","13:13:41","1","default","104940808","OXY1","37.677","min","171.600","μmol/L","Humid","21.214","deg","64247","µV","31.257","°C","1022.000","hPa","36.0","pmil","0","55.680","deg","20.000","°C","100.000","%a.s.","22.210","deg","20.000","°C","971.000","hPa","0.826","-0.01532","0.000401","-0.00012","0","11.08","Humid","26.60","0","20.10","229868.62","SABD0002000011","AAV2.0.0.13","2.1.0.383","PSt7-10","171027-000","6/27/2018 9:55:33 AM","0000-00","0","no battery","V"
"08/23/2019","13:13:42","1","default","104940808","OXY1","37.693","min","171.653","μmol/L","Humid","21.210","deg","64241","µV","31.257","°C","1021.000","hPa","36.0","pmil","0","55.680","deg","20.000","°C","100.000","%a.s.","22.210","deg","20.000","°C","971.000","hPa","0.826","-0.01532","0.000401","-0.00012","0","11.08","Humid","26.60","0","20.10","229884.35","SABD0002000011","AAV2.0.0.13","2.1.0.383","PSt7-10","171027-000","6/27/2018 9:55:33 AM","0000-00","0","no battery","V"
"08/23/2019","13:13:43","1","default","104940808","OXY1","37.710","min","171.577","μmol/L","Humid","21.215","deg","64241","µV","31.257","°C","1021.000","hPa","36.0","pmil","0","55.680","deg","20.000","°C","100.000","%a.s.","22.210","deg","20.000","°C","971.000","hPa","0.826","-0.01532","0.000401","-0.00012","0","11.08","Humid","26.60","0","20.10","229864.96","SABD0002000011","AAV2.0.0.13","2.1.0.383","PSt7-10","171027-000","6/27/2018 9:55:33 AM","0000-00","0","no battery","V"
"08/23/2019","13:13:44","1","default","104940808","OXY1","37.727","min","171.690","μmol/L","Humid","21.212","deg","64219","µV","31.245","°C","1021.000","hPa","36.0","pmil","0","55.680","deg","20.000","°C","100.000","%a.s.","22.210","deg","20.000","°C","971.000","hPa","0.826","-0.01532","0.000401","-0.00012","0","11.08","Humid","26.60","0","20.10","229881.12","SABD0002000011","AAV2.0.0.13","2.1.0.383","PSt7-10","171027-000","6/27/2018 9:55:33 AM","0000-00","0","no battery","V"
"08/23/2019","13:13:45","1","default","104940808","OXY1","37.744","min","171.733","μmol/L","Humid","21.207","deg","64214","µV","31.251","°C","1021.000","hPa","36.0","pmil","0","55.680","deg","20.000","°C","100.000","%a.s.","22.210","deg","20.000","°C","971.000","hPa","0.826","-0.01532","0.000401","-0.00012","0","11.08","Humid","26.60","0","20.10","229875.74","SABD0002000011","AAV2.0.0.13","2.1.0.383","PSt7-10","171027-000","6/27/2018 9:55:33 AM","0000-00","0","no battery","V"
"08/23/2019","13:13:46","1","default","104940808","OXY1","37.760","min","171.649","μmol/L","Humid","21.213","deg","64203","µV","31.251","°C","1022.000","hPa","36.0","pmil","0","55.680","deg","20.000","°C","100.000","%a.s.","22.210","deg","20.000","°C","971.000","hPa","0.826","-0.01532","0.000401","-0.00012","0","11.08","Humid","26.60","0","20.10","229867.62","SABD0002000011","AAV2.0.0.13","2.1.0.383","PSt7-10","171027-000","6/27/2018 9:55:33 AM","0000-00","0","no battery","V"
"08/23/2019","13:13:47","1","default","104940808","OXY1","37.777","min","171.672","μmol/L","Humid","21.211","deg","64202","µV","31.251","°C","1021.000","hPa","36.0","pmil","0","55.680","deg","20.000","°C","100.000","%a.s.","22.210","deg","20.000","°C","971.000","hPa","0.826","-0.01532","0.000401","-0.00012","0","11.08","Humid","26.60","0","20.10","229864.68","SABD0002000011","AAV2.0.0.13","2.1.0.383","PSt7-10","171027-000","6/27/2018 9:55:33 AM","0000-00","0","no battery","V"
"08/23/2019","13:13:48","1","default","104940808","OXY1","37.794","min","171.797","μmol/L","Humid","21.205","deg","64189","µV","31.245","°C","1021.000","hPa","36.0","pmil","0","55.680","deg","20.000","°C","100.000","%a.s.","22.210","deg","20.000","°C","971.000","hPa","0.826","-0.01532","0.000401","-0.00012","0","11.08","Humid","26.60","0","20.10","229868.59","SABD0002000011","AAV2.0.0.13","2.1.0.383","PSt7-10","171027-000","6/27/2018 9:55:33 AM","0000-00","0","no battery","V"
"08/23/2019","13:13:49","1","default","104940808","OXY1","37.811","min","171.649","μmol/L","Humid","21.213","deg","64185","µV","31.251","°C","1022.000","hPa","36.0","pmil","0","55.680","deg","20.000","°C","100.000","%a.s.","22.210","deg","20.000","°C","971.000","hPa","0.826","-0.01532","0.000401","-0.00012","0","11.08","Humid","26.60","0","20.10","229866.51","SABD0002000011","AAV2.0.0.13","2.1.0.383","PSt7-10","171027-000","6/27/2018 9:55:33 AM","0000-00","0","no battery","V"
"08/23/2019","13:13:50","1","default","104940808","OXY1","37.827","min","171.812","μmol/L","Humid","21.204","deg","64188","µV","31.245","°C","1021.000","hPa","36.0","pmil","0","55.680","deg","20.000","°C","100.000","%a.s.","22.210","deg","20.000","°C","971.000","hPa","0.826","-0.01532","0.000401","-0.00012","0","11.08","Humid","26.60","0","20.10","229858.34","SABD0002000011","AAV2.0.0.13","2.1.0.383","PSt7-10","171027-000","6/27/2018 9:55:33 AM","0000-00","0","no battery","V"
"08/23/2019","13:13:51","1","default","104940808","OXY1","37.844","min","171.672","μmol/L","Humid","21.211","deg","64181","µV","31.251","°C","1021.000","hPa","36.0","pmil","0","55.680","deg","20.000","°C","100.000","%a.s.","22.210","deg","20.000","°C","971.000","hPa","0.826","-0.01532","0.000401","-0.00012","0","11.08","Humid","26.60","0","20.10","229861.59","SABD0002000011","AAV2.0.0.13","2.1.0.383","PSt7-10","171027-000","6/27/2018 9:55:33 AM","0000-00","0","no battery","V"
"08/23/2019","13:13:52","1","default","104940808","OXY1","37.860","min","171.729","μmol/L","Humid","21.210","deg","64176","µV","31.245","°C","1022.000","hPa","36.0","pmil","0","55.680","deg","20.000","°C","100.000","%a.s.","22.210","deg","20.000","°C","971.000","hPa","0.826","-0.01532","0.000401","-0.00012","0","11.08","Humid","26.60","0","20.10","229866.76","SABD0002000011","AAV2.0.0.13","2.1.0.383","PSt7-10","171027-000","6/27/2018 9:55:33 AM","0000-00","0","no battery","V"
"08/23/2019","13:13:53","1","default","104940808","OXY1","37.877","min","171.722","μmol/L","Humid","21.206","deg","64184","µV","31.257","°C","1022.000","hPa","36.0","pmil","0","55.680","deg","20.000","°C","100.000","%a.s.","22.210","deg","20.000","°C","971.000","hPa","0.826","-0.01532","0.000401","-0.00012","0","11.08","Humid","26.60","0","20.10","229868.74","SABD0002000011","AAV2.0.0.13","2.1.0.383","PSt7-10","171027-000","6/27/2018 9:55:33 AM","0000-00","0","no battery","V"
"08/23/2019","13:13:54","1","default","104940808","OXY1","37.893","min","171.608","μmol/L","Humid","21.213","deg","64171","µV","31.257","°C","1021.000","hPa","36.0","pmil","0","55.680","deg","20.000","°C","100.000","%a.s.","22.210","deg","20.000","°C","971.000","hPa","0.826","-0.01532","0.000401","-0.00012","0","11.08","Humid","26.60","0","20.10","229854.22","SABD0002000011","AAV2.0.0.13","2.1.0.383","PSt7-10","171027-000","6/27/2018 9:55:33 AM","0000-00","0","no battery","V"
"08/23/2019","13:13:55","1","default","104940808","OXY1","37.910","min","171.585","μmol/L","Humid","21.215","deg","64170","µV","31.257","°C","1022.000","hPa","36.0","pmil","0","55.680","deg","20.000","°C","100.000","%a.s.","22.210","deg","20.000","°C","971.000","hPa","0.826","-0.01532","0.000401","-0.00012","0","11.08","Humid","26.60","0","20.10","229865.05","SABD0002000011","AAV2.0.0.13","2.1.0.383","PSt7-10","171027-000","6/27/2018 9:55:33 AM","0000-00","0","no battery","V"
"08/23/2019","13:13:56","1","default","104940808","OXY1","37.927","min","171.794","μmol/L","Humid","21.203","deg","64171","µV","31.251","°C","1021.000","hPa","36.0","pmil","0","55.680","deg","20.000","°C","100.000","%a.s.","22.210","deg","20.000","°C","971.000","hPa","0.826","-0.01532","0.000401","-0.00012","0","11.08","Humid","26.60","0","20.10","229865.71","SABD0002000011","AAV2.0.0.13","2.1.0.383","PSt7-10","171027-000","6/27/2018 9:55:33 AM","0000-00","0","no battery","V"
"08/23/2019","13:13:57","1","default","104940808","OXY1","37.944","min","171.733","μmol/L","Humid","21.207","deg","64167","µV","31.251","°C","1021.000","hPa","36.0","pmil","0","55.680","deg","20.000","°C","100.000","%a.s.","22.210","deg","20.000","°C","971.000","hPa","0.826","-0.01532","0.000401","-0.00012","0","11.08","Humid","26.60","0","20.10","229854.63","SABD0002000011","AAV2.0.0.13","2.1.0.383","PSt7-10","171027-000","6/27/2018 9:55:33 AM","0000-00","0","no battery","V"
"08/23/2019","13:13:58","1","default","104940808","OXY1","37.960","min","171.653","μmol/L","Humid","21.210","deg","64159","µV","31.257","°C","1021.000","hPa","36.0","pmil","0","55.680","deg","20.000","°C","100.000","%a.s.","22.210","deg","20.000","°C","971.000","hPa","0.826","-0.01532","0.000401","-0.00012","0","11.08","Humid","26.60","0","20.10","229845.13","SABD0002000011","AAV2.0.0.13","2.1.0.383","PSt7-10","171027-000","6/27/2018 9:55:33 AM","0000-00","0","no battery","V"
"08/23/2019","13:13:59","1","default","104940808","OXY1","37.977","min","171.661","μmol/L","Humid","21.210","deg","64167","µV","31.257","°C","1022.000","hPa","36.0","pmil","0","55.680","deg","20.000","°C","100.000","%a.s.","22.210","deg","20.000","°C","971.000","hPa","0.826","-0.01532","0.000401","-0.00012","0","11.08","Humid","26.60","0","20.10","229853.61","SABD0002000011","AAV2.0.0.13","2.1.0.383","PSt7-10","171027-000","6/27/2018 9:55:33 AM","0000-00","0","no battery","V"
"08/23/2019","13:14:00","1","default","104940808","OXY1","37.994","min","171.684","μmol/L","Humid","21.208","deg","64162","µV","31.257","°C","1021.000","hPa","36.0","pmil","0","55.680","deg","20.000","°C","100.000","%a.s.","22.210","deg","20.000","°C","971.000","hPa","0.826","-0.01532","0.000401","-0.00012","0","11.08","Humid","26.60","0","20.10","229860.86","SABD0002000011","AAV2.0.0.13","2.1.0.383","PSt7-10","171027-000","6/27/2018 9:55:33 AM","0000-00","0","no battery","V"
"08/23/2019","13:14:01","1","default","104940808","OXY1","38.010","min","171.699","μmol/L","Humid","21.207","deg","64164","µV","31.257","°C","1021.000","hPa","36.0","pmil","0","55.680","deg","20.000","°C","100.000","%a.s.","22.210","deg","20.000","°C","971.000","hPa","0.826","-0.01532","0.000401","-0.00012","0","11.08","Humid","26.60","0","20.10","229857.68","SABD0002000011","AAV2.0.0.13","2.1.0.383","PSt7-10","171027-000","6/27/2018 9:55:33 AM","0000-00","0","no battery","V"
"08/23/2019","13:14:02","1","default","104940808","OXY1","38.027","min","171.668","μmol/L","Humid","21.209","deg","64161","µV","31.257","°C","1021.000","hPa","36.0","pmil","0","55.680","deg","20.000","°C","100.000","%a.s.","22.210","deg","20.000","°C","971.000","hPa","0.826","-0.01532","0.000401","-0.00012","0","11.08","Humid","26.60","0","20.10","229857.33","SABD0002000011","AAV2.0.0.13","2.1.0.383","PSt7-10","171027-000","6/27/2018 9:55:33 AM","0000-00","0","no battery","V"
"08/23/2019","13:14:03","1","default","104940808","OXY1","38.043","min","171.672","μmol/L","Humid","21.211","deg","64159","µV","31.251","°C","1021.000","hPa","36.0","pmil","0","55.680","deg","20.000","°C","100.000","%a.s.","22.210","deg","20.000","°C","971.000","hPa","0.826","-0.01532","0.000401","-0.00012","0","11.08","Humid","26.60","0","20.10","229855.93","SABD0002000011","AAV2.0.0.13","2.1.0.383","PSt7-10","171027-000","6/27/2018 9:55:33 AM","0000-00","0","no battery","V"
"08/23/2019","13:14:04","1","default","104940808","OXY1","38.060","min","171.649","μmol/L","Humid","21.213","deg","64150","µV","31.251","°C","1022.000","hPa","36.0","pmil","0","55.680","deg","20.000","°C","100.000","%a.s.","22.210","deg","20.000","°C","971.000","hPa","0.826","-0.01532","0.000401","-0.00012","0","11.08","Humid","26.60","0","20.10","229844.16","SABD0002000011","AAV2.0.0.13","2.1.0.383","PSt7-10","171027-000","6/27/2018 9:55:33 AM","0000-00","0","no battery","V"
"08/23/2019","13:14:05","1","default","104940808","OXY1","38.077","min","171.733","μmol/L","Humid","21.207","deg","64159","µV","31.251","°C","1021.000","hPa","36.0","pmil","0","55.680","deg","20.000","°C","100.000","%a.s.","22.210","deg","20.000","°C","971.000","hPa","0.826","-0.01532","0.000401","-0.00012","0","11.08","Humid","26.60","0","20.10","229849.03","SABD0002000011","AAV2.0.0.13","2.1.0.383","PSt7-10","171027-000","6/27/2018 9:55:33 AM","0000-00","0","no battery","V"
"08/23/2019","13:14:06","1","default","104940808","OXY1","38.094","min","171.717","μmol/L","Humid","21.208","deg","64152","µV","31.251","°C","1021.000","hPa","36.0","pmil","0","55.680","deg","20.000","°C","100.000","%a.s.","22.210","deg","20.000","°C","971.000","hPa","0.826","-0.01532","0.000401","-0.00012","0","11.08","Humid","26.60","0","20.10","229857.97","SABD0002000011","AAV2.0.0.13","2.1.0.383","PSt7-10","171027-000","6/27/2018 9:55:33 AM","0000-00","0","no battery","V"
"08/23/2019","13:14:07","1","default","104940808","OXY1","38.110","min","171.756","μmol/L","Humid","21.206","deg","64145","µV","31.251","°C","1022.000","hPa","36.0","pmil","0","55.680","deg","20.000","°C","100.000","%a.s.","22.210","deg","20.000","°C","971.000","hPa","0.826","-0.01532","0.000401","-0.00012","0","11.08","Humid","26.60","0","20.10","229841.02","SABD0002000011","AAV2.0.0.13","2.1.0.383","PSt7-10","171027-000","6/27/2018 9:55:33 AM","0000-00","0","no battery","V"
"08/23/2019","13:14:08","1","default","104940808","OXY1","38.127","min","171.608","μmol/L","Humid","21.213","deg","64145","µV","31.257","°C","1021.000","hPa","36.0","pmil","0","55.680","deg","20.000","°C","100.000","%a.s.","22.210","deg","20.000","°C","971.000","hPa","0.826","-0.01532","0.000401","-0.00012","0","11.08","Humid","26.60","0","20.10","229843.28","SABD0002000011","AAV2.0.0.13","2.1.0.383","PSt7-10","171027-000","6/27/2018 9:55:33 AM","0000-00","0","no battery","V"
"08/23/2019","13:14:09","1","default","104940808","OXY1","38.144","min","171.672","μmol/L","Humid","21.211","deg","64143","µV","31.251","°C","1021.000","hPa","36.0","pmil","0","55.680","deg","20.000","°C","100.000","%a.s.","22.210","deg","20.000","°C","971.000","hPa","0.826","-0.01532","0.000401","-0.00012","0","11.08","Humid","26.60","0","20.10","229852.91","SABD0002000011","AAV2.0.0.13","2.1.0.383","PSt7-10","171027-000","6/27/2018 9:55:33 AM","0000-00","0","no battery","V"
"08/23/2019","13:14:10","1","default","104940808","OXY1","38.160","min","171.668","μmol/L","Humid","21.209","deg","64142","µV","31.257","°C","1021.000","hPa","36.0","pmil","0","55.680","deg","20.000","°C","100.000","%a.s.","22.210","deg","20.000","°C","971.000","hPa","0.826","-0.01532","0.000401","-0.00012","0","11.08","Humid","26.60","0","20.10","229838.55","SABD0002000011","AAV2.0.0.13","2.1.0.383","PSt7-10","171027-000","6/27/2018 9:55:33 AM","0000-00","0","no battery","V"
"08/23/2019","13:14:11","1","default","104940808","OXY1","38.177","min","171.702","μmol/L","Humid","21.209","deg","64135","µV","31.251","°C","1021.000","hPa","36.0","pmil","0","55.680","deg","20.000","°C","100.000","%a.s.","22.210","deg","20.000","°C","971.000","hPa","0.826","-0.01532","0.000401","-0.00012","0","11.08","Humid","26.60","0","20.10","229846.81","SABD0002000011","AAV2.0.0.13","2.1.0.383","PSt7-10","171027-000","6/27/2018 9:55:33 AM","0000-00","0","no battery","V"
"08/23/2019","13:14:12","1","default","104940808","OXY1","38.194","min","171.646","μmol/L","Humid","21.211","deg","64139","µV","31.257","°C","1022.000","hPa","36.0","pmil","0","55.680","deg","20.000","°C","100.000","%a.s.","22.210","deg","20.000","°C","971.000","hPa","0.826","-0.01532","0.000401","-0.00012","0","11.08","Humid","26.60","0","20.10","229843.80","SABD0002000011","AAV2.0.0.13","2.1.0.383","PSt7-10","171027-000","6/27/2018 9:55:33 AM","0000-00","0","no battery","V"
"08/23/2019","13:14:13","1","default","104940808","OXY1","38.210","min","171.626","μmol/L","Humid","21.214","deg","64129","µV","31.251","°C","1021.000","hPa","36.0","pmil","0","55.680","deg","20.000","°C","100.000","%a.s.","22.210","deg","20.000","°C","971.000","hPa","0.826","-0.01532","0.000401","-0.00012","0","11.08","Humid","26.60","0","20.10","229841.95","SABD0002000011","AAV2.0.0.13","2.1.0.383","PSt7-10","171027-000","6/27/2018 9:55:33 AM","0000-00","0","no battery","V"
"08/23/2019","13:14:14","1","default","104940808","OXY1","38.227","min","171.729","μmol/L","Humid","21.205","deg","64136","µV","31.257","°C","1021.000","hPa","36.0","pmil","0","55.680","deg","20.000","°C","100.000","%a.s.","22.210","deg","20.000","°C","971.000","hPa","0.826","-0.01532","0.000401","-0.00012","0","11.08","Humid","26.60","0","20.10","229857.19","SABD0002000011","AAV2.0.0.13","2.1.0.383","PSt7-10","171027-000","6/27/2018 9:55:33 AM","0000-00","0","no battery","V"
"08/23/2019","13:14:15","1","default","104940808","OXY1","38.244","min","171.717","μmol/L","Humid","21.208","deg","64134","µV","31.251","°C","1021.000","hPa","36.0","pmil","0","55.680","deg","20.000","°C","100.000","%a.s.","22.210","deg","20.000","°C","971.000","hPa","0.826","-0.01532","0.000401","-0.00012","0","11.08","Humid","26.60","0","20.10","229848.99","SABD0002000011","AAV2.0.0.13","2.1.0.383","PSt7-10","171027-000","6/27/2018 9:55:33 AM","0000-00","0","no battery","V"
"08/23/2019","13:14:16","1","default","104940808","OXY1","38.261","min","171.661","μmol/L","Humid","21.210","deg","64136","µV","31.257","°C","1022.000","hPa","36.0","pmil","0","55.680","deg","20.000","°C","100.000","%a.s.","22.210","deg","20.000","°C","971.000","hPa","0.826","-0.01532","0.000401","-0.00012","0","11.08","Humid","26.60","0","20.10","229858.32","SABD0002000011","AAV2.0.0.13","2.1.0.383","PSt7-10","171027-000","6/27/2018 9:55:33 AM","0000-00","0","no battery","V"
"08/23/2019","13:14:17","1","default","104940808","OXY1","38.277","min","171.653","μmol/L","Humid","21.210","deg","64131","µV","31.257","°C","1021.000","hPa","36.0","pmil","0","55.680","deg","20.000","°C","100.000","%a.s.","22.210","deg","20.000","°C","971.000","hPa","0.826","-0.01532","0.000401","-0.00012","0","11.08","Humid","26.60","0","20.10","229854.27","SABD0002000011","AAV2.0.0.13","2.1.0.383","PSt7-10","171027-000","6/27/2018 9:55:33 AM","0000-00","0","no battery","V"
"08/23/2019","13:14:18","1","default","104940808","OXY1","38.294","min","171.668","μmol/L","Humid","21.209","deg","64130","µV","31.257","°C","1021.000","hPa","36.0","pmil","0","55.680","deg","20.000","°C","100.000","%a.s.","22.210","deg","20.000","°C","971.000","hPa","0.826","-0.01532","0.000401","-0.00012","0","11.08","Humid","26.60","0","20.10","229842.82","SABD0002000011","AAV2.0.0.13","2.1.0.383","PSt7-10","171027-000","6/27/2018 9:55:33 AM","0000-00","0","no battery","V"
"08/23/2019","13:14:19","1","default","104940808","OXY1","38.311","min","171.555","μmol/L","Humid","21.217","deg","64129","µV","31.257","°C","1022.000","hPa","36.0","pmil","0","55.680","deg","20.000","°C","100.000","%a.s.","22.210","deg","20.000","°C","971.000","hPa","0.826","-0.01532","0.000401","-0.00012","0","11.08","Humid","26.60","0","20.10","229845.18","SABD0002000011","AAV2.0.0.13","2.1.0.383","PSt7-10","171027-000","6/27/2018 9:55:33 AM","0000-00","0","no battery","V"
"08/23/2019","13:14:20","1","default","104940808","OXY1","38.327","min","171.729","μmol/L","Humid","21.205","deg","64125","µV","31.257","°C","1021.000","hPa","36.0","pmil","0","55.680","deg","20.000","°C","100.000","%a.s.","22.210","deg","20.000","°C","971.000","hPa","0.826","-0.01532","0.000401","-0.00012","0","11.08","Humid","26.60","0","20.10","229844.81","SABD0002000011","AAV2.0.0.13","2.1.0.383","PSt7-10","171027-000","6/27/2018 9:55:33 AM","0000-00","0","no battery","V"
"08/23/2019","13:14:21","1","default","104940808","OXY1","38.343","min","171.657","μmol/L","Humid","21.212","deg","64118","µV","31.251","°C","1021.000","hPa","36.0","pmil","0","55.680","deg","20.000","°C","100.000","%a.s.","22.210","deg","20.000","°C","971.000","hPa","0.826","-0.01532","0.000401","-0.00012","0","11.08","Humid","26.60","0","20.10","229844.72","SABD0002000011","AAV2.0.0.13","2.1.0.383","PSt7-10","171027-000","6/27/2018 9:55:33 AM","0000-00","0","no battery","V"
"08/23/2019","13:14:22","1","default","104940808","OXY1","38.360","min","171.657","μmol/L","Humid","21.212","deg","64115","µV","31.251","°C","1021.000","hPa","36.0","pmil","0","55.680","deg","20.000","°C","100.000","%a.s.","22.210","deg","20.000","°C","971.000","hPa","0.826","-0.01532","0.000401","-0.00012","0","11.08","Humid","26.60","0","20.10","229846.77","SABD0002000011","AAV2.0.0.13","2.1.0.383","PSt7-10","171027-000","6/27/2018 9:55:33 AM","0000-00","0","no battery","V"
"08/23/2019","13:14:23","1","default","104940808","OXY1","38.377","min","171.657","μmol/L","Humid","21.212","deg","64115","µV","31.251","°C","1021.000","hPa","36.0","pmil","0","55.680","deg","20.000","°C","100.000","%a.s.","22.210","deg","20.000","°C","971.000","hPa","0.826","-0.01532","0.000401","-0.00012","0","11.08","Humid","26.60","0","20.10","229844.47","SABD0002000011","AAV2.0.0.13","2.1.0.383","PSt7-10","171027-000","6/27/2018 9:55:33 AM","0000-00","0","no battery","V"
"08/23/2019","13:14:24","1","default","104940808","OXY1","38.394","min","171.608","μmol/L","Humid","21.213","deg","64111","µV","31.257","°C","1021.000","hPa","36.0","pmil","0","55.680","deg","20.000","°C","100.000","%a.s.","22.210","deg","20.000","°C","971.000","hPa","0.826","-0.01532","0.000401","-0.00012","0","11.08","Humid","26.60","0","20.10","229841.78","SABD0002000011","AAV2.0.0.13","2.1.0.383","PSt7-10","171027-000","6/27/2018 9:55:33 AM","0000-00","0","no battery","V"
"08/23/2019","13:14:25","1","default","104940808","OXY1","38.410","min","171.687","μmol/L","Humid","21.210","deg","64112","µV","31.251","°C","1021.000","hPa","36.0","pmil","0","55.680","deg","20.000","°C","100.000","%a.s.","22.210","deg","20.000","°C","971.000","hPa","0.826","-0.01532","0.000401","-0.00012","0","11.08","Humid","26.60","0","20.10","229830.37","SABD0002000011","AAV2.0.0.13","2.1.0.383","PSt7-10","171027-000","6/27/2018 9:55:33 AM","0000-00","0","no battery","V"
"08/23/2019","13:14:26","1","default","104940808","OXY1","38.427","min","171.672","μmol/L","Humid","21.211","deg","64106","µV","31.251","°C","1021.000","hPa","36.0","pmil","0","55.680","deg","20.000","°C","100.000","%a.s.","22.210","deg","20.000","°C","971.000","hPa","0.826","-0.01532","0.000401","-0.00012","0","11.08","Humid","26.60","0","20.10","229842.83","SABD0002000011","AAV2.0.0.13","2.1.0.383","PSt7-10","171027-000","6/27/2018 9:55:33 AM","0000-00","0","no battery","V"
"08/23/2019","13:14:27","1","default","104940808","OXY1","38.444","min","171.592","μmol/L","Humid","21.214","deg","64113","µV","31.257","°C","1021.000","hPa","36.0","pmil","0","55.680","deg","20.000","°C","100.000","%a.s.","22.210","deg","20.000","°C","971.000","hPa","0.826","-0.01532","0.000401","-0.00012","0","11.08","Humid","26.60","0","20.10","229841.13","SABD0002000011","AAV2.0.0.13","2.1.0.383","PSt7-10","171027-000","6/27/2018 9:55:33 AM","0000-00","0","no battery","V"
"08/23/2019","13:14:28","1","default","104940808","OXY1","38.461","min","171.699","μmol/L","Humid","21.207","deg","64111","µV","31.257","°C","1021.000","hPa","36.0","pmil","0","55.680","deg","20.000","°C","100.000","%a.s.","22.210","deg","20.000","°C","971.000","hPa","0.826","-0.01532","0.000401","-0.00012","0","11.08","Humid","26.60","0","20.10","229842.66","SABD0002000011","AAV2.0.0.13","2.1.0.383","PSt7-10","171027-000","6/27/2018 9:55:33 AM","0000-00","0","no battery","V"
"08/23/2019","13:14:29","1","default","104940808","OXY1","38.477","min","171.657","μmol/L","Humid","21.212","deg","64107","µV","31.251","°C","1021.000","hPa","36.0","pmil","0","55.680","deg","20.000","°C","100.000","%a.s.","22.210","deg","20.000","°C","971.000","hPa","0.826","-0.01532","0.000401","-0.00012","0","11.08","Humid","26.60","0","20.10","229845.58","SABD0002000011","AAV2.0.0.13","2.1.0.383","PSt7-10","171027-000","6/27/2018 9:55:33 AM","0000-00","0","no battery","V"
"08/23/2019","13:14:30","1","default","104940808","OXY1","38.493","min","171.664","μmol/L","Humid","21.212","deg","64109","µV","31.251","°C","1022.000","hPa","36.0","pmil","0","55.680","deg","20.000","°C","100.000","%a.s.","22.210","deg","20.000","°C","971.000","hPa","0.826","-0.01532","0.000401","-0.00012","0","11.08","Humid","26.60","0","20.10","229844.99","SABD0002000011","AAV2.0.0.13","2.1.0.383","PSt7-10","171027-000","6/27/2018 9:55:33 AM","0000-00","0","no battery","V"
"08/23/2019","13:14:31","1","default","104940808","OXY1","38.510","min","171.577","μmol/L","Humid","21.215","deg","64109","µV","31.257","°C","1021.000","hPa","36.0","pmil","0","55.680","deg","20.000","°C","100.000","%a.s.","22.210","deg","20.000","°C","971.000","hPa","0.826","-0.01532","0.000401","-0.00012","0","11.08","Humid","26.60","0","20.10","229839.25","SABD0002000011","AAV2.0.0.13","2.1.0.383","PSt7-10","171027-000","6/27/2018 9:55:33 AM","0000-00","0","no battery","V"
"08/23/2019","13:14:32","1","default","104940808","OXY1","38.527","min","171.592","μmol/L","Humid","21.214","deg","64102","µV","31.257","°C","1021.000","hPa","36.0","pmil","0","55.680","deg","20.000","°C","100.000","%a.s.","22.210","deg","20.000","°C","971.000","hPa","0.826","-0.01532","0.000401","-0.00012","0","11.08","Humid","26.60","0","20.10","229844.84","SABD0002000011","AAV2.0.0.13","2.1.0.383","PSt7-10","171027-000","6/27/2018 9:55:33 AM","0000-00","0","no battery","V"
"08/23/2019","13:14:33","1","default","104940808","OXY1","38.544","min","171.631","μmol/L","Humid","21.212","deg","64108","µV","31.257","°C","1022.000","hPa","36.0","pmil","0","55.680","deg","20.000","°C","100.000","%a.s.","22.210","deg","20.000","°C","971.000","hPa","0.826","-0.01532","0.000401","-0.00012","0","11.08","Humid","26.60","0","20.10","229838.34","SABD0002000011","AAV2.0.0.13","2.1.0.383","PSt7-10","171027-000","6/27/2018 9:55:33 AM","0000-00","0","no battery","V"
"08/23/2019","13:14:34","1","default","104940808","OXY1","38.560","min","171.596","μmol/L","Humid","21.216","deg","64104","µV","31.251","°C","1021.000","hPa","36.0","pmil","0","55.680","deg","20.000","°C","100.000","%a.s.","22.210","deg","20.000","°C","971.000","hPa","0.826","-0.01532","0.000401","-0.00012","0","11.08","Humid","26.60","0","20.10","229845.16","SABD0002000011","AAV2.0.0.13","2.1.0.383","PSt7-10","171027-000","6/27/2018 9:55:33 AM","0000-00","0","no battery","V"
"08/23/2019","13:14:35","1","default","104940808","OXY1","38.577","min","171.672","μmol/L","Humid","21.211","deg","64109","µV","31.251","°C","1021.000","hPa","36.0","pmil","0","55.680","deg","20.000","°C","100.000","%a.s.","22.210","deg","20.000","°C","971.000","hPa","0.826","-0.01532","0.000401","-0.00012","0","11.08","Humid","26.60","0","20.10","229834.22","SABD0002000011","AAV2.0.0.13","2.1.0.383","PSt7-10","171027-000","6/27/2018 9:55:33 AM","0000-00","0","no battery","V"
"08/23/2019","13:14:36","1","default","104940808","OXY1","38.594","min","171.577","μmol/L","Humid","21.215","deg","64109","µV","31.257","°C","1021.000","hPa","36.0","pmil","0","55.680","deg","20.000","°C","100.000","%a.s.","22.210","deg","20.000","°C","971.000","hPa","0.826","-0.01532","0.000401","-0.00012","0","11.08","Humid","26.60","0","20.10","229834.00","SABD0002000011","AAV2.0.0.13","2.1.0.383","PSt7-10","171027-000","6/27/2018 9:55:33 AM","0000-00","0","no battery","V"
"08/23/2019","13:14:37","1","default","104940808","OXY1","38.611","min","171.592","μmol/L","Humid","21.214","deg","64105","µV","31.257","°C","1021.000","hPa","36.0","pmil","0","55.680","deg","20.000","°C","100.000","%a.s.","22.210","deg","20.000","°C","971.000","hPa","0.826","-0.01532","0.000401","-0.00012","0","11.08","Humid","26.60","0","20.10","229836.64","SABD0002000011","AAV2.0.0.13","2.1.0.383","PSt7-10","171027-000","6/27/2018 9:55:33 AM","0000-00","0","no battery","V"
"08/23/2019","13:14:38","1","default","104940808","OXY1","38.627","min","171.702","μmol/L","Humid","21.209","deg","64108","µV","31.251","°C","1021.000","hPa","36.0","pmil","0","55.680","deg","20.000","°C","100.000","%a.s.","22.210","deg","20.000","°C","971.000","hPa","0.826","-0.01532","0.000401","-0.00012","0","11.08","Humid","26.60","0","20.10","229827.28","SABD0002000011","AAV2.0.0.13","2.1.0.383","PSt7-10","171027-000","6/27/2018 9:55:33 AM","0000-00","0","no battery","V"
"08/23/2019","13:14:39","1","default","104940808","OXY1","38.643","min","171.600","μmol/L","Humid","21.214","deg","64106","µV","31.257","°C","1022.000","hPa","36.0","pmil","0","55.680","deg","20.000","°C","100.000","%a.s.","22.210","deg","20.000","°C","971.000","hPa","0.826","-0.01532","0.000401","-0.00012","0","11.08","Humid","26.60","0","20.10","229836.66","SABD0002000011","AAV2.0.0.13","2.1.0.383","PSt7-10","171027-000","6/27/2018 9:55:33 AM","0000-00","0","no battery","V"
"08/23/2019","13:14:40","1","default","104940808","OXY1","38.660","min","171.604","μmol/L","Humid","21.216","deg","64109","µV","31.251","°C","1022.000","hPa","36.0","pmil","0","55.680","deg","20.000","°C","100.000","%a.s.","22.210","deg","20.000","°C","971.000","hPa","0.826","-0.01532","0.000401","-0.00012","0","11.08","Humid","26.60","0","20.10","229840.83","SABD0002000011","AAV2.0.0.13","2.1.0.383","PSt7-10","171027-000","6/27/2018 9:55:33 AM","0000-00","0","no battery","V"
"08/23/2019","13:14:41","1","default","104940808","OXY1","38.677","min","171.535","μmol/L","Humid","21.220","deg","64100","µV","31.251","°C","1021.000","hPa","36.0","pmil","0","55.680","deg","20.000","°C","100.000","%a.s.","22.210","deg","20.000","°C","971.000","hPa","0.826","-0.01532","0.000401","-0.00012","0","11.08","Humid","26.60","0","20.10","229826.87","SABD0002000011","AAV2.0.0.13","2.1.0.383","PSt7-10","171027-000","6/27/2018 9:55:33 AM","0000-00","0","no battery","V"
"08/23/2019","13:14:42","1","default","104940808","OXY1","38.694","min","171.596","μmol/L","Humid","21.216","deg","64105","µV","31.251","°C","1021.000","hPa","36.0","pmil","0","55.680","deg","20.000","°C","100.000","%a.s.","22.210","deg","20.000","°C","971.000","hPa","0.826","-0.01532","0.000401","-0.00012","0","11.08","Humid","26.60","0","20.10","229838.61","SABD0002000011","AAV2.0.0.13","2.1.0.383","PSt7-10","171027-000","6/27/2018 9:55:33 AM","0000-00","0","no battery","V"
"08/23/2019","13:14:43","1","default","104940808","OXY1","38.710","min","171.615","μmol/L","Humid","21.213","deg","64103","µV","31.257","°C","1022.000","hPa","36.0","pmil","0","55.680","deg","20.000","°C","100.000","%a.s.","22.210","deg","20.000","°C","971.000","hPa","0.826","-0.01532","0.000401","-0.00012","0","11.08","Humid","26.60","0","20.10","229841.20","SABD0002000011","AAV2.0.0.13","2.1.0.383","PSt7-10","171027-000","6/27/2018 9:55:33 AM","0000-00","0","no battery","V"
"08/23/2019","13:14:44","1","default","104940808","OXY1","38.727","min","171.687","μmol/L","Humid","21.210","deg","64102","µV","31.251","°C","1021.000","hPa","36.0","pmil","0","55.680","deg","20.000","°C","100.000","%a.s.","22.210","deg","20.000","°C","971.000","hPa","0.826","-0.01532","0.000401","-0.00012","0","11.08","Humid","26.60","0","20.10","229832.94","SABD0002000011","AAV2.0.0.13","2.1.0.383","PSt7-10","171027-000","6/27/2018 9:55:33 AM","0000-00","0","no battery","V"
"08/23/2019","13:14:45","1","default","104940808","OXY1","38.744","min","171.562","μmol/L","Humid","21.216","deg","64100","µV","31.257","°C","1021.000","hPa","36.0","pmil","0","55.680","deg","20.000","°C","100.000","%a.s.","22.210","deg","20.000","°C","971.000","hPa","0.826","-0.01532","0.000401","-0.00012","0","11.08","Humid","26.60","0","20.10","229833.83","SABD0002000011","AAV2.0.0.13","2.1.0.383","PSt7-10","171027-000","6/27/2018 9:55:33 AM","0000-00","0","no battery","V"
"08/23/2019","13:14:46","1","default","104940808","OXY1","38.761","min","171.634","μmol/L","Humid","21.214","deg","64098","µV","31.251","°C","1022.000","hPa","36.0","pmil","0","55.680","deg","20.000","°C","100.000","%a.s.","22.210","deg","20.000","°C","971.000","hPa","0.826","-0.01532","0.000401","-0.00012","0","11.08","Humid","26.60","0","20.10","229841.27","SABD0002000011","AAV2.0.0.13","2.1.0.383","PSt7-10","171027-000","6/27/2018 9:55:33 AM","0000-00","0","no battery","V"
"08/23/2019","13:14:47","1","default","104940808","OXY1","38.777","min","171.574","μmol/L","Humid","21.213","deg","64102","µV","31.263","°C","1021.000","hPa","36.0","pmil","0","55.680","deg","20.000","°C","100.000","%a.s.","22.210","deg","20.000","°C","971.000","hPa","0.826","-0.01532","0.000401","-0.00012","0","11.08","Humid","26.60","0","20.10","229832.58","SABD0002000011","AAV2.0.0.13","2.1.0.383","PSt7-10","171027-000","6/27/2018 9:55:33 AM","0000-00","0","no battery","V"
"08/23/2019","13:14:48","1","default","104940808","OXY1","38.794","min","171.623","μmol/L","Humid","21.212","deg","64102","µV","31.257","°C","1021.000","hPa","36.0","pmil","0","55.680","deg","20.000","°C","100.000","%a.s.","22.210","deg","20.000","°C","971.000","hPa","0.826","-0.01532","0.000401","-0.00012","0","11.08","Humid","26.60","0","20.10","229837.39","SABD0002000011","AAV2.0.0.13","2.1.0.383","PSt7-10","171027-000","6/27/2018 9:55:33 AM","0000-00","0","no battery","V"
"08/23/2019","13:14:49","1","default","104940808","OXY1","38.810","min","171.725","μmol/L","Humid","21.208","deg","64097","µV","31.251","°C","1022.000","hPa","36.0","pmil","0","55.680","deg","20.000","°C","100.000","%a.s.","22.210","deg","20.000","°C","971.000","hPa","0.826","-0.01532","0.000401","-0.00012","0","11.08","Humid","26.60","0","20.10","229829.68","SABD0002000011","AAV2.0.0.13","2.1.0.383","PSt7-10","171027-000","6/27/2018 9:55:33 AM","0000-00","0","no battery","V"
"08/23/2019","13:14:50","1","default","104940808","OXY1","38.827","min","171.588","μmol/L","Humid","21.217","deg","64096","µV","31.251","°C","1022.000","hPa","36.0","pmil","0","55.680","deg","20.000","°C","100.000","%a.s.","22.210","deg","20.000","°C","971.000","hPa","0.826","-0.01532","0.000401","-0.00012","0","11.08","Humid","26.60","0","20.10","229835.67","SABD0002000011","AAV2.0.0.13","2.1.0.383","PSt7-10","171027-000","6/27/2018 9:55:33 AM","0000-00","0","no battery","V"
"08/23/2019","13:14:51","1","default","104940808","OXY1","38.843","min","171.608","μmol/L","Humid","21.213","deg","64096","µV","31.257","°C","1021.000","hPa","36.0","pmil","0","55.680","deg","20.000","°C","100.000","%a.s.","22.210","deg","20.000","°C","971.000","hPa","0.826","-0.01532","0.000401","-0.00012","0","11.08","Humid","26.60","0","20.10","229823.53","SABD0002000011","AAV2.0.0.13","2.1.0.383","PSt7-10","171027-000","6/27/2018 9:55:33 AM","0000-00","0","no battery","V"
"08/23/2019","13:14:52","1","default","104940808","OXY1","38.860","min","171.619","μmol/L","Humid","21.210","deg","64098","µV","31.263","°C","1021.000","hPa","36.0","pmil","0","55.680","deg","20.000","°C","100.000","%a.s.","22.210","deg","20.000","°C","971.000","hPa","0.826","-0.01532","0.000401","-0.00012","0","11.08","Humid","26.60","0","20.10","229832.30","SABD0002000011","AAV2.0.0.13","2.1.0.383","PSt7-10","171027-000","6/27/2018 9:55:33 AM","0000-00","0","no battery","V"
"08/23/2019","13:14:53","1","default","104940808","OXY1","38.877","min","171.680","μmol/L","Humid","21.206","deg","64099","µV","31.263","°C","1021.000","hPa","36.0","pmil","0","55.680","deg","20.000","°C","100.000","%a.s.","22.210","deg","20.000","°C","971.000","hPa","0.826","-0.01532","0.000401","-0.00012","0","11.08","Humid","26.60","0","20.10","229834.66","SABD0002000011","AAV2.0.0.13","2.1.0.383","PSt7-10","171027-000","6/27/2018 9:55:33 AM","0000-00","0","no battery","V"
"08/23/2019","13:14:54","1","default","104940808","OXY1","38.894","min","171.608","μmol/L","Humid","21.213","deg","64101","µV","31.257","°C","1021.000","hPa","36.0","pmil","0","55.680","deg","20.000","°C","100.000","%a.s.","22.210","deg","20.000","°C","971.000","hPa","0.826","-0.01532","0.000401","-0.00012","0","11.08","Humid","26.60","0","20.10","229829.87","SABD0002000011","AAV2.0.0.13","2.1.0.383","PSt7-10","171027-000","6/27/2018 9:55:33 AM","0000-00","0","no battery","V"
"08/23/2019","13:14:55","1","default","104940808","OXY1","38.910","min","171.638","μmol/L","Humid","21.211","deg","64100","µV","31.257","°C","1021.000","hPa","36.0","pmil","0","55.680","deg","20.000","°C","100.000","%a.s.","22.210","deg","20.000","°C","971.000","hPa","0.826","-0.01532","0.000401","-0.00012","0","11.08","Humid","26.60","0","20.10","229825.90","SABD0002000011","AAV2.0.0.13","2.1.0.383","PSt7-10","171027-000","6/27/2018 9:55:33 AM","0000-00","0","no battery","V"
"08/23/2019","13:14:56","1","default","104940808","OXY1","38.927","min","171.562","μmol/L","Humid","21.216","deg","64097","µV","31.257","°C","1021.000","hPa","36.0","pmil","0","55.680","deg","20.000","°C","100.000","%a.s.","22.210","deg","20.000","°C","971.000","hPa","0.826","-0.01532","0.000401","-0.00012","0","11.08","Humid","26.60","0","20.10","229823.23","SABD0002000011","AAV2.0.0.13","2.1.0.383","PSt7-10","171027-000","6/27/2018 9:55:33 AM","0000-00","0","no battery","V"
"08/23/2019","13:14:57","1","default","104940808","OXY1","38.944","min","171.543","μmol/L","Humid","21.215","deg","64099","µV","31.263","°C","1021.000","hPa","36.0","pmil","0","55.680","deg","20.000","°C","100.000","%a.s.","22.210","deg","20.000","°C","971.000","hPa","0.826","-0.01532","0.000401","-0.00012","0","11.08","Humid","26.60","0","20.10","229827.99","SABD0002000011","AAV2.0.0.13","2.1.0.383","PSt7-10","171027-000","6/27/2018 9:55:33 AM","0000-00","0","no battery","V"
"08/23/2019","13:14:58","1","default","104940808","OXY1","38.961","min","171.471","μmol/L","Humid","21.222","deg","64099","µV","31.257","°C","1021.000","hPa","36.0","pmil","0","55.680","deg","20.000","°C","100.000","%a.s.","22.210","deg","20.000","°C","971.000","hPa","0.826","-0.01532","0.000401","-0.00012","0","11.08","Humid","26.60","0","20.10","229827.75","SABD0002000011","AAV2.0.0.13","2.1.0.383","PSt7-10","171027-000","6/27/2018 9:55:33 AM","0000-00","0","no battery","V"
"08/23/2019","13:14:59","1","default","104940808","OXY1","38.977","min","171.589","μmol/L","Humid","21.212","deg","64097","µV","31.263","°C","1021.000","hPa","36.0","pmil","0","55.680","deg","20.000","°C","100.000","%a.s.","22.210","deg","20.000","°C","971.000","hPa","0.826","-0.01532","0.000401","-0.00012","0","11.08","Humid","26.60","0","20.10","229826.35","SABD0002000011","AAV2.0.0.13","2.1.0.383","PSt7-10","171027-000","6/27/2018 9:55:33 AM","0000-00","0","no battery","V"
"08/23/2019","13:15:00","1","default","104940808","OXY1","38.994","min","171.608","μmol/L","Humid","21.213","deg","64099","µV","31.257","°C","1021.000","hPa","36.0","pmil","0","55.680","deg","20.000","°C","100.000","%a.s.","22.210","deg","20.000","°C","971.000","hPa","0.826","-0.01532","0.000401","-0.00012","0","11.08","Humid","26.60","0","20.10","229829.84","SABD0002000011","AAV2.0.0.13","2.1.0.383","PSt7-10","171027-000","6/27/2018 9:55:33 AM","0000-00","0","no battery","V"
"08/23/2019","13:15:01","1","default","104940808","OXY1","39.010","min","171.641","μmol/L","Humid","21.213","deg","64101","µV","31.251","°C","1021.000","hPa","36.0","pmil","0","55.680","deg","20.000","°C","100.000","%a.s.","22.210","deg","20.000","°C","971.000","hPa","0.826","-0.01532","0.000401","-0.00012","0","11.08","Humid","26.60","0","20.10","229831.01","SABD0002000011","AAV2.0.0.13","2.1.0.383","PSt7-10","171027-000","6/27/2018 9:55:33 AM","0000-00","0","no battery","V"
"08/23/2019","13:15:02","1","default","104940808","OXY1","39.027","min","171.638","μmol/L","Humid","21.211","deg","64096","µV","31.257","°C","1021.000","hPa","36.0","pmil","0","55.680","deg","20.000","°C","100.000","%a.s.","22.210","deg","20.000","°C","971.000","hPa","0.826","-0.01532","0.000401","-0.00012","0","11.08","Humid","26.60","0","20.10","229824.67","SABD0002000011","AAV2.0.0.13","2.1.0.383","PSt7-10","171027-000","6/27/2018 9:55:33 AM","0000-00","0","no battery","V"
"08/23/2019","13:15:03","1","default","104940808","OXY1","39.043","min","171.604","μmol/L","Humid","21.211","deg","64089","µV","31.263","°C","1021.000","hPa","36.0","pmil","0","55.680","deg","20.000","°C","100.000","%a.s.","22.210","deg","20.000","°C","971.000","hPa","0.826","-0.01532","0.000401","-0.00012","0","11.08","Humid","26.60","0","20.10","229815.62","SABD0002000011","AAV2.0.0.13","2.1.0.383","PSt7-10","171027-000","6/27/2018 9:55:33 AM","0000-00","0","no battery","V"
"08/23/2019","13:15:04","1","default","104940808","OXY1","39.060","min","171.702","μmol/L","Humid","21.209","deg","64097","µV","31.251","°C","1021.000","hPa","36.0","pmil","0","55.680","deg","20.000","°C","100.000","%a.s.","22.210","deg","20.000","°C","971.000","hPa","0.826","-0.01532","0.000401","-0.00012","0","11.08","Humid","26.60","0","20.10","229817.05","SABD0002000011","AAV2.0.0.13","2.1.0.383","PSt7-10","171027-000","6/27/2018 9:55:33 AM","0000-00","0","no battery","V"
"08/23/2019","13:15:05","1","default","104940808","OXY1","39.077","min","171.562","μmol/L","Humid","21.216","deg","64096","µV","31.257","°C","1021.000","hPa","36.0","pmil","0","55.680","deg","20.000","°C","100.000","%a.s.","22.210","deg","20.000","°C","971.000","hPa","0.826","-0.01532","0.000401","-0.00012","0","11.08","Humid","26.60","0","20.10","229832.65","SABD0002000011","AAV2.0.0.13","2.1.0.383","PSt7-10","171027-000","6/27/2018 9:55:33 AM","0000-00","0","no battery","V"
"08/23/2019","13:15:06","1","default","104940808","OXY1","39.094","min","171.638","μmol/L","Humid","21.211","deg","64091","µV","31.257","°C","1021.000","hPa","36.0","pmil","0","55.680","deg","20.000","°C","100.000","%a.s.","22.210","deg","20.000","°C","971.000","hPa","0.826","-0.01532","0.000401","-0.00012","0","11.08","Humid","26.60","0","20.10","229823.93","SABD0002000011","AAV2.0.0.13","2.1.0.383","PSt7-10","171027-000","6/27/2018 9:55:33 AM","0000-00","0","no battery","V"
"08/23/2019","13:15:07","1","default","104940808","OXY1","39.111","min","171.577","μmol/L","Humid","21.215","deg","64094","µV","31.257","°C","1021.000","hPa","36.0","pmil","0","55.680","deg","20.000","°C","100.000","%a.s.","22.210","deg","20.000","°C","971.000","hPa","0.826","-0.01532","0.000401","-0.00012","0","11.08","Humid","26.60","0","20.10","229825.94","SABD0002000011","AAV2.0.0.13","2.1.0.383","PSt7-10","171027-000","6/27/2018 9:55:33 AM","0000-00","0","no battery","V"
"08/23/2019","13:15:08","1","default","104940808","OXY1","39.127","min","171.604","μmol/L","Humid","21.211","deg","64091","µV","31.263","°C","1021.000","hPa","36.0","pmil","0","55.680","deg","20.000","°C","100.000","%a.s.","22.210","deg","20.000","°C","971.000","hPa","0.826","-0.01532","0.000401","-0.00012","0","11.08","Humid","26.60","0","20.10","229808.75","SABD0002000011","AAV2.0.0.13","2.1.0.383","PSt7-10","171027-000","6/27/2018 9:55:33 AM","0000-00","0","no battery","V"
"08/23/2019","13:15:09","1","default","104940808","OXY1","39.144","min","171.570","μmol/L","Humid","21.216","deg","64093","µV","31.257","°C","1022.000","hPa","36.0","pmil","0","55.680","deg","20.000","°C","100.000","%a.s.","22.210","deg","20.000","°C","971.000","hPa","0.826","-0.01532","0.000401","-0.00012","0","11.08","Humid","26.60","0","20.10","229809.29","SABD0002000011","AAV2.0.0.13","2.1.0.383","PSt7-10","171027-000","6/27/2018 9:55:33 AM","0000-00","0","no battery","V"
"08/23/2019","13:15:10","1","default","104940808","OXY1","39.161","min","171.577","μmol/L","Humid","21.215","deg","64098","µV","31.257","°C","1021.000","hPa","36.0","pmil","0","55.680","deg","20.000","°C","100.000","%a.s.","22.210","deg","20.000","°C","971.000","hPa","0.826","-0.01532","0.000401","-0.00012","0","11.08","Humid","26.60","0","20.10","229820.79","SABD0002000011","AAV2.0.0.13","2.1.0.383","PSt7-10","171027-000","6/27/2018 9:55:33 AM","0000-00","0","no battery","V"
"08/23/2019","13:15:11","1","default","104940808","OXY1","39.177","min","171.559","μmol/L","Humid","21.214","deg","64088","µV","31.263","°C","1021.000","hPa","36.0","pmil","0","55.680","deg","20.000","°C","100.000","%a.s.","22.210","deg","20.000","°C","971.000","hPa","0.826","-0.01532","0.000401","-0.00012","0","11.08","Humid","26.60","0","20.10","229814.08","SABD0002000011","AAV2.0.0.13","2.1.0.383","PSt7-10","171027-000","6/27/2018 9:55:33 AM","0000-00","0","no battery","V"
"08/23/2019","13:15:12","1","default","104940808","OXY1","39.193","min","171.528","μmol/L","Humid","21.216","deg","64088","µV","31.263","°C","1021.000","hPa","36.0","pmil","0","55.680","deg","20.000","°C","100.000","%a.s.","22.210","deg","20.000","°C","971.000","hPa","0.826","-0.01532","0.000401","-0.00012","0","11.08","Humid","26.60","0","20.10","229829.69","SABD0002000011","AAV2.0.0.13","2.1.0.383","PSt7-10","171027-000","6/27/2018 9:55:33 AM","0000-00","0","no battery","V"
"08/23/2019","13:15:13","1","default","104940808","OXY1","39.210","min","171.646","μmol/L","Humid","21.211","deg","64082","µV","31.257","°C","1022.000","hPa","36.0","pmil","0","55.680","deg","20.000","°C","100.000","%a.s.","22.210","deg","20.000","°C","971.000","hPa","0.826","-0.01532","0.000401","-0.00012","0","11.08","Humid","26.60","0","20.10","229819.09","SABD0002000011","AAV2.0.0.13","2.1.0.383","PSt7-10","171027-000","6/27/2018 9:55:33 AM","0000-00","0","no battery","V"
"08/23/2019","13:15:14","1","default","104940808","OXY1","39.227","min","171.562","μmol/L","Humid","21.216","deg","64088","µV","31.257","°C","1021.000","hPa","36.0","pmil","0","55.680","deg","20.000","°C","100.000","%a.s.","22.210","deg","20.000","°C","971.000","hPa","0.826","-0.01532","0.000401","-0.00012","0","11.08","Humid","26.60","0","20.10","229819.12","SABD0002000011","AAV2.0.0.13","2.1.0.383","PSt7-10","171027-000","6/27/2018 9:55:33 AM","0000-00","0","no battery","V"
"08/23/2019","13:15:15","1","default","104940808","OXY1","39.244","min","171.422","μmol/L","Humid","21.223","deg","64087","µV","31.263","°C","1021.000","hPa","36.0","pmil","0","55.680","deg","20.000","°C","100.000","%a.s.","22.210","deg","20.000","°C","971.000","hPa","0.826","-0.01532","0.000401","-0.00012","0","11.08","Humid","26.60","0","20.10","229818.89","SABD0002000011","AAV2.0.0.13","2.1.0.383","PSt7-10","171027-000","6/27/2018 9:55:33 AM","0000-00","0","no battery","V"
"08/23/2019","13:15:16","1","default","104940808","OXY1","39.260","min","171.559","μmol/L","Humid","21.214","deg","64084","µV","31.263","°C","1021.000","hPa","36.0","pmil","0","55.680","deg","20.000","°C","100.000","%a.s.","22.210","deg","20.000","°C","971.000","hPa","0.826","-0.01532","0.000401","-0.00012","0","11.08","Humid","26.60","0","20.10","229812.08","SABD0002000011","AAV2.0.0.13","2.1.0.383","PSt7-10","171027-000","6/27/2018 9:55:33 AM","0000-00","0","no battery","V"
"08/23/2019","13:15:17","1","default","104940808","OXY1","39.277","min","171.528","μmol/L","Humid","21.216","deg","64084","µV","31.263","°C","1021.000","hPa","36.0","pmil","0","55.680","deg","20.000","°C","100.000","%a.s.","22.210","deg","20.000","°C","971.000","hPa","0.826","-0.01532","0.000401","-0.00012","0","11.08","Humid","26.60","0","20.10","229801.54","SABD0002000011","AAV2.0.0.13","2.1.0.383","PSt7-10","171027-000","6/27/2018 9:55:33 AM","0000-00","0","no battery","V"
"08/23/2019","13:15:18","1","default","104940808","OXY1","39.294","min","171.531","μmol/L","Humid","21.218","deg","64082","µV","31.257","°C","1021.000","hPa","36.0","pmil","0","55.680","deg","20.000","°C","100.000","%a.s.","22.210","deg","20.000","°C","971.000","hPa","0.826","-0.01532","0.000401","-0.00012","0","11.08","Humid","26.60","0","20.10","229810.54","SABD0002000011","AAV2.0.0.13","2.1.0.383","PSt7-10","171027-000","6/27/2018 9:55:33 AM","0000-00","0","no battery","V"
"08/23/2019","13:15:19","1","default","104940808","OXY1","39.311","min","171.577","μmol/L","Humid","21.215","deg","64083","µV","31.257","°C","1021.000","hPa","36.0","pmil","0","55.680","deg","20.000","°C","100.000","%a.s.","22.210","deg","20.000","°C","971.000","hPa","0.826","-0.01532","0.000401","-0.00012","0","11.08","Humid","26.60","0","20.10","229808.03","SABD0002000011","AAV2.0.0.13","2.1.0.383","PSt7-10","171027-000","6/27/2018 9:55:33 AM","0000-00","0","no battery","V"
"08/23/2019","13:15:20","1","default","104940808","OXY1","39.327","min","171.592","μmol/L","Humid","21.214","deg","64087","µV","31.257","°C","1021.000","hPa","36.0","pmil","0","55.680","deg","20.000","°C","100.000","%a.s.","22.210","deg","20.000","°C","971.000","hPa","0.826","-0.01532","0.000401","-0.00012","0","11.08","Humid","26.60","0","20.10","229805.65","SABD0002000011","AAV2.0.0.13","2.1.0.383","PSt7-10","171027-000","6/27/2018 9:55:33 AM","0000-00","0","no battery","V"
"08/23/2019","13:15:21","1","default","104940808","OXY1","39.343","min","171.574","μmol/L","Humid","21.213","deg","64087","µV","31.263","°C","1021.000","hPa","36.0","pmil","0","55.680","deg","20.000","°C","100.000","%a.s.","22.210","deg","20.000","°C","971.000","hPa","0.826","-0.01532","0.000401","-0.00012","0","11.08","Humid","26.60","0","20.10","229809.95","SABD0002000011","AAV2.0.0.13","2.1.0.383","PSt7-10","171027-000","6/27/2018 9:55:33 AM","0000-00","0","no battery","V"
"08/23/2019","13:15:22","1","default","104940808","OXY1","39.360","min","171.577","μmol/L","Humid","21.215","deg","64085","µV","31.257","°C","1021.000","hPa","36.0","pmil","0","55.680","deg","20.000","°C","100.000","%a.s.","22.210","deg","20.000","°C","971.000","hPa","0.826","-0.01532","0.000401","-0.00012","0","11.08","Humid","26.60","0","20.10","229822.71","SABD0002000011","AAV2.0.0.13","2.1.0.383","PSt7-10","171027-000","6/27/2018 9:55:33 AM","0000-00","0","no battery","V"
"08/23/2019","13:15:23","1","default","104940808","OXY1","39.377","min","171.611","μmol/L","Humid","21.215","deg","64091","µV","31.251","°C","1021.000","hPa","36.0","pmil","0","55.680","deg","20.000","°C","100.000","%a.s.","22.210","deg","20.000","°C","971.000","hPa","0.826","-0.01532","0.000401","-0.00012","0","11.08","Humid","26.60","0","20.10","229812.08","SABD0002000011","AAV2.0.0.13","2.1.0.383","PSt7-10","171027-000","6/27/2018 9:55:33 AM","0000-00","0","no battery","V"
"08/23/2019","13:15:24","1","default","104940808","OXY1","39.393","min","171.471","μmol/L","Humid","21.222","deg","64091","µV","31.257","°C","1021.000","hPa","36.0","pmil","0","55.680","deg","20.000","°C","100.000","%a.s.","22.210","deg","20.000","°C","971.000","hPa","0.826","-0.01532","0.000401","-0.00012","0","11.08","Humid","26.60","0","20.10","229818.99","SABD0002000011","AAV2.0.0.13","2.1.0.383","PSt7-10","171027-000","6/27/2018 9:55:33 AM","0000-00","0","no battery","V"
"08/23/2019","13:15:25","1","default","104940808","OXY1","39.410","min","171.410","μmol/L","Humid","21.226","deg","64102","µV","31.257","°C","1021.000","hPa","36.0","pmil","0","55.680","deg","20.000","°C","100.000","%a.s.","22.210","deg","20.000","°C","971.000","hPa","0.826","-0.01532","0.000401","-0.00012","0","11.08","Humid","26.60","0","20.10","229805.76","SABD0002000011","AAV2.0.0.13","2.1.0.383","PSt7-10","171027-000","6/27/2018 9:55:33 AM","0000-00","0","no battery","V"
"08/23/2019","13:15:26","1","default","104940808","OXY1","39.427","min","171.513","μmol/L","Humid","21.217","deg","64101","µV","31.263","°C","1021.000","hPa","36.0","pmil","0","55.680","deg","20.000","°C","100.000","%a.s.","22.210","deg","20.000","°C","971.000","hPa","0.826","-0.01532","0.000401","-0.00012","0","11.08","Humid","26.60","0","20.10","229820.05","SABD0002000011","AAV2.0.0.13","2.1.0.383","PSt7-10","171027-000","6/27/2018 9:55:33 AM","0000-00","0","no battery","V"
"08/23/2019","13:15:27","1","default","104940808","OXY1","39.444","min","171.531","μmol/L","Humid","21.218","deg","64094","µV","31.257","°C","1021.000","hPa","36.0","pmil","0","55.680","deg","20.000","°C","100.000","%a.s.","22.210","deg","20.000","°C","971.000","hPa","0.826","-0.01532","0.000401","-0.00012","0","11.08","Humid","26.60","0","20.10","229813.01","SABD0002000011","AAV2.0.0.13","2.1.0.383","PSt7-10","171027-000","6/27/2018 9:55:33 AM","0000-00","0","no battery","V"
"08/23/2019","13:15:28","1","default","104940808","OXY1","39.461","min","171.504","μmol/L","Humid","21.222","deg","64095","µV","31.251","°C","1021.000","hPa","36.0","pmil","0","55.680","deg","20.000","°C","100.000","%a.s.","22.210","deg","20.000","°C","971.000","hPa","0.826","-0.01532","0.000401","-0.00012","0","11.08","Humid","26.60","0","20.10","229815.89","SABD0002000011","AAV2.0.0.13","2.1.0.383","PSt7-10","171027-000","6/27/2018 9:55:33 AM","0000-00","0","no battery","V"
"08/23/2019","13:15:29","1","default","104940808","OXY1","39.477","min","171.516","μmol/L","Humid","21.219","deg","64094","µV","31.257","°C","1021.000","hPa","36.0","pmil","0","55.680","deg","20.000","°C","100.000","%a.s.","22.210","deg","20.000","°C","971.000","hPa","0.826","-0.01532","0.000401","-0.00012","0","11.08","Humid","26.60","0","20.10","229807.42","SABD0002000011","AAV2.0.0.13","2.1.0.383","PSt7-10","171027-000","6/27/2018 9:55:33 AM","0000-00","0","no battery","V"
"08/23/2019","13:15:30","1","default","104940808","OXY1","39.494","min","171.535","μmol/L","Humid","21.220","deg","64098","µV","31.251","°C","1021.000","hPa","36.0","pmil","0","55.680","deg","20.000","°C","100.000","%a.s.","22.210","deg","20.000","°C","971.000","hPa","0.826","-0.01532","0.000401","-0.00012","0","11.08","Humid","26.60","0","20.10","229805.40","SABD0002000011","AAV2.0.0.13","2.1.0.383","PSt7-10","171027-000","6/27/2018 9:55:33 AM","0000-00","0","no battery","V"
"08/23/2019","13:15:31","1","default","104940808","OXY1","39.510","min","171.440","μmol/L","Humid","21.224","deg","64104","µV","31.257","°C","1021.000","hPa","36.0","pmil","0","55.680","deg","20.000","°C","100.000","%a.s.","22.210","deg","20.000","°C","971.000","hPa","0.826","-0.01532","0.000401","-0.00012","0","11.08","Humid","26.60","0","20.10","229807.06","SABD0002000011","AAV2.0.0.13","2.1.0.383","PSt7-10","171027-000","6/27/2018 9:55:33 AM","0000-00","0","no battery","V"
"08/23/2019","13:15:32","1","default","104940808","OXY1","39.527","min","171.455","μmol/L","Humid","21.223","deg","64104","µV","31.257","°C","1021.000","hPa","36.0","pmil","0","55.680","deg","20.000","°C","100.000","%a.s.","22.210","deg","20.000","°C","971.000","hPa","0.826","-0.01532","0.000401","-0.00012","0","11.08","Humid","26.60","0","20.10","229813.95","SABD0002000011","AAV2.0.0.13","2.1.0.383","PSt7-10","171027-000","6/27/2018 9:55:33 AM","0000-00","0","no battery","V"
"08/23/2019","13:15:33","1","default","104940808","OXY1","39.544","min","171.452","μmol/L","Humid","21.221","deg","64110","µV","31.263","°C","1021.000","hPa","36.0","pmil","0","55.680","deg","20.000","°C","100.000","%a.s.","22.210","deg","20.000","°C","971.000","hPa","0.826","-0.01532","0.000401","-0.00012","0","11.08","Humid","26.60","0","20.10","229818.62","SABD0002000011","AAV2.0.0.13","2.1.0.383","PSt7-10","171027-000","6/27/2018 9:55:33 AM","0000-00","0","no battery","V"
"08/23/2019","13:15:34","1","default","104940808","OXY1","39.560","min","171.501","μmol/L","Humid","21.220","deg","64095","µV","31.257","°C","1021.000","hPa","36.0","pmil","0","55.680","deg","20.000","°C","100.000","%a.s.","22.210","deg","20.000","°C","971.000","hPa","0.826","-0.01532","0.000401","-0.00012","0","11.08","Humid","26.60","0","20.10","229806.76","SABD0002000011","AAV2.0.0.13","2.1.0.383","PSt7-10","171027-000","6/27/2018 9:55:33 AM","0000-00","0","no battery","V"
"08/23/2019","13:15:35","1","default","104940808","OXY1","39.577","min","171.425","μmol/L","Humid","21.225","deg","64099","µV","31.257","°C","1021.000","hPa","36.0","pmil","0","55.680","deg","20.000","°C","100.000","%a.s.","22.210","deg","20.000","°C","971.000","hPa","0.826","-0.01532","0.000401","-0.00012","0","11.08","Humid","26.60","0","20.10","229809.25","SABD0002000011","AAV2.0.0.13","2.1.0.383","PSt7-10","171027-000","6/27/2018 9:55:33 AM","0000-00","0","no battery","V"
"08/23/2019","13:15:36","1","default","104940808","OXY1","39.594","min","171.498","μmol/L","Humid","21.218","deg","64097","µV","31.263","°C","1021.000","hPa","36.0","pmil","0","55.680","deg","20.000","°C","100.000","%a.s.","22.210","deg","20.000","°C","971.000","hPa","0.826","-0.01532","0.000401","-0.00012","0","11.08","Humid","26.60","0","20.10","229807.77","SABD0002000011","AAV2.0.0.13","2.1.0.383","PSt7-10","171027-000","6/27/2018 9:55:33 AM","0000-00","0","no battery","V"
"08/23/2019","13:15:37","1","default","104940808","OXY1","39.611","min","171.482","μmol/L","Humid","21.219","deg","64097","µV","31.263","°C","1021.000","hPa","36.0","pmil","0","55.680","deg","20.000","°C","100.000","%a.s.","22.210","deg","20.000","°C","971.000","hPa","0.826","-0.01532","0.000401","-0.00012","0","11.08","Humid","26.60","0","20.10","229805.25","SABD0002000011","AAV2.0.0.13","2.1.0.383","PSt7-10","171027-000","6/27/2018 9:55:33 AM","0000-00","0","no battery","V"
"08/23/2019","13:15:38","1","default","104940808","OXY1","39.627","min","171.513","μmol/L","Humid","21.217","deg","64086","µV","31.263","°C","1021.000","hPa","36.0","pmil","0","55.680","deg","20.000","°C","100.000","%a.s.","22.210","deg","20.000","°C","971.000","hPa","0.826","-0.01532","0.000401","-0.00012","0","11.08","Humid","26.60","0","20.10","229802.58","SABD0002000011","AAV2.0.0.13","2.1.0.383","PSt7-10","171027-000","6/27/2018 9:55:33 AM","0000-00","0","no battery","V"
"08/23/2019","13:15:39","1","default","104940808","OXY1","39.644","min","171.452","μmol/L","Humid","21.221","deg","64090","µV","31.263","°C","1021.000","hPa","36.0","pmil","0","55.680","deg","20.000","°C","100.000","%a.s.","22.210","deg","20.000","°C","971.000","hPa","0.826","-0.01532","0.000401","-0.00012","0","11.08","Humid","26.60","0","20.10","229801.50","SABD0002000011","AAV2.0.0.13","2.1.0.383","PSt7-10","171027-000","6/27/2018 9:55:33 AM","0000-00","0","no battery","V"
"08/23/2019","13:15:40","1","default","104940808","OXY1","39.660","min","171.547","μmol/L","Humid","21.217","deg","64090","µV","31.257","°C","1021.000","hPa","36.0","pmil","0","55.680","deg","20.000","°C","100.000","%a.s.","22.210","deg","20.000","°C","971.000","hPa","0.826","-0.01532","0.000401","-0.00012","0","11.08","Humid","26.60","0","20.10","229800.39","SABD0002000011","AAV2.0.0.13","2.1.0.383","PSt7-10","171027-000","6/27/2018 9:55:33 AM","0000-00","0","no battery","V"
"08/23/2019","13:15:41","1","default","104940808","OXY1","39.677","min","171.513","μmol/L","Humid","21.217","deg","64093","µV","31.263","°C","1021.000","hPa","36.0","pmil","0","55.680","deg","20.000","°C","100.000","%a.s.","22.210","deg","20.000","°C","971.000","hPa","0.826","-0.01532","0.000401","-0.00012","0","11.08","Humid","26.60","0","20.10","229803.72","SABD0002000011","AAV2.0.0.13","2.1.0.383","PSt7-10","171027-000","6/27/2018 9:55:33 AM","0000-00","0","no battery","V"
"08/23/2019","13:15:42","1","default","104940808","OXY1","39.693","min","171.475","μmol/L","Humid","21.220","deg","64090","µV","31.263","°C","1022.000","hPa","36.0","pmil","0","55.680","deg","20.000","°C","100.000","%a.s.","22.210","deg","20.000","°C","971.000","hPa","0.826","-0.01532","0.000401","-0.00012","0","11.08","Humid","26.60","0","20.10","229796.48","SABD0002000011","AAV2.0.0.13","2.1.0.383","PSt7-10","171027-000","6/27/2018 9:55:33 AM","0000-00","0","no battery","V"
"08/23/2019","13:15:43","1","default","104940808","OXY1","39.710","min","171.577","μmol/L","Humid","21.215","deg","64097","µV","31.257","°C","1021.000","hPa","36.0","pmil","0","55.680","deg","20.000","°C","100.000","%a.s.","22.210","deg","20.000","°C","971.000","hPa","0.826","-0.01532","0.000401","-0.00012","0","11.08","Humid","26.60","0","20.10","229810.10","SABD0002000011","AAV2.0.0.13","2.1.0.383","PSt7-10","171027-000","6/27/2018 9:55:33 AM","0000-00","0","no battery","V"
"08/23/2019","13:15:44","1","default","104940808","OXY1","39.727","min","171.391","μmol/L","Humid","21.225","deg","64092","µV","31.263","°C","1021.000","hPa","36.0","pmil","0","55.680","deg","20.000","°C","100.000","%a.s.","22.210","deg","20.000","°C","971.000","hPa","0.826","-0.01532","0.000401","-0.00012","0","11.08","Humid","26.60","0","20.10","229800.78","SABD0002000011","AAV2.0.0.13","2.1.0.383","PSt7-10","171027-000","6/27/2018 9:55:33 AM","0000-00","0","no battery","V"
"08/23/2019","13:15:45","1","default","104940808","OXY1","39.744","min","171.501","μmol/L","Humid","21.220","deg","64087","µV","31.257","°C","1021.000","hPa","36.0","pmil","0","55.680","deg","20.000","°C","100.000","%a.s.","22.210","deg","20.000","°C","971.000","hPa","0.826","-0.01532","0.000401","-0.00012","0","11.08","Humid","26.60","0","20.10","229811.85","SABD0002000011","AAV2.0.0.13","2.1.0.383","PSt7-10","171027-000","6/27/2018 9:55:33 AM","0000-00","0","no battery","V"
"08/23/2019","13:15:46","1","default","104940808","OXY1","39.761","min","171.373","μmol/L","Humid","21.224","deg","64091","µV","31.269","°C","1021.000","hPa","36.0","pmil","0","55.680","deg","20.000","°C","100.000","%a.s.","22.210","deg","20.000","°C","971.000","hPa","0.826","-0.01532","0.000401","-0.00012","0","11.08","Humid","26.60","0","20.10","229806.95","SABD0002000011","AAV2.0.0.13","2.1.0.383","PSt7-10","171027-000","6/27/2018 9:55:33 AM","0000-00","0","no battery","V"
"08/23/2019","13:15:47","1","default","104940808","OXY1","39.777","min","171.449","μmol/L","Humid","21.219","deg","64085","µV","31.269","°C","1021.000","hPa","36.0","pmil","0","55.680","deg","20.000","°C","100.000","%a.s.","22.210","deg","20.000","°C","971.000","hPa","0.826","-0.01532","0.000401","-0.00012","0","11.08","Humid","26.60","0","20.10","229805.95","SABD0002000011","AAV2.0.0.13","2.1.0.383","PSt7-10","171027-000","6/27/2018 9:55:33 AM","0000-00","0","no battery","V"
"08/23/2019","13:15:48","1","default","104940808","OXY1","39.794","min","171.440","μmol/L","Humid","21.224","deg","64088","µV","31.257","°C","1021.000","hPa","36.0","pmil","0","55.680","deg","20.000","°C","100.000","%a.s.","22.210","deg","20.000","°C","971.000","hPa","0.826","-0.01532","0.000401","-0.00012","0","11.08","Humid","26.60","0","20.10","229802.01","SABD0002000011","AAV2.0.0.13","2.1.0.383","PSt7-10","171027-000","6/27/2018 9:55:33 AM","0000-00","0","no battery","V"
"08/23/2019","13:15:49","1","default","104940808","OXY1","39.811","min","171.472","μmol/L","Humid","21.218","deg","64082","µV","31.269","°C","1022.000","hPa","36.0","pmil","0","55.680","deg","20.000","°C","100.000","%a.s.","22.210","deg","20.000","°C","971.000","hPa","0.826","-0.01532","0.000401","-0.00012","0","11.08","Humid","26.60","0","20.10","229811.07","SABD0002000011","AAV2.0.0.13","2.1.0.383","PSt7-10","171027-000","6/27/2018 9:55:33 AM","0000-00","0","no battery","V"
"08/23/2019","13:15:50","1","default","104940808","OXY1","39.827","min","171.455","μmol/L","Humid","21.223","deg","64086","µV","31.257","°C","1021.000","hPa","36.0","pmil","0","55.680","deg","20.000","°C","100.000","%a.s.","22.210","deg","20.000","°C","971.000","hPa","0.826","-0.01532","0.000401","-0.00012","0","11.08","Humid","26.60","0","20.10","229806.73","SABD0002000011","AAV2.0.0.13","2.1.0.383","PSt7-10","171027-000","6/27/2018 9:55:33 AM","0000-00","0","no battery","V"
"08/23/2019","13:15:51","1","default","104940808","OXY1","39.843","min","171.467","μmol/L","Humid","21.220","deg","64087","µV","31.263","°C","1021.000","hPa","36.0","pmil","0","55.680","deg","20.000","°C","100.000","%a.s.","22.210","deg","20.000","°C","971.000","hPa","0.826","-0.01532","0.000401","-0.00012","0","11.08","Humid","26.60","0","20.10","229816.45","SABD0002000011","AAV2.0.0.13","2.1.0.383","PSt7-10","171027-000","6/27/2018 9:55:33 AM","0000-00","0","no battery","V"
"08/23/2019","13:15:52","1","default","104940808","OXY1","39.860","min","171.479","μmol/L","Humid","21.217","deg","64088","µV","31.269","°C","1021.000","hPa","36.0","pmil","0","55.680","deg","20.000","°C","100.000","%a.s.","22.210","deg","20.000","°C","971.000","hPa","0.826","-0.01532","0.000401","-0.00012","0","11.08","Humid","26.60","0","20.10","229804.74","SABD0002000011","AAV2.0.0.13","2.1.0.383","PSt7-10","171027-000","6/27/2018 9:55:33 AM","0000-00","0","no battery","V"
"08/23/2019","13:15:53","1","default","104940808","OXY1","39.877","min","171.354","μmol/L","Humid","21.223","deg","64088","µV","31.275","°C","1021.000","hPa","36.0","pmil","0","55.680","deg","20.000","°C","100.000","%a.s.","22.210","deg","20.000","°C","971.000","hPa","0.826","-0.01532","0.000401","-0.00012","0","11.08","Humid","26.60","0","20.10","229802.50","SABD0002000011","AAV2.0.0.13","2.1.0.383","PSt7-10","171027-000","6/27/2018 9:55:33 AM","0000-00","0","no battery","V"
"08/23/2019","13:15:54","1","default","104940808","OXY1","39.894","min","171.403","μmol/L","Humid","21.222","deg","64083","µV","31.269","°C","1021.000","hPa","36.0","pmil","0","55.680","deg","20.000","°C","100.000","%a.s.","22.210","deg","20.000","°C","971.000","hPa","0.826","-0.01532","0.000401","-0.00012","0","11.08","Humid","26.60","0","20.10","229796.98","SABD0002000011","AAV2.0.0.13","2.1.0.383","PSt7-10","171027-000","6/27/2018 9:55:33 AM","0000-00","0","no battery","V"
"08/23/2019","13:15:55","1","default","104940808","OXY1","39.911","min","171.426","μmol/L","Humid","21.221","deg","64084","µV","31.269","°C","1022.000","hPa","36.0","pmil","0","55.680","deg","20.000","°C","100.000","%a.s.","22.210","deg","20.000","°C","971.000","hPa","0.826","-0.01532","0.000401","-0.00012","0","11.08","Humid","26.60","0","20.10","229810.42","SABD0002000011","AAV2.0.0.13","2.1.0.383","PSt7-10","171027-000","6/27/2018 9:55:33 AM","0000-00","0","no battery","V"
"08/23/2019","13:15:56","1","default","104940808","OXY1","39.927","min","171.482","μmol/L","Humid","21.219","deg","64085","µV","31.263","°C","1021.000","hPa","36.0","pmil","0","55.680","deg","20.000","°C","100.000","%a.s.","22.210","deg","20.000","°C","971.000","hPa","0.826","-0.01532","0.000401","-0.00012","0","11.08","Humid","26.60","0","20.10","229805.82","SABD0002000011","AAV2.0.0.13","2.1.0.383","PSt7-10","171027-000","6/27/2018 9:55:33 AM","0000-00","0","no battery","V"
"08/23/2019","13:15:57","1","default","104940808","OXY1","39.943","min","171.376","μmol/L","Humid","21.226","deg","64087","µV","31.263","°C","1021.000","hPa","36.0","pmil","0","55.680","deg","20.000","°C","100.000","%a.s.","22.210","deg","20.000","°C","971.000","hPa","0.826","-0.01532","0.000401","-0.00012","0","11.08","Humid","26.60","0","20.10","229803.93","SABD0002000011","AAV2.0.0.13","2.1.0.383","PSt7-10","171027-000","6/27/2018 9:55:33 AM","0000-00","0","no battery","V"
"08/23/2019","13:15:58","1","default","104940808","OXY1","39.960","min","171.452","μmol/L","Humid","21.221","deg","64087","µV","31.263","°C","1021.000","hPa","36.0","pmil","0","55.680","deg","20.000","°C","100.000","%a.s.","22.210","deg","20.000","°C","971.000","hPa","0.826","-0.01532","0.000401","-0.00012","0","11.08","Humid","26.60","0","20.10","229814.63","SABD0002000011","AAV2.0.0.13","2.1.0.383","PSt7-10","171027-000","6/27/2018 9:55:33 AM","0000-00","0","no battery","V"
"08/23/2019","13:15:59","1","default","104940808","OXY1","39.977","min","171.391","μmol/L","Humid","21.225","deg","64093","µV","31.263","°C","1021.000","hPa","36.0","pmil","0","55.680","deg","20.000","°C","100.000","%a.s.","22.210","deg","20.000","°C","971.000","hPa","0.826","-0.01532","0.000401","-0.00012","0","11.08","Humid","26.60","0","20.10","229813.97","SABD0002000011","AAV2.0.0.13","2.1.0.383","PSt7-10","171027-000","6/27/2018 9:55:33 AM","0000-00","0","no battery","V"
"08/23/2019","13:16:00","1","default","104940808","OXY1","39.994","min","171.388","μmol/L","Humid","21.223","deg","64086","µV","31.269","°C","1021.000","hPa","36.0","pmil","0","55.680","deg","20.000","°C","100.000","%a.s.","22.210","deg","20.000","°C","971.000","hPa","0.826","-0.01532","0.000401","-0.00012","0","11.08","Humid","26.60","0","20.10","229805.75","SABD0002000011","AAV2.0.0.13","2.1.0.383","PSt7-10","171027-000","6/27/2018 9:55:33 AM","0000-00","0","no battery","V"
"08/23/2019","13:16:01","1","default","104940808","OXY1","40.010","min","171.482","μmol/L","Humid","21.219","deg","64081","µV","31.263","°C","1021.000","hPa","36.0","pmil","0","55.680","deg","20.000","°C","100.000","%a.s.","22.210","deg","20.000","°C","971.000","hPa","0.826","-0.01532","0.000401","-0.00012","0","11.08","Humid","26.60","0","20.10","229789.10","SABD0002000011","AAV2.0.0.13","2.1.0.383","PSt7-10","171027-000","6/27/2018 9:55:33 AM","0000-00","0","no battery","V"
"08/23/2019","13:16:02","1","default","104940808","OXY1","40.027","min","171.418","μmol/L","Humid","21.221","deg","64077","µV","31.269","°C","1021.000","hPa","36.0","pmil","0","55.680","deg","20.000","°C","100.000","%a.s.","22.210","deg","20.000","°C","971.000","hPa","0.826","-0.01532","0.000401","-0.00012","0","11.08","Humid","26.60","0","20.10","229794.67","SABD0002000011","AAV2.0.0.13","2.1.0.383","PSt7-10","171027-000","6/27/2018 9:55:33 AM","0000-00","0","no battery","V"
"08/23/2019","13:16:03","1","default","104940808","OXY1","40.044","min","171.365","μmol/L","Humid","21.225","deg","64077","µV","31.269","°C","1022.000","hPa","36.0","pmil","0","55.680","deg","20.000","°C","100.000","%a.s.","22.210","deg","20.000","°C","971.000","hPa","0.826","-0.01532","0.000401","-0.00012","0","11.08","Humid","26.60","0","20.10","229795.71","SABD0002000011","AAV2.0.0.13","2.1.0.383","PSt7-10","171027-000","6/27/2018 9:55:33 AM","0000-00","0","no battery","V"
"08/23/2019","13:16:04","1","default","104940808","OXY1","40.061","min","171.482","μmol/L","Humid","21.219","deg","64075","µV","31.263","°C","1021.000","hPa","36.0","pmil","0","55.680","deg","20.000","°C","100.000","%a.s.","22.210","deg","20.000","°C","971.000","hPa","0.826","-0.01532","0.000401","-0.00012","0","11.08","Humid","26.60","0","20.10","229798.95","SABD0002000011","AAV2.0.0.13","2.1.0.383","PSt7-10","171027-000","6/27/2018 9:55:33 AM","0000-00","0","no battery","V"
"08/23/2019","13:16:05","1","default","104940808","OXY1","40.077","min","171.460","μmol/L","Humid","21.221","deg","64070","µV","31.263","°C","1022.000","hPa","36.0","pmil","0","55.680","deg","20.000","°C","100.000","%a.s.","22.210","deg","20.000","°C","971.000","hPa","0.826","-0.01532","0.000401","-0.00012","0","11.08","Humid","26.60","0","20.10","229789.15","SABD0002000011","AAV2.0.0.13","2.1.0.383","PSt7-10","171027-000","6/27/2018 9:55:33 AM","0000-00","0","no battery","V"
"08/23/2019","13:16:06","1","default","104940808","OXY1","40.093","min","171.434","μmol/L","Humid","21.220","deg","64076","µV","31.269","°C","1021.000","hPa","36.0","pmil","0","55.680","deg","20.000","°C","100.000","%a.s.","22.210","deg","20.000","°C","971.000","hPa","0.826","-0.01532","0.000401","-0.00012","0","11.08","Humid","26.60","0","20.10","229791.52","SABD0002000011","AAV2.0.0.13","2.1.0.383","PSt7-10","171027-000","6/27/2018 9:55:33 AM","0000-00","0","no battery","V"
"08/23/2019","13:16:07","1","default","104940808","OXY1","40.110","min","171.460","μmol/L","Humid","21.221","deg","64075","µV","31.263","°C","1022.000","hPa","36.0","pmil","0","55.680","deg","20.000","°C","100.000","%a.s.","22.210","deg","20.000","°C","971.000","hPa","0.826","-0.01532","0.000401","-0.00012","0","11.08","Humid","26.60","0","20.10","229790.50","SABD0002000011","AAV2.0.0.13","2.1.0.383","PSt7-10","171027-000","6/27/2018 9:55:33 AM","0000-00","0","no battery","V"
"08/23/2019","13:16:08","1","default","104940808","OXY1","40.127","min","171.528","μmol/L","Humid","21.216","deg","64071","µV","31.263","°C","1021.000","hPa","36.0","pmil","0","55.680","deg","20.000","°C","100.000","%a.s.","22.210","deg","20.000","°C","971.000","hPa","0.826","-0.01532","0.000401","-0.00012","0","11.08","Humid","26.60","0","20.10","229801.59","SABD0002000011","AAV2.0.0.13","2.1.0.383","PSt7-10","171027-000","6/27/2018 9:55:33 AM","0000-00","0","no battery","V"
"08/23/2019","13:16:09","1","default","104940808","OXY1","40.143","min","171.543","μmol/L","Humid","21.215","deg","64070","µV","31.263","°C","1021.000","hPa","36.0","pmil","0","55.680","deg","20.000","°C","100.000","%a.s.","22.210","deg","20.000","°C","971.000","hPa","0.826","-0.01532","0.000401","-0.00012","0","11.08","Humid","26.60","0","20.10","229798.00","SABD0002000011","AAV2.0.0.13","2.1.0.383","PSt7-10","171027-000","6/27/2018 9:55:33 AM","0000-00","0","no battery","V"
"08/23/2019","13:16:10","1","default","104940808","OXY1","40.160","min","171.498","μmol/L","Humid","21.218","deg","64073","µV","31.263","°C","1021.000","hPa","36.0","pmil","0","55.680","deg","20.000","°C","100.000","%a.s.","22.210","deg","20.000","°C","971.000","hPa","0.826","-0.01532","0.000401","-0.00012","0","11.08","Humid","26.60","0","20.10","229794.21","SABD0002000011","AAV2.0.0.13","2.1.0.383","PSt7-10","171027-000","6/27/2018 9:55:33 AM","0000-00","0","no battery","V"
"08/23/2019","13:16:11","1","default","104940808","OXY1","40.177","min","171.437","μmol/L","Humid","21.222","deg","64070","µV","31.263","°C","1021.000","hPa","36.0","pmil","0","55.680","deg","20.000","°C","100.000","%a.s.","22.210","deg","20.000","°C","971.000","hPa","0.826","-0.01532","0.000401","-0.00012","0","11.08","Humid","26.60","0","20.10","229796.53","SABD0002000011","AAV2.0.0.13","2.1.0.383","PSt7-10","171027-000","6/27/2018 9:55:33 AM","0000-00","0","no battery","V"
"08/23/2019","13:16:12","1","default","104940808","OXY1","40.194","min","171.543","μmol/L","Humid","21.215","deg","64070","µV","31.263","°C","1021.000","hPa","36.0","pmil","0","55.680","deg","20.000","°C","100.000","%a.s.","22.210","deg","20.000","°C","971.000","hPa","0.826","-0.01532","0.000401","-0.00012","0","11.08","Humid","26.60","0","20.10","229789.28","SABD0002000011","AAV2.0.0.13","2.1.0.383","PSt7-10","171027-000","6/27/2018 9:55:33 AM","0000-00","0","no battery","V"
"08/23/2019","13:16:13","1","default","104940808","OXY1","40.211","min","171.543","μmol/L","Humid","21.215","deg","64067","µV","31.263","°C","1021.000","hPa","36.0","pmil","0","55.680","deg","20.000","°C","100.000","%a.s.","22.210","deg","20.000","°C","971.000","hPa","0.826","-0.01532","0.000401","-0.00012","0","11.08","Humid","26.60","0","20.10","229795.30","SABD0002000011","AAV2.0.0.13","2.1.0.383","PSt7-10","171027-000","6/27/2018 9:55:33 AM","0000-00","0","no battery","V"
"08/23/2019","13:16:14","1","default","104940808","OXY1","40.227","min","171.547","μmol/L","Humid","21.217","deg","64067","µV","31.257","°C","1021.000","hPa","36.0","pmil","0","55.680","deg","20.000","°C","100.000","%a.s.","22.210","deg","20.000","°C","971.000","hPa","0.826","-0.01532","0.000401","-0.00012","0","11.08","Humid","26.60","0","20.10","229797.64","SABD0002000011","AAV2.0.0.13","2.1.0.383","PSt7-10","171027-000","6/27/2018 9:55:33 AM","0000-00","0","no battery","V"
"08/23/2019","13:16:15","1","default","104940808","OXY1","40.244","min","171.373","μmol/L","Humid","21.224","deg","64069","µV","31.269","°C","1021.000","hPa","36.0","pmil","0","55.680","deg","20.000","°C","100.000","%a.s.","22.210","deg","20.000","°C","971.000","hPa","0.826","-0.01532","0.000401","-0.00012","0","11.08","Humid","26.60","0","20.10","229785.21","SABD0002000011","AAV2.0.0.13","2.1.0.383","PSt7-10","171027-000","6/27/2018 9:55:33 AM","0000-00","0","no battery","V"
"08/23/2019","13:16:16","1","default","104940808","OXY1","40.261","min","171.482","μmol/L","Humid","21.219","deg","64070","µV","31.263","°C","1021.000","hPa","36.0","pmil","0","55.680","deg","20.000","°C","100.000","%a.s.","22.210","deg","20.000","°C","971.000","hPa","0.826","-0.01532","0.000401","-0.00012","0","11.08","Humid","26.60","0","20.10","229788.48","SABD0002000011","AAV2.0.0.13","2.1.0.383","PSt7-10","171027-000","6/27/2018 9:55:33 AM","0000-00","0","no battery","V"
"08/23/2019","13:16:17","1","default","104940808","OXY1","40.277","min","171.516","μmol/L","Humid","21.219","deg","64071","µV","31.257","°C","1021.000","hPa","36.0","pmil","0","55.680","deg","20.000","°C","100.000","%a.s.","22.210","deg","20.000","°C","971.000","hPa","0.826","-0.01532","0.000401","-0.00012","0","11.08","Humid","26.60","0","20.10","229782.41","SABD0002000011","AAV2.0.0.13","2.1.0.383","PSt7-10","171027-000","6/27/2018 9:55:33 AM","0000-00","0","no battery","V"
"08/23/2019","13:16:18","1","default","104940808","OXY1","40.293","min","171.434","μmol/L","Humid","21.220","deg","64066","µV","31.269","°C","1021.000","hPa","36.0","pmil","0","55.680","deg","20.000","°C","100.000","%a.s.","22.210","deg","20.000","°C","971.000","hPa","0.826","-0.01532","0.000401","-0.00012","0","11.08","Humid","26.60","0","20.10","229797.23","SABD0002000011","AAV2.0.0.13","2.1.0.383","PSt7-10","171027-000","6/27/2018 9:55:33 AM","0000-00","0","no battery","V"
"08/23/2019","13:16:19","1","default","104940808","OXY1","40.310","min","171.498","μmol/L","Humid","21.218","deg","64066","µV","31.263","°C","1021.000","hPa","36.0","pmil","0","55.680","deg","20.000","°C","100.000","%a.s.","22.210","deg","20.000","°C","971.000","hPa","0.826","-0.01532","0.000401","-0.00012","0","11.08","Humid","26.60","0","20.10","229788.41","SABD0002000011","AAV2.0.0.13","2.1.0.383","PSt7-10","171027-000","6/27/2018 9:55:33 AM","0000-00","0","no battery","V"
"08/23/2019","13:16:20","1","default","104940808","OXY1","40.327","min","171.498","μmol/L","Humid","21.218","deg","64075","µV","31.263","°C","1021.000","hPa","36.0","pmil","0","55.680","deg","20.000","°C","100.000","%a.s.","22.210","deg","20.000","°C","971.000","hPa","0.826","-0.01532","0.000401","-0.00012","0","11.08","Humid","26.60","0","20.10","229796.86","SABD0002000011","AAV2.0.0.13","2.1.0.383","PSt7-10","171027-000","6/27/2018 9:55:33 AM","0000-00","0","no battery","V"
"08/23/2019","13:16:21","1","default","104940808","OXY1","40.343","min","171.452","μmol/L","Humid","21.221","deg","64070","µV","31.263","°C","1021.000","hPa","36.0","pmil","0","55.680","deg","20.000","°C","100.000","%a.s.","22.210","deg","20.000","°C","971.000","hPa","0.826","-0.01532","0.000401","-0.00012","0","11.08","Humid","26.60","0","20.10","229778.40","SABD0002000011","AAV2.0.0.13","2.1.0.383","PSt7-10","171027-000","6/27/2018 9:55:33 AM","0000-00","0","no battery","V"
"08/23/2019","13:16:22","1","default","104940808","OXY1","40.360","min","171.449","μmol/L","Humid","21.219","deg","64072","µV","31.269","°C","1021.000","hPa","36.0","pmil","0","55.680","deg","20.000","°C","100.000","%a.s.","22.210","deg","20.000","°C","971.000","hPa","0.826","-0.01532","0.000401","-0.00012","0","11.08","Humid","26.60","0","20.10","229795.26","SABD0002000011","AAV2.0.0.13","2.1.0.383","PSt7-10","171027-000","6/27/2018 9:55:33 AM","0000-00","0","no battery","V"
"08/23/2019","13:16:23","1","default","104940808","OXY1","40.377","min","171.528","μmol/L","Humid","21.216","deg","64064","µV","31.263","°C","1021.000","hPa","36.0","pmil","0","55.680","deg","20.000","°C","100.000","%a.s.","22.210","deg","20.000","°C","971.000","hPa","0.826","-0.01532","0.000401","-0.00012","0","11.08","Humid","26.60","0","20.10","229790.49","SABD0002000011","AAV2.0.0.13","2.1.0.383","PSt7-10","171027-000","6/27/2018 9:55:33 AM","0000-00","0","no battery","V"
"08/23/2019","13:16:24","1","default","104940808","OXY1","40.394","min","171.501","μmol/L","Humid","21.220","deg","64064","µV","31.257","°C","1021.000","hPa","36.0","pmil","0","55.680","deg","20.000","°C","100.000","%a.s.","22.210","deg","20.000","°C","971.000","hPa","0.826","-0.01532","0.000401","-0.00012","0","11.08","Humid","26.60","0","20.10","229782.55","SABD0002000011","AAV2.0.0.13","2.1.0.383","PSt7-10","171027-000","6/27/2018 9:55:33 AM","0000-00","0","no battery","V"
"08/23/2019","13:16:25","1","default","104940808","OXY1","40.410","min","171.467","μmol/L","Humid","21.220","deg","64070","µV","31.263","°C","1021.000","hPa","36.0","pmil","0","55.680","deg","20.000","°C","100.000","%a.s.","22.210","deg","20.000","°C","971.000","hPa","0.826","-0.01532","0.000401","-0.00012","0","11.08","Humid","26.60","0","20.10","229793.82","SABD0002000011","AAV2.0.0.13","2.1.0.383","PSt7-10","171027-000","6/27/2018 9:55:33 AM","0000-00","0","no battery","V"
"08/23/2019","13:16:26","1","default","104940808","OXY1","40.427","min","171.479","μmol/L","Humid","21.217","deg","64070","µV","31.269","°C","1021.000","hPa","36.0","pmil","0","55.680","deg","20.000","°C","100.000","%a.s.","22.210","deg","20.000","°C","971.000","hPa","0.826","-0.01532","0.000401","-0.00012","0","11.08","Humid","26.60","0","20.10","229786.89","SABD0002000011","AAV2.0.0.13","2.1.0.383","PSt7-10","171027-000","6/27/2018 9:55:33 AM","0000-00","0","no battery","V"
"08/23/2019","13:16:27","1","default","104940808","OXY1","40.444","min","171.528","μmol/L","Humid","21.216","deg","64066","µV","31.263","°C","1021.000","hPa","36.0","pmil","0","55.680","deg","20.000","°C","100.000","%a.s.","22.210","deg","20.000","°C","971.000","hPa","0.826","-0.01532","0.000401","-0.00012","0","11.08","Humid","26.60","0","20.10","229784.59","SABD0002000011","AAV2.0.0.13","2.1.0.383","PSt7-10","171027-000","6/27/2018 9:55:33 AM","0000-00","0","no battery","V"
"08/23/2019","13:16:28","1","default","104940808","OXY1","40.461","min","171.449","μmol/L","Humid","21.219","deg","64066","µV","31.269","°C","1021.000","hPa","36.0","pmil","0","55.680","deg","20.000","°C","100.000","%a.s.","22.210","deg","20.000","°C","971.000","hPa","0.826","-0.01532","0.000401","-0.00012","0","11.08","Humid","26.60","0","20.10","229796.60","SABD0002000011","AAV2.0.0.13","2.1.0.383","PSt7-10","171027-000","6/27/2018 9:55:33 AM","0000-00","0","no battery","V"
"08/23/2019","13:16:29","1","default","104940808","OXY1","40.477","min","171.396","μmol/L","Humid","21.223","deg","64068","µV","31.269","°C","1022.000","hPa","36.0","pmil","0","55.680","deg","20.000","°C","100.000","%a.s.","22.210","deg","20.000","°C","971.000","hPa","0.826","-0.01532","0.000401","-0.00012","0","11.08","Humid","26.60","0","20.10","229788.26","SABD0002000011","AAV2.0.0.13","2.1.0.383","PSt7-10","171027-000","6/27/2018 9:55:33 AM","0000-00","0","no battery","V"
"08/23/2019","13:16:30","1","default","104940808","OXY1","40.493","min","171.528","μmol/L","Humid","21.216","deg","64065","µV","31.263","°C","1021.000","hPa","36.0","pmil","0","55.680","deg","20.000","°C","100.000","%a.s.","22.210","deg","20.000","°C","971.000","hPa","0.826","-0.01532","0.000401","-0.00012","0","11.08","Humid","26.60","0","20.10","229780.23","SABD0002000011","AAV2.0.0.13","2.1.0.383","PSt7-10","171027-000","6/27/2018 9:55:33 AM","0000-00","0","no battery","V"
"08/23/2019","13:16:31","1","default","104940808","OXY1","40.510","min","171.510","μmol/L","Humid","21.215","deg","64067","µV","31.269","°C","1021.000","hPa","36.0","pmil","0","55.680","deg","20.000","°C","100.000","%a.s.","22.210","deg","20.000","°C","971.000","hPa","0.826","-0.01532","0.000401","-0.00012","0","11.08","Humid","26.60","0","20.10","229794.80","SABD0002000011","AAV2.0.0.13","2.1.0.383","PSt7-10","171027-000","6/27/2018 9:55:33 AM","0000-00","0","no battery","V"
"08/23/2019","13:16:32","1","default","104940808","OXY1","40.527","min","171.437","μmol/L","Humid","21.222","deg","64068","µV","31.263","°C","1021.000","hPa","36.0","pmil","0","55.680","deg","20.000","°C","100.000","%a.s.","22.210","deg","20.000","°C","971.000","hPa","0.826","-0.01532","0.000401","-0.00012","0","11.08","Humid","26.60","0","20.10","229787.97","SABD0002000011","AAV2.0.0.13","2.1.0.383","PSt7-10","171027-000","6/27/2018 9:55:33 AM","0000-00","0","no battery","V"
"08/23/2019","13:16:33","1","default","104940808","OXY1","40.544","min","171.559","μmol/L","Humid","21.214","deg","64064","µV","31.263","°C","1021.000","hPa","36.0","pmil","0","55.680","deg","20.000","°C","100.000","%a.s.","22.210","deg","20.000","°C","971.000","hPa","0.826","-0.01532","0.000401","-0.00012","0","11.08","Humid","26.60","0","20.10","229793.75","SABD0002000011","AAV2.0.0.13","2.1.0.383","PSt7-10","171027-000","6/27/2018 9:55:33 AM","0000-00","0","no battery","V"
"08/23/2019","13:16:34","1","default","104940808","OXY1","40.560","min","171.358","μmol/L","Humid","21.225","deg","64065","µV","31.269","°C","1021.000","hPa","36.0","pmil","0","55.680","deg","20.000","°C","100.000","%a.s.","22.210","deg","20.000","°C","971.000","hPa","0.826","-0.01532","0.000401","-0.00012","0","11.08","Humid","26.60","0","20.10","229787.14","SABD0002000011","AAV2.0.0.13","2.1.0.383","PSt7-10","171027-000","6/27/2018 9:55:33 AM","0000-00","0","no battery","V"
"08/23/2019","13:16:35","1","default","104940808","OXY1","40.577","min","171.403","μmol/L","Humid","21.222","deg","64067","µV","31.269","°C","1021.000","hPa","36.0","pmil","0","55.680","deg","20.000","°C","100.000","%a.s.","22.210","deg","20.000","°C","971.000","hPa","0.826","-0.01532","0.000401","-0.00012","0","11.08","Humid","26.60","0","20.10","229779.16","SABD0002000011","AAV2.0.0.13","2.1.0.383","PSt7-10","171027-000","6/27/2018 9:55:33 AM","0000-00","0","no battery","V"
"08/23/2019","13:16:36","1","default","104940808","OXY1","40.594","min","171.464","μmol/L","Humid","21.218","deg","64064","µV","31.269","°C","1021.000","hPa","36.0","pmil","0","55.680","deg","20.000","°C","100.000","%a.s.","22.210","deg","20.000","°C","971.000","hPa","0.826","-0.01532","0.000401","-0.00012","0","11.08","Humid","26.60","0","20.10","229784.18","SABD0002000011","AAV2.0.0.13","2.1.0.383","PSt7-10","171027-000","6/27/2018 9:55:33 AM","0000-00","0","no battery","V"
"08/23/2019","13:16:37","1","default","104940808","OXY1","40.611","min","171.467","μmol/L","Humid","21.220","deg","64070","µV","31.263","°C","1021.000","hPa","36.0","pmil","0","55.680","deg","20.000","°C","100.000","%a.s.","22.210","deg","20.000","°C","971.000","hPa","0.826","-0.01532","0.000401","-0.00012","0","11.08","Humid","26.60","0","20.10","229784.51","SABD0002000011","AAV2.0.0.13","2.1.0.383","PSt7-10","171027-000","6/27/2018 9:55:33 AM","0000-00","0","no battery","V"
"08/23/2019","13:16:38","1","default","104940808","OXY1","40.627","min","171.418","μmol/L","Humid","21.221","deg","64063","µV","31.269","°C","1021.000","hPa","36.0","pmil","0","55.680","deg","20.000","°C","100.000","%a.s.","22.210","deg","20.000","°C","971.000","hPa","0.826","-0.01532","0.000401","-0.00012","0","11.08","Humid","26.60","0","20.10","229772.03","SABD0002000011","AAV2.0.0.13","2.1.0.383","PSt7-10","171027-000","6/27/2018 9:55:33 AM","0000-00","0","no battery","V"
"08/23/2019","13:16:39","1","default","104940808","OXY1","40.644","min","171.358","μmol/L","Humid","21.225","deg","64067","µV","31.269","°C","1021.000","hPa","36.0","pmil","0","55.680","deg","20.000","°C","100.000","%a.s.","22.210","deg","20.000","°C","971.000","hPa","0.826","-0.01532","0.000401","-0.00012","0","11.08","Humid","26.60","0","20.10","229786.33","SABD0002000011","AAV2.0.0.13","2.1.0.383","PSt7-10","171027-000","6/27/2018 9:55:33 AM","0000-00","0","no battery","V"
"08/23/2019","13:16:40","1","default","104940808","OXY1","40.661","min","171.440","μmol/L","Humid","21.224","deg","64058","µV","31.257","°C","1021.000","hPa","36.0","pmil","0","55.680","deg","20.000","°C","100.000","%a.s.","22.210","deg","20.000","°C","971.000","hPa","0.826","-0.01532","0.000401","-0.00012","0","11.08","Humid","26.60","0","20.10","229780.54","SABD0002000011","AAV2.0.0.13","2.1.0.383","PSt7-10","171027-000","6/27/2018 9:55:33 AM","0000-00","0","no battery","V"
"08/23/2019","13:16:41","1","default","104940808","OXY1","40.677","min","171.403","μmol/L","Humid","21.222","deg","64065","µV","31.269","°C","1021.000","hPa","36.0","pmil","0","55.680","deg","20.000","°C","100.000","%a.s.","22.210","deg","20.000","°C","971.000","hPa","0.826","-0.01532","0.000401","-0.00012","0","11.08","Humid","26.60","0","20.10","229764.65","SABD0002000011","AAV2.0.0.13","2.1.0.383","PSt7-10","171027-000","6/27/2018 9:55:33 AM","0000-00","0","no battery","V"
"08/23/2019","13:16:42","1","default","104940808","OXY1","40.694","min","171.373","μmol/L","Humid","21.224","deg","64069","µV","31.269","°C","1021.000","hPa","36.0","pmil","0","55.680","deg","20.000","°C","100.000","%a.s.","22.210","deg","20.000","°C","971.000","hPa","0.826","-0.01532","0.000401","-0.00012","0","11.08","Humid","26.60","0","20.10","229764.15","SABD0002000011","AAV2.0.0.13","2.1.0.383","PSt7-10","171027-000","6/27/2018 9:55:33 AM","0000-00","0","no battery","V"
"08/23/2019","13:16:43","1","default","104940808","OXY1","40.711","min","171.449","μmol/L","Humid","21.219","deg","64064","µV","31.269","°C","1021.000","hPa","36.0","pmil","0","55.680","deg","20.000","°C","100.000","%a.s.","22.210","deg","20.000","°C","971.000","hPa","0.826","-0.01532","0.000401","-0.00012","0","11.08","Humid","26.60","0","20.10","229776.72","SABD0002000011","AAV2.0.0.13","2.1.0.383","PSt7-10","171027-000","6/27/2018 9:55:33 AM","0000-00","0","no battery","V"
"08/23/2019","13:16:44","1","default","104940808","OXY1","40.727","min","171.479","μmol/L","Humid","21.217","deg","64065","µV","31.269","°C","1021.000","hPa","36.0","pmil","0","55.680","deg","20.000","°C","100.000","%a.s.","22.210","deg","20.000","°C","971.000","hPa","0.826","-0.01532","0.000401","-0.00012","0","11.08","Humid","26.60","0","20.10","229767.61","SABD0002000011","AAV2.0.0.13","2.1.0.383","PSt7-10","171027-000","6/27/2018 9:55:33 AM","0000-00","0","no battery","V"
"08/23/2019","13:16:45","1","default","104940808","OXY1","40.743","min","171.434","μmol/L","Humid","21.220","deg","64053","µV","31.269","°C","1021.000","hPa","36.0","pmil","0","55.680","deg","20.000","°C","100.000","%a.s.","22.210","deg","20.000","°C","971.000","hPa","0.826","-0.01532","0.000401","-0.00012","0","11.08","Humid","26.60","0","20.10","229781.98","SABD0002000011","AAV2.0.0.13","2.1.0.383","PSt7-10","171027-000","6/27/2018 9:55:33 AM","0000-00","0","no battery","V"
"08/23/2019","13:16:46","1","default","104940808","OXY1","40.760","min","171.354","μmol/L","Humid","21.223","deg","64056","µV","31.275","°C","1021.000","hPa","36.0","pmil","0","55.680","deg","20.000","°C","100.000","%a.s.","22.210","deg","20.000","°C","971.000","hPa","0.826","-0.01532","0.000401","-0.00012","0","11.08","Humid","26.60","0","20.10","229779.82","SABD0002000011","AAV2.0.0.13","2.1.0.383","PSt7-10","171027-000","6/27/2018 9:55:33 AM","0000-00","0","no battery","V"
"08/23/2019","13:16:47","1","default","104940808","OXY1","40.777","min","171.297","μmol/L","Humid","21.229","deg","64060","µV","31.269","°C","1021.000","hPa","36.0","pmil","0","55.680","deg","20.000","°C","100.000","%a.s.","22.210","deg","20.000","°C","971.000","hPa","0.826","-0.01532","0.000401","-0.00012","0","11.08","Humid","26.60","0","20.10","229782.41","SABD0002000011","AAV2.0.0.13","2.1.0.383","PSt7-10","171027-000","6/27/2018 9:55:33 AM","0000-00","0","no battery","V"
"08/23/2019","13:16:48","1","default","104940808","OXY1","40.794","min","171.452","μmol/L","Humid","21.221","deg","64051","µV","31.263","°C","1021.000","hPa","36.0","pmil","0","55.680","deg","20.000","°C","100.000","%a.s.","22.210","deg","20.000","°C","971.000","hPa","0.826","-0.01532","0.000401","-0.00012","0","11.08","Humid","26.60","0","20.10","229769.21","SABD0002000011","AAV2.0.0.13","2.1.0.383","PSt7-10","171027-000","6/27/2018 9:55:33 AM","0000-00","0","no battery","V"
"08/23/2019","13:16:49","1","default","104940808","OXY1","40.810","min","171.388","μmol/L","Humid","21.223","deg","64049","µV","31.269","°C","1021.000","hPa","36.0","pmil","0","55.680","deg","20.000","°C","100.000","%a.s.","22.210","deg","20.000","°C","971.000","hPa","0.826","-0.01532","0.000401","-0.00012","0","11.08","Humid","26.60","0","20.10","229767.24","SABD0002000011","AAV2.0.0.13","2.1.0.383","PSt7-10","171027-000","6/27/2018 9:55:33 AM","0000-00","0","no battery","V"
"08/23/2019","13:16:50","1","default","104940808","OXY1","40.827","min","171.434","μmol/L","Humid","21.220","deg","64053","µV","31.269","°C","1021.000","hPa","36.0","pmil","0","55.680","deg","20.000","°C","100.000","%a.s.","22.210","deg","20.000","°C","971.000","hPa","0.826","-0.01532","0.000401","-0.00012","0","11.08","Humid","26.60","0","20.10","229775.67","SABD0002000011","AAV2.0.0.13","2.1.0.383","PSt7-10","171027-000","6/27/2018 9:55:33 AM","0000-00","0","no battery","V"
"08/23/2019","13:16:51","1","default","104940808","OXY1","40.844","min","171.422","μmol/L","Humid","21.223","deg","64048","µV","31.263","°C","1021.000","hPa","36.0","pmil","0","55.680","deg","20.000","°C","100.000","%a.s.","22.210","deg","20.000","°C","971.000","hPa","0.826","-0.01532","0.000401","-0.00012","0","11.08","Humid","26.60","0","20.10","229771.57","SABD0002000011","AAV2.0.0.13","2.1.0.383","PSt7-10","171027-000","6/27/2018 9:55:33 AM","0000-00","0","no battery","V"
"08/23/2019","13:16:52","1","default","104940808","OXY1","40.860","min","171.528","μmol/L","Humid","21.216","deg","64053","µV","31.263","°C","1021.000","hPa","36.0","pmil","0","55.680","deg","20.000","°C","100.000","%a.s.","22.210","deg","20.000","°C","971.000","hPa","0.826","-0.01532","0.000401","-0.00012","0","11.08","Humid","26.60","0","20.10","229770.13","SABD0002000011","AAV2.0.0.13","2.1.0.383","PSt7-10","171027-000","6/27/2018 9:55:33 AM","0000-00","0","no battery","V"
"08/23/2019","13:16:53","1","default","104940808","OXY1","40.877","min","171.388","μmol/L","Humid","21.223","deg","64052","µV","31.269","°C","1021.000","hPa","36.0","pmil","0","55.680","deg","20.000","°C","100.000","%a.s.","22.210","deg","20.000","°C","971.000","hPa","0.826","-0.01532","0.000401","-0.00012","0","11.08","Humid","26.60","0","20.10","229769.12","SABD0002000011","AAV2.0.0.13","2.1.0.383","PSt7-10","171027-000","6/27/2018 9:55:33 AM","0000-00","0","no battery","V"
"08/23/2019","13:16:54","1","default","104940808","OXY1","40.894","min","171.449","μmol/L","Humid","21.219","deg","64040","µV","31.269","°C","1021.000","hPa","36.0","pmil","0","55.680","deg","20.000","°C","100.000","%a.s.","22.210","deg","20.000","°C","971.000","hPa","0.826","-0.01532","0.000401","-0.00012","0","11.08","Humid","26.60","0","20.10","229768.56","SABD0002000011","AAV2.0.0.13","2.1.0.383","PSt7-10","171027-000","6/27/2018 9:55:33 AM","0000-00","0","no battery","V"
"08/23/2019","13:16:55","1","default","104940808","OXY1","40.911","min","171.543","μmol/L","Humid","21.215","deg","64046","µV","31.263","°C","1021.000","hPa","36.0","pmil","0","55.680","deg","20.000","°C","100.000","%a.s.","22.210","deg","20.000","°C","971.000","hPa","0.826","-0.01532","0.000401","-0.00012","0","11.08","Humid","26.60","0","20.10","229762.67","SABD0002000011","AAV2.0.0.13","2.1.0.383","PSt7-10","171027-000","6/27/2018 9:55:33 AM","0000-00","0","no battery","V"
"08/23/2019","13:16:56","1","default","104940808","OXY1","40.927","min","171.547","μmol/L","Humid","21.217","deg","64047","µV","31.257","°C","1021.000","hPa","36.0","pmil","0","55.680","deg","20.000","°C","100.000","%a.s.","22.210","deg","20.000","°C","971.000","hPa","0.826","-0.01532","0.000401","-0.00012","0","11.08","Humid","26.60","0","20.10","229766.47","SABD0002000011","AAV2.0.0.13","2.1.0.383","PSt7-10","171027-000","6/27/2018 9:55:33 AM","0000-00","0","no battery","V"
"08/23/2019","13:16:57","1","default","104940808","OXY1","40.943","min","171.434","μmol/L","Humid","21.220","deg","64039","µV","31.269","°C","1021.000","hPa","36.0","pmil","0","55.680","deg","20.000","°C","100.000","%a.s.","22.210","deg","20.000","°C","971.000","hPa","0.826","-0.01532","0.000401","-0.00012","0","11.08","Humid","26.60","0","20.10","229756.80","SABD0002000011","AAV2.0.0.13","2.1.0.383","PSt7-10","171027-000","6/27/2018 9:55:33 AM","0000-00","0","no battery","V"
"08/23/2019","13:16:58","1","default","104940808","OXY1","40.960","min","171.418","μmol/L","Humid","21.221","deg","64046","µV","31.269","°C","1021.000","hPa","36.0","pmil","0","55.680","deg","20.000","°C","100.000","%a.s.","22.210","deg","20.000","°C","971.000","hPa","0.826","-0.01532","0.000401","-0.00012","0","11.08","Humid","26.60","0","20.10","229766.69","SABD0002000011","AAV2.0.0.13","2.1.0.383","PSt7-10","171027-000","6/27/2018 9:55:33 AM","0000-00","0","no battery","V"
"08/23/2019","13:16:59","1","default","104940808","OXY1","40.977","min","171.494","μmol/L","Humid","21.216","deg","64047","µV","31.269","°C","1021.000","hPa","36.0","pmil","0","55.680","deg","20.000","°C","100.000","%a.s.","22.210","deg","20.000","°C","971.000","hPa","0.826","-0.01532","0.000401","-0.00012","0","11.08","Humid","26.60","0","20.10","229759.21","SABD0002000011","AAV2.0.0.13","2.1.0.383","PSt7-10","171027-000","6/27/2018 9:55:33 AM","0000-00","0","no battery","V"
"08/23/2019","13:17:00","1","default","104940808","OXY1","40.993","min","171.396","μmol/L","Humid","21.223","deg","64044","µV","31.269","°C","1022.000","hPa","36.0","pmil","0","55.680","deg","20.000","°C","100.000","%a.s.","22.210","deg","20.000","°C","971.000","hPa","0.826","-0.01532","0.000401","-0.00012","0","11.08","Humid","26.60","0","20.10","229761.70","SABD0002000011","AAV2.0.0.13","2.1.0.383","PSt7-10","171027-000","6/27/2018 9:55:33 AM","0000-00","0","no battery","V"
"08/23/2019","13:17:01","1","default","104940808","OXY1","41.010","min","171.385","μmol/L","Humid","21.221","deg","64041","µV","31.275","°C","1021.000","hPa","36.0","pmil","0","55.680","deg","20.000","°C","100.000","%a.s.","22.210","deg","20.000","°C","971.000","hPa","0.826","-0.01532","0.000401","-0.00012","0","11.08","Humid","26.60","0","20.10","229782.03","SABD0002000011","AAV2.0.0.13","2.1.0.383","PSt7-10","171027-000","6/27/2018 9:55:33 AM","0000-00","0","no battery","V"
"08/23/2019","13:17:02","1","default","104940808","OXY1","41.027","min","171.358","μmol/L","Humid","21.225","deg","64055","µV","31.269","°C","1021.000","hPa","36.0","pmil","0","55.680","deg","20.000","°C","100.000","%a.s.","22.210","deg","20.000","°C","971.000","hPa","0.826","-0.01532","0.000401","-0.00012","0","11.08","Humid","26.60","0","20.10","229780.87","SABD0002000011","AAV2.0.0.13","2.1.0.383","PSt7-10","171027-000","6/27/2018 9:55:33 AM","0000-00","0","no battery","V"
"08/23/2019","13:17:03","1","default","104940808","OXY1","41.044","min","171.411","μmol/L","Humid","21.222","deg","64043","µV","31.269","°C","1022.000","hPa","36.0","pmil","0","55.680","deg","20.000","°C","100.000","%a.s.","22.210","deg","20.000","°C","971.000","hPa","0.826","-0.01532","0.000401","-0.00012","0","11.08","Humid","26.60","0","20.10","229780.35","SABD0002000011","AAV2.0.0.13","2.1.0.383","PSt7-10","171027-000","6/27/2018 9:55:33 AM","0000-00","0","no battery","V"
"08/23/2019","13:17:04","1","default","104940808","OXY1","41.060","min","171.373","μmol/L","Humid","21.224","deg","64047","µV","31.269","°C","1021.000","hPa","36.0","pmil","0","55.680","deg","20.000","°C","100.000","%a.s.","22.210","deg","20.000","°C","971.000","hPa","0.826","-0.01532","0.000401","-0.00012","0","11.08","Humid","26.60","0","20.10","229779.58","SABD0002000011","AAV2.0.0.13","2.1.0.383","PSt7-10","171027-000","6/27/2018 9:55:33 AM","0000-00","0","no battery","V"
"08/23/2019","13:17:05","1","default","104940808","OXY1","41.077","min","171.406","μmol/L","Humid","21.224","deg","64053","µV","31.263","°C","1021.000","hPa","36.0","pmil","0","55.680","deg","20.000","°C","100.000","%a.s.","22.210","deg","20.000","°C","971.000","hPa","0.826","-0.01532","0.000401","-0.00012","0","11.08","Humid","26.60","0","20.10","229781.62","SABD0002000011","AAV2.0.0.13","2.1.0.383","PSt7-10","171027-000","6/27/2018 9:55:33 AM","0000-00","0","no battery","V"
"08/23/2019","13:17:06","1","default","104940808","OXY1","41.094","min","171.422","μmol/L","Humid","21.223","deg","64050","µV","31.263","°C","1021.000","hPa","36.0","pmil","0","55.680","deg","20.000","°C","100.000","%a.s.","22.210","deg","20.000","°C","971.000","hPa","0.826","-0.01532","0.000401","-0.00012","0","11.08","Humid","26.60","0","20.10","229772.60","SABD0002000011","AAV2.0.0.13","2.1.0.383","PSt7-10","171027-000","6/27/2018 9:55:33 AM","0000-00","0","no battery","V"
"08/23/2019","13:17:07","1","default","104940808","OXY1","41.111","min","171.354","μmol/L","Humid","21.223","deg","64056","µV","31.275","°C","1021.000","hPa","36.0","pmil","0","55.680","deg","20.000","°C","100.000","%a.s.","22.210","deg","20.000","°C","971.000","hPa","0.826","-0.01532","0.000401","-0.00012","0","11.08","Humid","26.60","0","20.10","229771.04","SABD0002000011","AAV2.0.0.13","2.1.0.383","PSt7-10","171027-000","6/27/2018 9:55:33 AM","0000-00","0","no battery","V"
"08/23/2019","13:17:08","1","default","104940808","OXY1","41.127","min","171.373","μmol/L","Humid","21.224","deg","64050","µV","31.269","°C","1021.000","hPa","36.0","pmil","0","55.680","deg","20.000","°C","100.000","%a.s.","22.210","deg","20.000","°C","971.000","hPa","0.826","-0.01532","0.000401","-0.00012","0","11.08","Humid","26.60","0","20.10","229778.25","SABD0002000011","AAV2.0.0.13","2.1.0.383","PSt7-10","171027-000","6/27/2018 9:55:33 AM","0000-00","0","no battery","V"
"08/23/2019","13:17:09","1","default","104940808","OXY1","41.143","min","171.373","μmol/L","Humid","21.224","deg","64049","µV","31.269","°C","1021.000","hPa","36.0","pmil","0","55.680","deg","20.000","°C","100.000","%a.s.","22.210","deg","20.000","°C","971.000","hPa","0.826","-0.01532","0.000401","-0.00012","0","11.08","Humid","26.60","0","20.10","229776.60","SABD0002000011","AAV2.0.0.13","2.1.0.383","PSt7-10","171027-000","6/27/2018 9:55:33 AM","0000-00","0","no battery","V"
"08/23/2019","13:17:10","1","default","104940808","OXY1","41.160","min","171.399","μmol/L","Humid","21.225","deg","64053","µV","31.263","°C","1022.000","hPa","36.0","pmil","0","55.680","deg","20.000","°C","100.000","%a.s.","22.210","deg","20.000","°C","971.000","hPa","0.826","-0.01532","0.000401","-0.00012","0","11.08","Humid","26.60","0","20.10","229761.44","SABD0002000011","AAV2.0.0.13","2.1.0.383","PSt7-10","171027-000","6/27/2018 9:55:33 AM","0000-00","0","no battery","V"
"08/23/2019","13:17:11","1","default","104940808","OXY1","41.177","min","171.358","μmol/L","Humid","21.225","deg","64061","µV","31.269","°C","1021.000","hPa","36.0","pmil","0","55.680","deg","20.000","°C","100.000","%a.s.","22.210","deg","20.000","°C","971.000","hPa","0.826","-0.01532","0.000401","-0.00012","0","11.08","Humid","26.60","0","20.10","229770.19","SABD0002000011","AAV2.0.0.13","2.1.0.383","PSt7-10","171027-000","6/27/2018 9:55:33 AM","0000-00","0","no battery","V"
"08/23/2019","13:17:12","1","default","104940808","OXY1","41.193","min","171.376","μmol/L","Humid","21.226","deg","64060","µV","31.263","°C","1021.000","hPa","36.0","pmil","0","55.680","deg","20.000","°C","100.000","%a.s.","22.210","deg","20.000","°C","971.000","hPa","0.826","-0.01532","0.000401","-0.00012","0","11.08","Humid","26.60","0","20.10","229778.33","SABD0002000011","AAV2.0.0.13","2.1.0.383","PSt7-10","171027-000","6/27/2018 9:55:33 AM","0000-00","0","no battery","V"
"08/23/2019","13:17:13","1","default","104940808","OXY1","41.210","min","171.361","μmol/L","Humid","21.227","deg","64057","µV","31.263","°C","1021.000","hPa","36.0","pmil","0","55.680","deg","20.000","°C","100.000","%a.s.","22.210","deg","20.000","°C","971.000","hPa","0.826","-0.01532","0.000401","-0.00012","0","11.08","Humid","26.60","0","20.10","229761.41","SABD0002000011","AAV2.0.0.13","2.1.0.383","PSt7-10","171027-000","6/27/2018 9:55:33 AM","0000-00","0","no battery","V"
"08/23/2019","13:17:14","1","default","104940808","OXY1","41.227","min","171.361","μmol/L","Humid","21.227","deg","64062","µV","31.263","°C","1021.000","hPa","36.0","pmil","0","55.680","deg","20.000","°C","100.000","%a.s.","22.210","deg","20.000","°C","971.000","hPa","0.826","-0.01532","0.000401","-0.00012","0","11.08","Humid","26.60","0","20.10","229754.91","SABD0002000011","AAV2.0.0.13","2.1.0.383","PSt7-10","171027-000","6/27/2018 9:55:33 AM","0000-00","0","no battery","V"
"08/23/2019","13:17:15","1","default","104940808","OXY1","41.244","min","171.369","μmol/L","Humid","21.227","deg","64058","µV","31.263","°C","1022.000","hPa","36.0","pmil","0","55.680","deg","20.000","°C","100.000","%a.s.","22.210","deg","20.000","°C","971.000","hPa","0.826","-0.01532","0.000401","-0.00012","0","11.08","Humid","26.60","0","20.10","229759.14","SABD0002000011","AAV2.0.0.13","2.1.0.383","PSt7-10","171027-000","6/27/2018 9:55:33 AM","0000-00","0","no battery","V"
"08/23/2019","13:17:16","1","default","104940808","OXY1","41.260","min","171.297","μmol/L","Humid","21.229","deg","64061","µV","31.269","°C","1021.000","hPa","36.0","pmil","0","55.680","deg","20.000","°C","100.000","%a.s.","22.210","deg","20.000","°C","971.000","hPa","0.826","-0.01532","0.000401","-0.00012","0","11.08","Humid","26.60","0","20.10","229769.57","SABD0002000011","AAV2.0.0.13","2.1.0.383","PSt7-10","171027-000","6/27/2018 9:55:33 AM","0000-00","0","no battery","V"
"08/23/2019","13:17:17","1","default","104940808","OXY1","41.277","min","171.289","μmol/L","Humid","21.230","deg","64058","µV","31.269","°C","1022.000","hPa","36.0","pmil","0","55.680","deg","20.000","°C","100.000","%a.s.","22.210","deg","20.000","°C","971.000","hPa","0.826","-0.01532","0.000401","-0.00012","0","11.08","Humid","26.60","0","20.10","229761.63","SABD0002000011","AAV2.0.0.13","2.1.0.383","PSt7-10","171027-000","6/27/2018 9:55:33 AM","0000-00","0","no battery","V"
"08/23/2019","13:17:18","1","default","104940808","OXY1","41.294","min","171.327","μmol/L","Humid","21.227","deg","64053","µV","31.269","°C","1021.000","hPa","36.0","pmil","0","55.680","deg","20.000","°C","100.000","%a.s.","22.210","deg","20.000","°C","971.000","hPa","0.826","-0.01532","0.000401","-0.00012","0","11.08","Humid","26.60","0","20.10","229762.88","SABD0002000011","AAV2.0.0.13","2.1.0.383","PSt7-10","171027-000","6/27/2018 9:55:33 AM","0000-00","0","no battery","V"
"08/23/2019","13:17:19","1","default","104940808","OXY1","41.311","min","171.354","μmol/L","Humid","21.228","deg","64051","µV","31.263","°C","1022.000","hPa","36.0","pmil","0","55.680","deg","20.000","°C","100.000","%a.s.","22.210","deg","20.000","°C","971.000","hPa","0.826","-0.01532","0.000401","-0.00012","0","11.08","Humid","26.60","0","20.10","229766.21","SABD0002000011","AAV2.0.0.13","2.1.0.383","PSt7-10","171027-000","6/27/2018 9:55:33 AM","0000-00","0","no battery","V"
"08/23/2019","13:17:20","1","default","104940808","OXY1","41.327","min","171.346","μmol/L","Humid","21.228","deg","64052","µV","31.263","°C","1021.000","hPa","36.0","pmil","0","55.680","deg","20.000","°C","100.000","%a.s.","22.210","deg","20.000","°C","971.000","hPa","0.826","-0.01532","0.000401","-0.00012","0","11.08","Humid","26.60","0","20.10","229762.33","SABD0002000011","AAV2.0.0.13","2.1.0.383","PSt7-10","171027-000","6/27/2018 9:55:33 AM","0000-00","0","no battery","V"
"08/23/2019","13:17:21","1","default","104940808","OXY1","41.343","min","171.297","μmol/L","Humid","21.229","deg","64051","µV","31.269","°C","1021.000","hPa","36.0","pmil","0","55.680","deg","20.000","°C","100.000","%a.s.","22.210","deg","20.000","°C","971.000","hPa","0.826","-0.01532","0.000401","-0.00012","0","11.08","Humid","26.60","0","20.10","229760.55","SABD0002000011","AAV2.0.0.13","2.1.0.383","PSt7-10","171027-000","6/27/2018 9:55:33 AM","0000-00","0","no battery","V"
"08/23/2019","13:17:22","1","default","104940808","OXY1","41.360","min","171.315","μmol/L","Humid","21.230","deg","64050","µV","31.263","°C","1021.000","hPa","36.0","pmil","0","55.680","deg","20.000","°C","100.000","%a.s.","22.210","deg","20.000","°C","971.000","hPa","0.826","-0.01532","0.000401","-0.00012","0","11.08","Humid","26.60","0","20.10","229758.61","SABD0002000011","AAV2.0.0.13","2.1.0.383","PSt7-10","171027-000","6/27/2018 9:55:33 AM","0000-00","0","no battery","V"
"08/23/2019","13:17:23","1","default","104940808","OXY1","41.377","min","171.346","μmol/L","Humid","21.228","deg","64053","µV","31.263","°C","1021.000","hPa","36.0","pmil","0","55.680","deg","20.000","°C","100.000","%a.s.","22.210","deg","20.000","°C","971.000","hPa","0.826","-0.01532","0.000401","-0.00012","0","11.08","Humid","26.60","0","20.10","229766.98","SABD0002000011","AAV2.0.0.13","2.1.0.383","PSt7-10","171027-000","6/27/2018 9:55:33 AM","0000-00","0","no battery","V"
"08/23/2019","13:17:24","1","default","104940808","OXY1","41.394","min","171.358","μmol/L","Humid","21.225","deg","64055","µV","31.269","°C","1021.000","hPa","36.0","pmil","0","55.680","deg","20.000","°C","100.000","%a.s.","22.210","deg","20.000","°C","971.000","hPa","0.826","-0.01532","0.000401","-0.00012","0","11.08","Humid","26.60","0","20.10","229774.16","SABD0002000011","AAV2.0.0.13","2.1.0.383","PSt7-10","171027-000","6/27/2018 9:55:33 AM","0000-00","0","no battery","V"
"08/23/2019","13:17:25","1","default","104940808","OXY1","41.410","min","171.342","μmol/L","Humid","21.226","deg","64051","µV","31.269","°C","1021.000","hPa","36.0","pmil","0","55.680","deg","20.000","°C","100.000","%a.s.","22.210","deg","20.000","°C","971.000","hPa","0.826","-0.01532","0.000401","-0.00012","0","11.08","Humid","26.60","0","20.10","229765.98","SABD0002000011","AAV2.0.0.13","2.1.0.383","PSt7-10","171027-000","6/27/2018 9:55:33 AM","0000-00","0","no battery","V"
"08/23/2019","13:17:26","1","default","104940808","OXY1","41.427","min","171.376","μmol/L","Humid","21.226","deg","64051","µV","31.263","°C","1021.000","hPa","36.0","pmil","0","55.680","deg","20.000","°C","100.000","%a.s.","22.210","deg","20.000","°C","971.000","hPa","0.826","-0.01532","0.000401","-0.00012","0","11.08","Humid","26.60","0","20.10","229755.56","SABD0002000011","AAV2.0.0.13","2.1.0.383","PSt7-10","171027-000","6/27/2018 9:55:33 AM","0000-00","0","no battery","V"
"08/23/2019","13:17:27","1","default","104940808","OXY1","41.444","min","171.236","μmol/L","Humid","21.233","deg","64046","µV","31.269","°C","1021.000","hPa","36.0","pmil","0","55.680","deg","20.000","°C","100.000","%a.s.","22.210","deg","20.000","°C","971.000","hPa","0.826","-0.01532","0.000401","-0.00012","0","11.08","Humid","26.60","0","20.10","229765.85","SABD0002000011","AAV2.0.0.13","2.1.0.383","PSt7-10","171027-000","6/27/2018 9:55:33 AM","0000-00","0","no battery","V"
"08/23/2019","13:17:28","1","default","104940808","OXY1","41.461","min","171.312","μmol/L","Humid","21.228","deg","64046","µV","31.269","°C","1021.000","hPa","36.0","pmil","0","55.680","deg","20.000","°C","100.000","%a.s.","22.210","deg","20.000","°C","971.000","hPa","0.826","-0.01532","0.000401","-0.00012","0","11.08","Humid","26.60","0","20.10","229756.24","SABD0002000011","AAV2.0.0.13","2.1.0.383","PSt7-10","171027-000","6/27/2018 9:55:33 AM","0000-00","0","no battery","V"
"08/23/2019","13:17:29","1","default","104940808","OXY1","41.477","min","171.373","μmol/L","Humid","21.224","deg","64044","µV","31.269","°C","1021.000","hPa","36.0","pmil","0","55.680","deg","20.000","°C","100.000","%a.s.","22.210","deg","20.000","°C","971.000","hPa","0.826","-0.01532","0.000401","-0.00012","0","11.08","Humid","26.60","0","20.10","229754.74","SABD0002000011","AAV2.0.0.13","2.1.0.383","PSt7-10","171027-000","6/27/2018 9:55:33 AM","0000-00","0","no battery","V"
"08/23/2019","13:17:30","1","default","104940808","OXY1","41.494","min","171.346","μmol/L","Humid","21.228","deg","64044","µV","31.263","°C","1021.000","hPa","36.0","pmil","0","55.680","deg","20.000","°C","100.000","%a.s.","22.210","deg","20.000","°C","971.000","hPa","0.826","-0.01532","0.000401","-0.00012","0","11.08","Humid","26.60","0","20.10","229762.33","SABD0002000011","AAV2.0.0.13","2.1.0.383","PSt7-10","171027-000","6/27/2018 9:55:33 AM","0000-00","0","no battery","V"
"08/23/2019","13:17:31","1","default","104940808","OXY1","41.510","min","171.297","μmol/L","Humid","21.229","deg","64046","µV","31.269","°C","1021.000","hPa","36.0","pmil","0","55.680","deg","20.000","°C","100.000","%a.s.","22.210","deg","20.000","°C","971.000","hPa","0.826","-0.01532","0.000401","-0.00012","0","11.08","Humid","26.60","0","20.10","229753.88","SABD0002000011","AAV2.0.0.13","2.1.0.383","PSt7-10","171027-000","6/27/2018 9:55:33 AM","0000-00","0","no battery","V"
"08/23/2019","13:17:32","1","default","104940808","OXY1","41.527","min","171.278","μmol/L","Humid","21.228","deg","64048","µV","31.275","°C","1021.000","hPa","36.0","pmil","0","55.680","deg","20.000","°C","100.000","%a.s.","22.210","deg","20.000","°C","971.000","hPa","0.826","-0.01532","0.000401","-0.00012","0","11.08","Humid","26.60","0","20.10","229762.67","SABD0002000011","AAV2.0.0.13","2.1.0.383","PSt7-10","171027-000","6/27/2018 9:55:33 AM","0000-00","0","no battery","V"
"08/23/2019","13:17:33","1","default","104940808","OXY1","41.543","min","171.347","μmol/L","Humid","21.224","deg","64040","µV","31.275","°C","1022.000","hPa","36.0","pmil","0","55.680","deg","20.000","°C","100.000","%a.s.","22.210","deg","20.000","°C","971.000","hPa","0.826","-0.01532","0.000401","-0.00012","0","11.08","Humid","26.60","0","20.10","229746.32","SABD0002000011","AAV2.0.0.13","2.1.0.383","PSt7-10","171027-000","6/27/2018 9:55:33 AM","0000-00","0","no battery","V"
"08/23/2019","13:17:34","1","default","104940808","OXY1","41.560","min","171.278","μmol/L","Humid","21.228","deg","64041","µV","31.275","°C","1021.000","hPa","36.0","pmil","0","55.680","deg","20.000","°C","100.000","%a.s.","22.210","deg","20.000","°C","971.000","hPa","0.826","-0.01532","0.000401","-0.00012","0","11.08","Humid","26.60","0","20.10","229743.22","SABD0002000011","AAV2.0.0.13","2.1.0.383","PSt7-10","171027-000","6/27/2018 9:55:33 AM","0000-00","0","no battery","V"
"08/23/2019","13:17:35","1","default","104940808","OXY1","41.577","min","171.260","μmol/L","Humid","21.227","deg","64035","µV","31.281","°C","1021.000","hPa","36.0","pmil","0","55.680","deg","20.000","°C","100.000","%a.s.","22.210","deg","20.000","°C","971.000","hPa","0.826","-0.01532","0.000401","-0.00012","0","11.08","Humid","26.60","0","20.10","229755.47","SABD0002000011","AAV2.0.0.13","2.1.0.383","PSt7-10","171027-000","6/27/2018 9:55:33 AM","0000-00","0","no battery","V"
"08/23/2019","13:17:36","1","default","104940808","OXY1","41.593","min","171.339","μmol/L","Humid","21.224","deg","64040","µV","31.275","°C","1021.000","hPa","36.0","pmil","0","55.680","deg","20.000","°C","100.000","%a.s.","22.210","deg","20.000","°C","971.000","hPa","0.826","-0.01532","0.000401","-0.00012","0","11.08","Humid","26.60","0","20.10","229748.68","SABD0002000011","AAV2.0.0.13","2.1.0.383","PSt7-10","171027-000","6/27/2018 9:55:33 AM","0000-00","0","no battery","V"
"08/23/2019","13:17:37","1","default","104940808","OXY1","41.610","min","171.282","μmol/L","Humid","21.230","deg","64043","µV","31.269","°C","1021.000","hPa","36.0","pmil","0","55.680","deg","20.000","°C","100.000","%a.s.","22.210","deg","20.000","°C","971.000","hPa","0.826","-0.01532","0.000401","-0.00012","0","11.08","Humid","26.60","0","20.10","229749.51","SABD0002000011","AAV2.0.0.13","2.1.0.383","PSt7-10","171027-000","6/27/2018 9:55:33 AM","0000-00","0","no battery","V"
"08/23/2019","13:17:38","1","default","104940808","OXY1","41.627","min","171.263","μmol/L","Humid","21.229","deg","64049","µV","31.275","°C","1021.000","hPa","36.0","pmil","0","55.680","deg","20.000","°C","100.000","%a.s.","22.210","deg","20.000","°C","971.000","hPa","0.826","-0.01532","0.000401","-0.00012","0","11.08","Humid","26.60","0","20.10","229762.52","SABD0002000011","AAV2.0.0.13","2.1.0.383","PSt7-10","171027-000","6/27/2018 9:55:33 AM","0000-00","0","no battery","V"
"08/23/2019","13:17:39","1","default","104940808","OXY1","41.644","min","171.275","μmol/L","Humid","21.226","deg","64035","µV","31.281","°C","1021.000","hPa","36.0","pmil","0","55.680","deg","20.000","°C","100.000","%a.s.","22.210","deg","20.000","°C","971.000","hPa","0.826","-0.01532","0.000401","-0.00012","0","11.08","Humid","26.60","0","20.10","229740.88","SABD0002000011","AAV2.0.0.13","2.1.0.383","PSt7-10","171027-000","6/27/2018 9:55:33 AM","0000-00","0","no battery","V"
"08/23/2019","13:17:40","1","default","104940808","OXY1","41.660","min","171.332","μmol/L","Humid","21.225","deg","64036","µV","31.275","°C","1022.000","hPa","36.0","pmil","0","55.680","deg","20.000","°C","100.000","%a.s.","22.210","deg","20.000","°C","971.000","hPa","0.826","-0.01532","0.000401","-0.00012","0","11.08","Humid","26.60","0","20.10","229753.26","SABD0002000011","AAV2.0.0.13","2.1.0.383","PSt7-10","171027-000","6/27/2018 9:55:33 AM","0000-00","0","no battery","V"
"08/23/2019","13:17:41","1","default","104940808","OXY1","41.677","min","171.324","μmol/L","Humid","21.225","deg","64040","µV","31.275","°C","1021.000","hPa","36.0","pmil","0","55.680","deg","20.000","°C","100.000","%a.s.","22.210","deg","20.000","°C","971.000","hPa","0.826","-0.01532","0.000401","-0.00012","0","11.08","Humid","26.60","0","20.10","229744.47","SABD0002000011","AAV2.0.0.13","2.1.0.383","PSt7-10","171027-000","6/27/2018 9:55:33 AM","0000-00","0","no battery","V"
"08/23/2019","13:17:42","1","default","104940808","OXY1","41.694","min","171.354","μmol/L","Humid","21.223","deg","64046","µV","31.275","°C","1021.000","hPa","36.0","pmil","0","55.680","deg","20.000","°C","100.000","%a.s.","22.210","deg","20.000","°C","971.000","hPa","0.826","-0.01532","0.000401","-0.00012","0","11.08","Humid","26.60","0","20.10","229747.17","SABD0002000011","AAV2.0.0.13","2.1.0.383","PSt7-10","171027-000","6/27/2018 9:55:33 AM","0000-00","0","no battery","V"
"08/23/2019","13:17:43","1","default","104940808","OXY1","41.711","min","171.354","μmol/L","Humid","21.223","deg","64041","µV","31.275","°C","1021.000","hPa","36.0","pmil","0","55.680","deg","20.000","°C","100.000","%a.s.","22.210","deg","20.000","°C","971.000","hPa","0.826","-0.01532","0.000401","-0.00012","0","11.08","Humid","26.60","0","20.10","229737.63","SABD0002000011","AAV2.0.0.13","2.1.0.383","PSt7-10","171027-000","6/27/2018 9:55:33 AM","0000-00","0","no battery","V"
"08/23/2019","13:17:44","1","default","104940808","OXY1","41.727","min","171.324","μmol/L","Humid","21.225","deg","64043","µV","31.275","°C","1021.000","hPa","36.0","pmil","0","55.680","deg","20.000","°C","100.000","%a.s.","22.210","deg","20.000","°C","971.000","hPa","0.826","-0.01532","0.000401","-0.00012","0","11.08","Humid","26.60","0","20.10","229742.08","SABD0002000011","AAV2.0.0.13","2.1.0.383","PSt7-10","171027-000","6/27/2018 9:55:33 AM","0000-00","0","no battery","V"
"08/23/2019","13:17:45","1","default","104940808","OXY1","41.743","min","171.312","μmol/L","Humid","21.228","deg","64039","µV","31.269","°C","1021.000","hPa","36.0","pmil","0","55.680","deg","20.000","°C","100.000","%a.s.","22.210","deg","20.000","°C","971.000","hPa","0.826","-0.01532","0.000401","-0.00012","0","11.08","Humid","26.60","0","20.10","229744.01","SABD0002000011","AAV2.0.0.13","2.1.0.383","PSt7-10","171027-000","6/27/2018 9:55:33 AM","0000-00","0","no battery","V"
"08/23/2019","13:17:46","1","default","104940808","OXY1","41.760","min","171.376","μmol/L","Humid","21.226","deg","64042","µV","31.263","°C","1021.000","hPa","36.0","pmil","0","55.680","deg","20.000","°C","100.000","%a.s.","22.210","deg","20.000","°C","971.000","hPa","0.826","-0.01532","0.000401","-0.00012","0","11.08","Humid","26.60","0","20.10","229739.25","SABD0002000011","AAV2.0.0.13","2.1.0.383","PSt7-10","171027-000","6/27/2018 9:55:33 AM","0000-00","0","no battery","V"
"08/23/2019","13:17:47","1","default","104940808","OXY1","41.777","min","171.263","μmol/L","Humid","21.229","deg","64043","µV","31.275","°C","1021.000","hPa","36.0","pmil","0","55.680","deg","20.000","°C","100.000","%a.s.","22.210","deg","20.000","°C","971.000","hPa","0.826","-0.01532","0.000401","-0.00012","0","11.08","Humid","26.60","0","20.10","229751.78","SABD0002000011","AAV2.0.0.13","2.1.0.383","PSt7-10","171027-000","6/27/2018 9:55:33 AM","0000-00","0","no battery","V"
"08/23/2019","13:17:48","1","default","104940808","OXY1","41.794","min","171.373","μmol/L","Humid","21.224","deg","64046","µV","31.269","°C","1021.000","hPa","36.0","pmil","0","55.680","deg","20.000","°C","100.000","%a.s.","22.210","deg","20.000","°C","971.000","hPa","0.826","-0.01532","0.000401","-0.00012","0","11.08","Humid","26.60","0","20.10","229748.18","SABD0002000011","AAV2.0.0.13","2.1.0.383","PSt7-10","171027-000","6/27/2018 9:55:33 AM","0000-00","0","no battery","V"
"08/23/2019","13:17:49","1","default","104940808","OXY1","41.810","min","171.312","μmol/L","Humid","21.228","deg","64041","µV","31.269","°C","1021.000","hPa","36.0","pmil","0","55.680","deg","20.000","°C","100.000","%a.s.","22.210","deg","20.000","°C","971.000","hPa","0.826","-0.01532","0.000401","-0.00012","0","11.08","Humid","26.60","0","20.10","229747.47","SABD0002000011","AAV2.0.0.13","2.1.0.383","PSt7-10","171027-000","6/27/2018 9:55:33 AM","0000-00","0","no battery","V"
"08/23/2019","13:17:50","1","default","104940808","OXY1","41.827","min","171.263","μmol/L","Humid","21.229","deg","64042","µV","31.275","°C","1021.000","hPa","36.0","pmil","0","55.680","deg","20.000","°C","100.000","%a.s.","22.210","deg","20.000","°C","971.000","hPa","0.826","-0.01532","0.000401","-0.00012","0","11.08","Humid","26.60","0","20.10","229748.10","SABD0002000011","AAV2.0.0.13","2.1.0.383","PSt7-10","171027-000","6/27/2018 9:55:33 AM","0000-00","0","no battery","V"
"08/23/2019","13:17:51","1","default","104940808","OXY1","41.844","min","171.293","μmol/L","Humid","21.227","deg","64038","µV","31.275","°C","1021.000","hPa","36.0","pmil","0","55.680","deg","20.000","°C","100.000","%a.s.","22.210","deg","20.000","°C","971.000","hPa","0.826","-0.01532","0.000401","-0.00012","0","11.08","Humid","26.60","0","20.10","229750.10","SABD0002000011","AAV2.0.0.13","2.1.0.383","PSt7-10","171027-000","6/27/2018 9:55:33 AM","0000-00","0","no battery","V"
"08/23/2019","13:17:52","1","default","104940808","OXY1","41.861","min","171.342","μmol/L","Humid","21.226","deg","64040","µV","31.269","°C","1021.000","hPa","36.0","pmil","0","55.680","deg","20.000","°C","100.000","%a.s.","22.210","deg","20.000","°C","971.000","hPa","0.826","-0.01532","0.000401","-0.00012","0","11.08","Humid","26.60","0","20.10","229746.29","SABD0002000011","AAV2.0.0.13","2.1.0.383","PSt7-10","171027-000","6/27/2018 9:55:33 AM","0000-00","0","no battery","V"
"08/23/2019","13:17:53","1","default","104940808","OXY1","41.877","min","171.327","μmol/L","Humid","21.227","deg","64038","µV","31.269","°C","1021.000","hPa","36.0","pmil","0","55.680","deg","20.000","°C","100.000","%a.s.","22.210","deg","20.000","°C","971.000","hPa","0.826","-0.01532","0.000401","-0.00012","0","11.08","Humid","26.60","0","20.10","229747.48","SABD0002000011","AAV2.0.0.13","2.1.0.383","PSt7-10","171027-000","6/27/2018 9:55:33 AM","0000-00","0","no battery","V"
"08/23/2019","13:17:54","1","default","104940808","OXY1","41.894","min","171.278","μmol/L","Humid","21.228","deg","64037","µV","31.275","°C","1021.000","hPa","36.0","pmil","0","55.680","deg","20.000","°C","100.000","%a.s.","22.210","deg","20.000","°C","971.000","hPa","0.826","-0.01532","0.000401","-0.00012","0","11.08","Humid","26.60","0","20.10","229739.39","SABD0002000011","AAV2.0.0.13","2.1.0.383","PSt7-10","171027-000","6/27/2018 9:55:33 AM","0000-00","0","no battery","V"
"08/23/2019","13:17:55","1","default","104940808","OXY1","41.911","min","171.354","μmol/L","Humid","21.223","deg","64036","µV","31.275","°C","1021.000","hPa","36.0","pmil","0","55.680","deg","20.000","°C","100.000","%a.s.","22.210","deg","20.000","°C","971.000","hPa","0.826","-0.01532","0.000401","-0.00012","0","11.08","Humid","26.60","0","20.10","229753.01","SABD0002000011","AAV2.0.0.13","2.1.0.383","PSt7-10","171027-000","6/27/2018 9:55:33 AM","0000-00","0","no battery","V"
"08/23/2019","13:17:56","1","default","104940808","OXY1","41.927","min","171.260","μmol/L","Humid","21.227","deg","64033","µV","31.281","°C","1021.000","hPa","36.0","pmil","0","55.680","deg","20.000","°C","100.000","%a.s.","22.210","deg","20.000","°C","971.000","hPa","0.826","-0.01532","0.000401","-0.00012","0","11.08","Humid","26.60","0","20.10","229742.02","SABD0002000011","AAV2.0.0.13","2.1.0.383","PSt7-10","171027-000","6/27/2018 9:55:33 AM","0000-00","0","no battery","V"
"08/23/2019","13:17:57","1","default","104940808","OXY1","41.943","min","171.290","μmol/L","Humid","21.225","deg","64026","µV","31.281","°C","1021.000","hPa","36.0","pmil","0","55.680","deg","20.000","°C","100.000","%a.s.","22.210","deg","20.000","°C","971.000","hPa","0.826","-0.01532","0.000401","-0.00012","0","11.08","Humid","26.60","0","20.10","229738.61","SABD0002000011","AAV2.0.0.13","2.1.0.383","PSt7-10","171027-000","6/27/2018 9:55:33 AM","0000-00","0","no battery","V"
"08/23/2019","13:17:58","1","default","104940808","OXY1","41.960","min","171.229","μmol/L","Humid","21.229","deg","64032","µV","31.281","°C","1021.000","hPa","36.0","pmil","0","55.680","deg","20.000","°C","100.000","%a.s.","22.210","deg","20.000","°C","971.000","hPa","0.826","-0.01532","0.000401","-0.00012","0","11.08","Humid","26.60","0","20.10","229751.24","SABD0002000011","AAV2.0.0.13","2.1.0.383","PSt7-10","171027-000","6/27/2018 9:55:33 AM","0000-00","0","no battery","V"
"08/23/2019","13:17:59","1","default","104940808","OXY1","41.977","min","171.290","μmol/L","Humid","21.225","deg","64031","µV","31.281","°C","1021.000","hPa","36.0","pmil","0","55.680","deg","20.000","°C","100.000","%a.s.","22.210","deg","20.000","°C","971.000","hPa","0.826","-0.01532","0.000401","-0.00012","0","11.08","Humid","26.60","0","20.10","229741.98","SABD0002000011","AAV2.0.0.13","2.1.0.383","PSt7-10","171027-000","6/27/2018 9:55:33 AM","0000-00","0","no battery","V"
"08/23/2019","13:18:00","1","default","104940808","OXY1","41.994","min","171.324","μmol/L","Humid","21.225","deg","64026","µV","31.275","°C","1021.000","hPa","36.0","pmil","0","55.680","deg","20.000","°C","100.000","%a.s.","22.210","deg","20.000","°C","971.000","hPa","0.826","-0.01532","0.000401","-0.00012","0","11.08","Humid","26.60","0","20.10","229746.61","SABD0002000011","AAV2.0.0.13","2.1.0.383","PSt7-10","171027-000","6/27/2018 9:55:33 AM","0000-00","0","no battery","V"
"08/23/2019","13:18:01","1","default","104940808","OXY1","42.010","min","171.324","μmol/L","Humid","21.225","deg","64031","µV","31.275","°C","1021.000","hPa","36.0","pmil","0","55.680","deg","20.000","°C","100.000","%a.s.","22.210","deg","20.000","°C","971.000","hPa","0.826","-0.01532","0.000401","-0.00012","0","11.08","Humid","26.60","0","20.10","229751.01","SABD0002000011","AAV2.0.0.13","2.1.0.383","PSt7-10","171027-000","6/27/2018 9:55:33 AM","0000-00","0","no battery","V"
"08/23/2019","13:18:02","1","default","104940808","OXY1","42.027","min","171.202","μmol/L","Humid","21.233","deg","64027","µV","31.275","°C","1021.000","hPa","36.0","pmil","0","55.680","deg","20.000","°C","100.000","%a.s.","22.210","deg","20.000","°C","971.000","hPa","0.826","-0.01532","0.000401","-0.00012","0","11.08","Humid","26.60","0","20.10","229759.68","SABD0002000011","AAV2.0.0.13","2.1.0.383","PSt7-10","171027-000","6/27/2018 9:55:33 AM","0000-00","0","no battery","V"
"08/23/2019","13:18:03","1","default","104940808","OXY1","42.044","min","171.385","μmol/L","Humid","21.221","deg","64031","µV","31.275","°C","1021.000","hPa","36.0","pmil","0","55.680","deg","20.000","°C","100.000","%a.s.","22.210","deg","20.000","°C","971.000","hPa","0.826","-0.01532","0.000401","-0.00012","0","11.08","Humid","26.60","0","20.10","229743.45","SABD0002000011","AAV2.0.0.13","2.1.0.383","PSt7-10","171027-000","6/27/2018 9:55:33 AM","0000-00","0","no battery","V"
"08/23/2019","13:18:04","1","default","104940808","OXY1","42.061","min","171.324","μmol/L","Humid","21.225","deg","64028","µV","31.275","°C","1021.000","hPa","36.0","pmil","0","55.680","deg","20.000","°C","100.000","%a.s.","22.210","deg","20.000","°C","971.000","hPa","0.826","-0.01532","0.000401","-0.00012","0","11.08","Humid","26.60","0","20.10","229738.97","SABD0002000011","AAV2.0.0.13","2.1.0.383","PSt7-10","171027-000","6/27/2018 9:55:33 AM","0000-00","0","no battery","V"
"08/23/2019","13:18:05","1","default","104940808","OXY1","42.077","min","171.339","μmol/L","Humid","21.224","deg","64030","µV","31.275","°C","1021.000","hPa","36.0","pmil","0","55.680","deg","20.000","°C","100.000","%a.s.","22.210","deg","20.000","°C","971.000","hPa","0.826","-0.01532","0.000401","-0.00012","0","11.08","Humid","26.60","0","20.10","229746.51","SABD0002000011","AAV2.0.0.13","2.1.0.383","PSt7-10","171027-000","6/27/2018 9:55:33 AM","0000-00","0","no battery","V"
"08/23/2019","13:18:06","1","default","104940808","OXY1","42.094","min","171.358","μmol/L","Humid","21.225","deg","64032","µV","31.269","°C","1021.000","hPa","36.0","pmil","0","55.680","deg","20.000","°C","100.000","%a.s.","22.210","deg","20.000","°C","971.000","hPa","0.826","-0.01532","0.000401","-0.00012","0","11.08","Humid","26.60","0","20.10","229743.16","SABD0002000011","AAV2.0.0.13","2.1.0.383","PSt7-10","171027-000","6/27/2018 9:55:33 AM","0000-00","0","no battery","V"
"08/23/2019","13:18:07","1","default","104940808","OXY1","42.110","min","171.324","μmol/L","Humid","21.225","deg","64028","µV","31.275","°C","1021.000","hPa","36.0","pmil","0","55.680","deg","20.000","°C","100.000","%a.s.","22.210","deg","20.000","°C","971.000","hPa","0.826","-0.01532","0.000401","-0.00012","0","11.08","Humid","26.60","0","20.10","229746.02","SABD0002000011","AAV2.0.0.13","2.1.0.383","PSt7-10","171027-000","6/27/2018 9:55:33 AM","0000-00","0","no battery","V"
"08/23/2019","13:18:08","1","default","104940808","OXY1","42.127","min","171.327","μmol/L","Humid","21.227","deg","64028","µV","31.269","°C","1021.000","hPa","36.0","pmil","0","55.680","deg","20.000","°C","100.000","%a.s.","22.210","deg","20.000","°C","971.000","hPa","0.826","-0.01532","0.000401","-0.00012","0","11.08","Humid","26.60","0","20.10","229737.07","SABD0002000011","AAV2.0.0.13","2.1.0.383","PSt7-10","171027-000","6/27/2018 9:55:33 AM","0000-00","0","no battery","V"
"08/23/2019","13:18:09","1","default","104940808","OXY1","42.143","min","171.229","μmol/L","Humid","21.229","deg","64031","µV","31.281","°C","1021.000","hPa","36.0","pmil","0","55.680","deg","20.000","°C","100.000","%a.s.","22.210","deg","20.000","°C","971.000","hPa","0.826","-0.01532","0.000401","-0.00012","0","11.08","Humid","26.60","0","20.10","229735.09","SABD0002000011","AAV2.0.0.13","2.1.0.383","PSt7-10","171027-000","6/27/2018 9:55:33 AM","0000-00","0","no battery","V"
"08/23/2019","13:18:10","1","default","104940808","OXY1","42.160","min","171.339","μmol/L","Humid","21.224","deg","64036","µV","31.275","°C","1021.000","hPa","36.0","pmil","0","55.680","deg","20.000","°C","100.000","%a.s.","22.210","deg","20.000","°C","971.000","hPa","0.826","-0.01532","0.000401","-0.00012","0","11.08","Humid","26.60","0","20.10","229731.22","SABD0002000011","AAV2.0.0.13","2.1.0.383","PSt7-10","171027-000","6/27/2018 9:55:33 AM","0000-00","0","no battery","V"
"08/23/2019","13:18:11","1","default","104940808","OXY1","42.177","min","171.315","μmol/L","Humid","21.230","deg","64034","µV","31.263","°C","1021.000","hPa","36.0","pmil","0","55.680","deg","20.000","°C","100.000","%a.s.","22.210","deg","20.000","°C","971.000","hPa","0.826","-0.01532","0.000401","-0.00012","0","11.08","Humid","26.60","0","20.10","229744.45","SABD0002000011","AAV2.0.0.13","2.1.0.383","PSt7-10","171027-000","6/27/2018 9:55:33 AM","0000-00","0","no battery","V"
"08/23/2019","13:18:12","1","default","104940808","OXY1","42.194","min","171.312","μmol/L","Humid","21.228","deg","64035","µV","31.269","°C","1021.000","hPa","36.0","pmil","0","55.680","deg","20.000","°C","100.000","%a.s.","22.210","deg","20.000","°C","971.000","hPa","0.826","-0.01532","0.000401","-0.00012","0","11.08","Humid","26.60","0","20.10","229733.77","SABD0002000011","AAV2.0.0.13","2.1.0.383","PSt7-10","171027-000","6/27/2018 9:55:33 AM","0000-00","0","no battery","V"
"08/23/2019","13:18:13","1","default","104940808","OXY1","42.210","min","171.346","μmol/L","Humid","21.228","deg","64032","µV","31.263","°C","1021.000","hPa","36.0","pmil","0","55.680","deg","20.000","°C","100.000","%a.s.","22.210","deg","20.000","°C","971.000","hPa","0.826","-0.01532","0.000401","-0.00012","0","11.08","Humid","26.60","0","20.10","229740.73","SABD0002000011","AAV2.0.0.13","2.1.0.383","PSt7-10","171027-000","6/27/2018 9:55:33 AM","0000-00","0","no battery","V"
"08/23/2019","13:18:14","1","default","104940808","OXY1","42.227","min","171.263","μmol/L","Humid","21.229","deg","64026","µV","31.275","°C","1021.000","hPa","36.0","pmil","0","55.680","deg","20.000","°C","100.000","%a.s.","22.210","deg","20.000","°C","971.000","hPa","0.826","-0.01532","0.000401","-0.00012","0","11.08","Humid","26.60","0","20.10","229732.11","SABD0002000011","AAV2.0.0.13","2.1.0.383","PSt7-10","171027-000","6/27/2018 9:55:33 AM","0000-00","0","no battery","V"
"08/23/2019","13:18:15","1","default","104940808","OXY1","42.244","min","171.332","μmol/L","Humid","21.225","deg","64032","µV","31.275","°C","1022.000","hPa","36.0","pmil","0","55.680","deg","20.000","°C","100.000","%a.s.","22.210","deg","20.000","°C","971.000","hPa","0.826","-0.01532","0.000401","-0.00012","0","11.08","Humid","26.60","0","20.10","229735.16","SABD0002000011","AAV2.0.0.13","2.1.0.383","PSt7-10","171027-000","6/27/2018 9:55:33 AM","0000-00","0","no battery","V"
"08/23/2019","13:18:16","1","default","104940808","OXY1","42.261","min","171.248","μmol/L","Humid","21.230","deg","64034","µV","31.275","°C","1021.000","hPa","36.0","pmil","0","55.680","deg","20.000","°C","100.000","%a.s.","22.210","deg","20.000","°C","971.000","hPa","0.826","-0.01532","0.000401","-0.00012","0","11.08","Humid","26.60","0","20.10","229726.76","SABD0002000011","AAV2.0.0.13","2.1.0.383","PSt7-10","171027-000","6/27/2018 9:55:33 AM","0000-00","0","no battery","V"
"08/23/2019","13:18:17","1","default","104940808","OXY1","42.277","min","171.266","μmol/L","Humid","21.231","deg","64021","µV","31.269","°C","1021.000","hPa","36.0","pmil","0","55.680","deg","20.000","°C","100.000","%a.s.","22.210","deg","20.000","°C","971.000","hPa","0.826","-0.01532","0.000401","-0.00012","0","11.08","Humid","26.60","0","20.10","229724.97","SABD0002000011","AAV2.0.0.13","2.1.0.383","PSt7-10","171027-000","6/27/2018 9:55:33 AM","0000-00","0","no battery","V"
"08/23/2019","13:18:18","1","default","104940808","OXY1","42.293","min","171.248","μmol/L","Humid","21.230","deg","64028","µV","31.275","°C","1021.000","hPa","36.0","pmil","0","55.680","deg","20.000","°C","100.000","%a.s.","22.210","deg","20.000","°C","971.000","hPa","0.826","-0.01532","0.000401","-0.00012","0","11.08","Humid","26.60","0","20.10","229730.74","SABD0002000011","AAV2.0.0.13","2.1.0.383","PSt7-10","171027-000","6/27/2018 9:55:33 AM","0000-00","0","no battery","V"
"08/23/2019","13:18:19","1","default","104940808","OXY1","42.310","min","171.172","μmol/L","Humid","21.235","deg","64028","µV","31.275","°C","1021.000","hPa","36.0","pmil","0","55.680","deg","20.000","°C","100.000","%a.s.","22.210","deg","20.000","°C","971.000","hPa","0.826","-0.01532","0.000401","-0.00012","0","11.08","Humid","26.60","0","20.10","229726.52","SABD0002000011","AAV2.0.0.13","2.1.0.383","PSt7-10","171027-000","6/27/2018 9:55:33 AM","0000-00","0","no battery","V"
"08/23/2019","13:18:20","1","default","104940808","OXY1","42.327","min","171.320","μmol/L","Humid","21.228","deg","64028","µV","31.269","°C","1022.000","hPa","36.0","pmil","0","55.680","deg","20.000","°C","100.000","%a.s.","22.210","deg","20.000","°C","971.000","hPa","0.826","-0.01532","0.000401","-0.00012","0","11.08","Humid","26.60","0","20.10","229730.42","SABD0002000011","AAV2.0.0.13","2.1.0.383","PSt7-10","171027-000","6/27/2018 9:55:33 AM","0000-00","0","no battery","V"
"08/23/2019","13:18:21","1","default","104940808","OXY1","42.344","min","171.237","μmol/L","Humid","21.229","deg","64030","µV","31.281","°C","1022.000","hPa","36.0","pmil","0","55.680","deg","20.000","°C","100.000","%a.s.","22.210","deg","20.000","°C","971.000","hPa","0.826","-0.01532","0.000401","-0.00012","0","11.08","Humid","26.60","0","20.10","229733.94","SABD0002000011","AAV2.0.0.13","2.1.0.383","PSt7-10","171027-000","6/27/2018 9:55:33 AM","0000-00","0","no battery","V"
"08/23/2019","13:18:22","1","default","104940808","OXY1","42.360","min","171.225","μmol/L","Humid","21.232","deg","64025","µV","31.275","°C","1022.000","hPa","36.0","pmil","0","55.680","deg","20.000","°C","100.000","%a.s.","22.210","deg","20.000","°C","971.000","hPa","0.826","-0.01532","0.000401","-0.00012","0","11.08","Humid","26.60","0","20.10","229728.06","SABD0002000011","AAV2.0.0.13","2.1.0.383","PSt7-10","171027-000","6/27/2018 9:55:33 AM","0000-00","0","no battery","V"
"08/23/2019","13:18:23","1","default","104940808","OXY1","42.377","min","171.297","μmol/L","Humid","21.229","deg","64029","µV","31.269","°C","1021.000","hPa","36.0","pmil","0","55.680","deg","20.000","°C","100.000","%a.s.","22.210","deg","20.000","°C","971.000","hPa","0.826","-0.01532","0.000401","-0.00012","0","11.08","Humid","26.60","0","20.10","229731.58","SABD0002000011","AAV2.0.0.13","2.1.0.383","PSt7-10","171027-000","6/27/2018 9:55:33 AM","0000-00","0","no battery","V"
"08/23/2019","13:18:24","1","default","104940808","OXY1","42.394","min","171.263","μmol/L","Humid","21.229","deg","64028","µV","31.275","°C","1021.000","hPa","36.0","pmil","0","55.680","deg","20.000","°C","100.000","%a.s.","22.210","deg","20.000","°C","971.000","hPa","0.826","-0.01532","0.000401","-0.00012","0","11.08","Humid","26.60","0","20.10","229736.73","SABD0002000011","AAV2.0.0.13","2.1.0.383","PSt7-10","171027-000","6/27/2018 9:55:33 AM","0000-00","0","no battery","V"
"08/23/2019","13:18:25","1","default","104940808","OXY1","42.411","min","171.324","μmol/L","Humid","21.225","deg","64027","µV","31.275","°C","1021.000","hPa","36.0","pmil","0","55.680","deg","20.000","°C","100.000","%a.s.","22.210","deg","20.000","°C","971.000","hPa","0.826","-0.01532","0.000401","-0.00012","0","11.08","Humid","26.60","0","20.10","229745.21","SABD0002000011","AAV2.0.0.13","2.1.0.383","PSt7-10","171027-000","6/27/2018 9:55:33 AM","0000-00","0","no battery","V"
"08/23/2019","13:18:26","1","default","104940808","OXY1","42.427","min","171.293","μmol/L","Humid","21.227","deg","64023","µV","31.275","°C","1021.000","hPa","36.0","pmil","0","55.680","deg","20.000","°C","100.000","%a.s.","22.210","deg","20.000","°C","971.000","hPa","0.826","-0.01532","0.000401","-0.00012","0","11.08","Humid","26.60","0","20.10","229736.64","SABD0002000011","AAV2.0.0.13","2.1.0.383","PSt7-10","171027-000","6/27/2018 9:55:33 AM","0000-00","0","no battery","V"
"08/23/2019","13:18:27","1","default","104940808","OXY1","42.443","min","171.172","μmol/L","Humid","21.235","deg","64034","µV","31.275","°C","1021.000","hPa","36.0","pmil","0","55.680","deg","20.000","°C","100.000","%a.s.","22.210","deg","20.000","°C","971.000","hPa","0.826","-0.01532","0.000401","-0.00012","0","11.08","Humid","26.60","0","20.10","229731.08","SABD0002000011","AAV2.0.0.13","2.1.0.383","PSt7-10","171027-000","6/27/2018 9:55:33 AM","0000-00","0","no battery","V"
"08/23/2019","13:18:28","1","default","104940808","OXY1","42.460","min","171.263","μmol/L","Humid","21.229","deg","64024","µV","31.275","°C","1021.000","hPa","36.0","pmil","0","55.680","deg","20.000","°C","100.000","%a.s.","22.210","deg","20.000","°C","971.000","hPa","0.826","-0.01532","0.000401","-0.00012","0","11.08","Humid","26.60","0","20.10","229735.34","SABD0002000011","AAV2.0.0.13","2.1.0.383","PSt7-10","171027-000","6/27/2018 9:55:33 AM","0000-00","0","no battery","V"
"08/23/2019","13:18:29","1","default","104940808","OXY1","42.477","min","171.263","μmol/L","Humid","21.229","deg","64029","µV","31.275","°C","1021.000","hPa","36.0","pmil","0","55.680","deg","20.000","°C","100.000","%a.s.","22.210","deg","20.000","°C","971.000","hPa","0.826","-0.01532","0.000401","-0.00012","0","11.08","Humid","26.60","0","20.10","229742.39","SABD0002000011","AAV2.0.0.13","2.1.0.383","PSt7-10","171027-000","6/27/2018 9:55:33 AM","0000-00","0","no battery","V"
"08/23/2019","13:18:30","1","default","104940808","OXY1","42.493","min","171.309","μmol/L","Humid","21.226","deg","64023","µV","31.275","°C","1021.000","hPa","36.0","pmil","0","55.680","deg","20.000","°C","100.000","%a.s.","22.210","deg","20.000","°C","971.000","hPa","0.826","-0.01532","0.000401","-0.00012","0","11.08","Humid","26.60","0","20.10","229733.07","SABD0002000011","AAV2.0.0.13","2.1.0.383","PSt7-10","171027-000","6/27/2018 9:55:33 AM","0000-00","0","no battery","V"
"08/23/2019","13:18:31","1","default","104940808","OXY1","42.511","min","171.286","μmol/L","Humid","21.228","deg","64023","µV","31.275","°C","1022.000","hPa","36.0","pmil","0","55.680","deg","20.000","°C","100.000","%a.s.","22.210","deg","20.000","°C","971.000","hPa","0.826","-0.01532","0.000401","-0.00012","0","11.08","Humid","26.60","0","20.10","229744.08","SABD0002000011","AAV2.0.0.13","2.1.0.383","PSt7-10","171027-000","6/27/2018 9:55:33 AM","0000-00","0","no battery","V"
"08/23/2019","13:18:32","1","default","104940808","OXY1","42.527","min","171.244","μmol/L","Humid","21.228","deg","64021","µV","31.281","°C","1021.000","hPa","36.0","pmil","0","55.680","deg","20.000","°C","100.000","%a.s.","22.210","deg","20.000","°C","971.000","hPa","0.826","-0.01532","0.000401","-0.00012","0","11.08","Humid","26.60","0","20.10","229721.24","SABD0002000011","AAV2.0.0.13","2.1.0.383","PSt7-10","171027-000","6/27/2018 9:55:33 AM","0000-00","0","no battery","V"
"08/23/2019","13:18:33","1","default","104940808","OXY1","42.544","min","171.263","μmol/L","Humid","21.229","deg","64020","µV","31.275","°C","1021.000","hPa","36.0","pmil","0","55.680","deg","20.000","°C","100.000","%a.s.","22.210","deg","20.000","°C","971.000","hPa","0.826","-0.01532","0.000401","-0.00012","0","11.08","Humid","26.60","0","20.10","229730.94","SABD0002000011","AAV2.0.0.13","2.1.0.383","PSt7-10","171027-000","6/27/2018 9:55:33 AM","0000-00","0","no battery","V"
"08/23/2019","13:18:34","1","default","104940808","OXY1","42.560","min","171.354","μmol/L","Humid","21.223","deg","64022","µV","31.275","°C","1021.000","hPa","36.0","pmil","0","55.680","deg","20.000","°C","100.000","%a.s.","22.210","deg","20.000","°C","971.000","hPa","0.826","-0.01532","0.000401","-0.00012","0","11.08","Humid","26.60","0","20.10","229728.97","SABD0002000011","AAV2.0.0.13","2.1.0.383","PSt7-10","171027-000","6/27/2018 9:55:33 AM","0000-00","0","no battery","V"
"08/23/2019","13:18:35","1","default","104940808","OXY1","42.577","min","171.169","μmol/L","Humid","21.233","deg","64017","µV","31.281","°C","1021.000","hPa","36.0","pmil","0","55.680","deg","20.000","°C","100.000","%a.s.","22.210","deg","20.000","°C","971.000","hPa","0.826","-0.01532","0.000401","-0.00012","0","11.08","Humid","26.60","0","20.10","229738.74","SABD0002000011","AAV2.0.0.13","2.1.0.383","PSt7-10","171027-000","6/27/2018 9:55:33 AM","0000-00","0","no battery","V"
"08/23/2019","13:18:36","1","default","104940808","OXY1","42.593","min","171.263","μmol/L","Humid","21.229","deg","64020","µV","31.275","°C","1021.000","hPa","36.0","pmil","0","55.680","deg","20.000","°C","100.000","%a.s.","22.210","deg","20.000","°C","971.000","hPa","0.826","-0.01532","0.000401","-0.00012","0","11.08","Humid","26.60","0","20.10","229738.25","SABD0002000011","AAV2.0.0.13","2.1.0.383","PSt7-10","171027-000","6/27/2018 9:55:33 AM","0000-00","0","no battery","V"
"08/23/2019","13:18:37","1","default","104940808","OXY1","42.610","min","171.233","μmol/L","Humid","21.231","deg","64024","µV","31.275","°C","1021.000","hPa","36.0","pmil","0","55.680","deg","20.000","°C","100.000","%a.s.","22.210","deg","20.000","°C","971.000","hPa","0.826","-0.01532","0.000401","-0.00012","0","11.08","Humid","26.60","0","20.10","229729.91","SABD0002000011","AAV2.0.0.13","2.1.0.383","PSt7-10","171027-000","6/27/2018 9:55:33 AM","0000-00","0","no battery","V"
"08/23/2019","13:18:38","1","default","104940808","OXY1","42.627","min","171.290","μmol/L","Humid","21.225","deg","64012","µV","31.281","°C","1021.000","hPa","36.0","pmil","0","55.680","deg","20.000","°C","100.000","%a.s.","22.210","deg","20.000","°C","971.000","hPa","0.826","-0.01532","0.000401","-0.00012","0","11.08","Humid","26.60","0","20.10","229732.74","SABD0002000011","AAV2.0.0.13","2.1.0.383","PSt7-10","171027-000","6/27/2018 9:55:33 AM","0000-00","0","no battery","V"
"08/23/2019","13:18:39","1","default","104940808","OXY1","42.644","min","171.229","μmol/L","Humid","21.229","deg","64017","µV","31.281","°C","1021.000","hPa","36.0","pmil","0","55.680","deg","20.000","°C","100.000","%a.s.","22.210","deg","20.000","°C","971.000","hPa","0.826","-0.01532","0.000401","-0.00012","0","11.08","Humid","26.60","0","20.10","229732.15","SABD0002000011","AAV2.0.0.13","2.1.0.383","PSt7-10","171027-000","6/27/2018 9:55:33 AM","0000-00","0","no battery","V"
"08/23/2019","13:18:40","1","default","104940808","OXY1","42.660","min","171.214","μmol/L","Humid","21.230","deg","64023","µV","31.281","°C","1021.000","hPa","36.0","pmil","0","55.680","deg","20.000","°C","100.000","%a.s.","22.210","deg","20.000","°C","971.000","hPa","0.826","-0.01532","0.000401","-0.00012","0","11.08","Humid","26.60","0","20.10","229718.47","SABD0002000011","AAV2.0.0.13","2.1.0.383","PSt7-10","171027-000","6/27/2018 9:55:33 AM","0000-00","0","no battery","V"
"08/23/2019","13:18:41","1","default","104940808","OXY1","42.677","min","171.165","μmol/L","Humid","21.231","deg","64018","µV","31.287","°C","1021.000","hPa","36.0","pmil","0","55.680","deg","20.000","°C","100.000","%a.s.","22.210","deg","20.000","°C","971.000","hPa","0.826","-0.01532","0.000401","-0.00012","0","11.08","Humid","26.60","0","20.10","229719.98","SABD0002000011","AAV2.0.0.13","2.1.0.383","PSt7-10","171027-000","6/27/2018 9:55:33 AM","0000-00","0","no battery","V"
"08/23/2019","13:18:42","1","default","104940808","OXY1","42.694","min","171.233","μmol/L","Humid","21.231","deg","64016","µV","31.275","°C","1021.000","hPa","36.0","pmil","0","55.680","deg","20.000","°C","100.000","%a.s.","22.210","deg","20.000","°C","971.000","hPa","0.826","-0.01532","0.000401","-0.00012","0","11.08","Humid","26.60","0","20.10","229724.43","SABD0002000011","AAV2.0.0.13","2.1.0.383","PSt7-10","171027-000","6/27/2018 9:55:33 AM","0000-00","0","no battery","V"
"08/23/2019","13:18:43","1","default","104940808","OXY1","42.711","min","171.229","μmol/L","Humid","21.229","deg","64018","µV","31.281","°C","1021.000","hPa","36.0","pmil","0","55.680","deg","20.000","°C","100.000","%a.s.","22.210","deg","20.000","°C","971.000","hPa","0.826","-0.01532","0.000401","-0.00012","0","11.08","Humid","26.60","0","20.10","229735.22","SABD0002000011","AAV2.0.0.13","2.1.0.383","PSt7-10","171027-000","6/27/2018 9:55:33 AM","0000-00","0","no battery","V"
"08/23/2019","13:18:44","1","default","104940808","OXY1","42.727","min","171.293","μmol/L","Humid","21.227","deg","64016","µV","31.275","°C","1021.000","hPa","36.0","pmil","0","55.680","deg","20.000","°C","100.000","%a.s.","22.210","deg","20.000","°C","971.000","hPa","0.826","-0.01532","0.000401","-0.00012","0","11.08","Humid","26.60","0","20.10","229716.10","SABD0002000011","AAV2.0.0.13","2.1.0.383","PSt7-10","171027-000","6/27/2018 9:55:33 AM","0000-00","0","no battery","V"
"08/23/2019","13:18:45","1","default","104940808","OXY1","42.743","min","171.305","μmol/L","Humid","21.224","deg","64017","µV","31.281","°C","1021.000","hPa","36.0","pmil","0","55.680","deg","20.000","°C","100.000","%a.s.","22.210","deg","20.000","°C","971.000","hPa","0.826","-0.01532","0.000401","-0.00012","0","11.08","Humid","26.60","0","20.10","229726.15","SABD0002000011","AAV2.0.0.13","2.1.0.383","PSt7-10","171027-000","6/27/2018 9:55:33 AM","0000-00","0","no battery","V"
"08/23/2019","13:18:46","1","default","104940808","OXY1","42.760","min","171.324","μmol/L","Humid","21.225","deg","64024","µV","31.275","°C","1021.000","hPa","36.0","pmil","0","55.680","deg","20.000","°C","100.000","%a.s.","22.210","deg","20.000","°C","971.000","hPa","0.826","-0.01532","0.000401","-0.00012","0","11.08","Humid","26.60","0","20.10","229734.58","SABD0002000011","AAV2.0.0.13","2.1.0.383","PSt7-10","171027-000","6/27/2018 9:55:33 AM","0000-00","0","no battery","V"
"08/23/2019","13:18:47","1","default","104940808","OXY1","42.777","min","171.241","μmol/L","Humid","21.231","deg","64023","µV","31.275","°C","1022.000","hPa","36.0","pmil","0","55.680","deg","20.000","°C","100.000","%a.s.","22.210","deg","20.000","°C","971.000","hPa","0.826","-0.01532","0.000401","-0.00012","0","11.08","Humid","26.60","0","20.10","229726.21","SABD0002000011","AAV2.0.0.13","2.1.0.383","PSt7-10","171027-000","6/27/2018 9:55:33 AM","0000-00","0","no battery","V"
"08/23/2019","13:18:48","1","default","104940808","OXY1","42.794","min","171.268","μmol/L","Humid","21.227","deg","64017","µV","31.281","°C","1022.000","hPa","36.0","pmil","0","55.680","deg","20.000","°C","100.000","%a.s.","22.210","deg","20.000","°C","971.000","hPa","0.826","-0.01532","0.000401","-0.00012","0","11.08","Humid","26.60","0","20.10","229736.37","SABD0002000011","AAV2.0.0.13","2.1.0.383","PSt7-10","171027-000","6/27/2018 9:55:33 AM","0000-00","0","no battery","V"
"08/23/2019","13:18:49","1","default","104940808","OXY1","42.810","min","171.278","μmol/L","Humid","21.228","deg","64015","µV","31.275","°C","1021.000","hPa","36.0","pmil","0","55.680","deg","20.000","°C","100.000","%a.s.","22.210","deg","20.000","°C","971.000","hPa","0.826","-0.01532","0.000401","-0.00012","0","11.08","Humid","26.60","0","20.10","229727.10","SABD0002000011","AAV2.0.0.13","2.1.0.383","PSt7-10","171027-000","6/27/2018 9:55:33 AM","0000-00","0","no battery","V"
"08/23/2019","13:18:50","1","default","104940808","OXY1","42.827","min","171.161","μmol/L","Humid","21.234","deg","64014","µV","31.281","°C","1022.000","hPa","36.0","pmil","0","55.680","deg","20.000","°C","100.000","%a.s.","22.210","deg","20.000","°C","971.000","hPa","0.826","-0.01532","0.000401","-0.00012","0","11.08","Humid","26.60","0","20.10","229729.36","SABD0002000011","AAV2.0.0.13","2.1.0.383","PSt7-10","171027-000","6/27/2018 9:55:33 AM","0000-00","0","no battery","V"
"08/23/2019","13:18:51","1","default","104940808","OXY1","42.844","min","171.169","μmol/L","Humid","21.233","deg","64022","µV","31.281","°C","1021.000","hPa","36.0","pmil","0","55.680","deg","20.000","°C","100.000","%a.s.","22.210","deg","20.000","°C","971.000","hPa","0.826","-0.01532","0.000401","-0.00012","0","11.08","Humid","26.60","0","20.10","229731.04","SABD0002000011","AAV2.0.0.13","2.1.0.383","PSt7-10","171027-000","6/27/2018 9:55:33 AM","0000-00","0","no battery","V"
"08/23/2019","13:18:52","1","default","104940808","OXY1","42.861","min","171.184","μmol/L","Humid","21.232","deg","64034","µV","31.281","°C","1021.000","hPa","36.0","pmil","0","55.680","deg","20.000","°C","100.000","%a.s.","22.210","deg","20.000","°C","971.000","hPa","0.826","-0.01532","0.000401","-0.00012","0","11.08","Humid","26.60","0","20.10","229721.44","SABD0002000011","AAV2.0.0.13","2.1.0.383","PSt7-10","171027-000","6/27/2018 9:55:33 AM","0000-00","0","no battery","V"
"08/23/2019","13:18:53","1","default","104940808","OXY1","42.877","min","171.172","μmol/L","Humid","21.235","deg","64014","µV","31.275","°C","1021.000","hPa","36.0","pmil","0","55.680","deg","20.000","°C","100.000","%a.s.","22.210","deg","20.000","°C","971.000","hPa","0.826","-0.01532","0.000401","-0.00012","0","11.08","Humid","26.60","0","20.10","229720.87","SABD0002000011","AAV2.0.0.13","2.1.0.383","PSt7-10","171027-000","6/27/2018 9:55:33 AM","0000-00","0","no battery","V"
"08/23/2019","13:18:54","1","default","104940808","OXY1","42.893","min","171.180","μmol/L","Humid","21.235","deg","64019","µV","31.275","°C","1022.000","hPa","36.0","pmil","0","55.680","deg","20.000","°C","100.000","%a.s.","22.210","deg","20.000","°C","971.000","hPa","0.826","-0.01532","0.000401","-0.00012","0","11.08","Humid","26.60","0","20.10","229722.29","SABD0002000011","AAV2.0.0.13","2.1.0.383","PSt7-10","171027-000","6/27/2018 9:55:33 AM","0000-00","0","no battery","V"
"08/23/2019","13:18:55","1","default","104940808","OXY1","42.910","min","171.278","μmol/L","Humid","21.228","deg","64022","µV","31.275","°C","1021.000","hPa","36.0","pmil","0","55.680","deg","20.000","°C","100.000","%a.s.","22.210","deg","20.000","°C","971.000","hPa","0.826","-0.01532","0.000401","-0.00012","0","11.08","Humid","26.60","0","20.10","229710.86","SABD0002000011","AAV2.0.0.13","2.1.0.383","PSt7-10","171027-000","6/27/2018 9:55:33 AM","0000-00","0","no battery","V"
"08/23/2019","13:18:56","1","default","104940808","OXY1","42.927","min","171.150","μmol/L","Humid","21.232","deg","64021","µV","31.287","°C","1021.000","hPa","36.0","pmil","0","55.680","deg","20.000","°C","100.000","%a.s.","22.210","deg","20.000","°C","971.000","hPa","0.826","-0.01532","0.000401","-0.00012","0","11.08","Humid","26.60","0","20.10","229722.33","SABD0002000011","AAV2.0.0.13","2.1.0.383","PSt7-10","171027-000","6/27/2018 9:55:33 AM","0000-00","0","no battery","V"
"08/23/2019","13:18:57","1","default","104940808","OXY1","42.943","min","171.138","μmol/L","Humid","21.235","deg","64023","µV","31.281","°C","1021.000","hPa","36.0","pmil","0","55.680","deg","20.000","°C","100.000","%a.s.","22.210","deg","20.000","°C","971.000","hPa","0.826","-0.01532","0.000401","-0.00012","0","11.08","Humid","26.60","0","20.10","229731.11","SABD0002000011","AAV2.0.0.13","2.1.0.383","PSt7-10","171027-000","6/27/2018 9:55:33 AM","0000-00","0","no battery","V"
"08/23/2019","13:18:58","1","default","104940808","OXY1","42.960","min","171.165","μmol/L","Humid","21.231","deg","64019","µV","31.287","°C","1021.000","hPa","36.0","pmil","0","55.680","deg","20.000","°C","100.000","%a.s.","22.210","deg","20.000","°C","971.000","hPa","0.826","-0.01532","0.000401","-0.00012","0","11.08","Humid","26.60","0","20.10","229727.13","SABD0002000011","AAV2.0.0.13","2.1.0.383","PSt7-10","171027-000","6/27/2018 9:55:33 AM","0000-00","0","no battery","V"
"08/23/2019","13:18:59","1","default","104940808","OXY1","42.977","min","171.169","μmol/L","Humid","21.233","deg","64019","µV","31.281","°C","1021.000","hPa","36.0","pmil","0","55.680","deg","20.000","°C","100.000","%a.s.","22.210","deg","20.000","°C","971.000","hPa","0.826","-0.01532","0.000401","-0.00012","0","11.08","Humid","26.60","0","20.10","229726.98","SABD0002000011","AAV2.0.0.13","2.1.0.383","PSt7-10","171027-000","6/27/2018 9:55:33 AM","0000-00","0","no battery","V"
"08/23/2019","13:19:00","1","default","104940808","OXY1","42.994","min","171.135","μmol/L","Humid","21.233","deg","64016","µV","31.287","°C","1021.000","hPa","36.0","pmil","0","55.680","deg","20.000","°C","100.000","%a.s.","22.210","deg","20.000","°C","971.000","hPa","0.826","-0.01532","0.000401","-0.00012","0","11.08","Humid","26.60","0","20.10","229719.80","SABD0002000011","AAV2.0.0.13","2.1.0.383","PSt7-10","171027-000","6/27/2018 9:55:33 AM","0000-00","0","no battery","V"
"08/23/2019","13:19:01","1","default","104940808","OXY1","43.011","min","171.260","μmol/L","Humid","21.227","deg","64020","µV","31.281","°C","1021.000","hPa","36.0","pmil","0","55.680","deg","20.000","°C","100.000","%a.s.","22.210","deg","20.000","°C","971.000","hPa","0.826","-0.01532","0.000401","-0.00012","0","11.08","Humid","26.60","0","20.10","229728.51","SABD0002000011","AAV2.0.0.13","2.1.0.383","PSt7-10","171027-000","6/27/2018 9:55:33 AM","0000-00","0","no battery","V"
"08/23/2019","13:19:02","1","default","104940808","OXY1","43.027","min","171.161","μmol/L","Humid","21.234","deg","64020","µV","31.281","°C","1022.000","hPa","36.0","pmil","0","55.680","deg","20.000","°C","100.000","%a.s.","22.210","deg","20.000","°C","971.000","hPa","0.826","-0.01532","0.000401","-0.00012","0","11.08","Humid","26.60","0","20.10","229727.98","SABD0002000011","AAV2.0.0.13","2.1.0.383","PSt7-10","171027-000","6/27/2018 9:55:33 AM","0000-00","0","no battery","V"
"08/23/2019","13:19:03","1","default","104940808","OXY1","43.044","min","171.123","μmol/L","Humid","21.236","deg","64016","µV","31.281","°C","1021.000","hPa","36.0","pmil","0","55.680","deg","20.000","°C","100.000","%a.s.","22.210","deg","20.000","°C","971.000","hPa","0.826","-0.01532","0.000401","-0.00012","0","11.08","Humid","26.60","0","20.10","229727.75","SABD0002000011","AAV2.0.0.13","2.1.0.383","PSt7-10","171027-000","6/27/2018 9:55:33 AM","0000-00","0","no battery","V"
"08/23/2019","13:19:04","1","default","104940808","OXY1","43.060","min","171.192","μmol/L","Humid","21.232","deg","64013","µV","31.281","°C","1022.000","hPa","36.0","pmil","0","55.680","deg","20.000","°C","100.000","%a.s.","22.210","deg","20.000","°C","971.000","hPa","0.826","-0.01532","0.000401","-0.00012","0","11.08","Humid","26.60","0","20.10","229714.91","SABD0002000011","AAV2.0.0.13","2.1.0.383","PSt7-10","171027-000","6/27/2018 9:55:33 AM","0000-00","0","no battery","V"
"08/23/2019","13:19:05","1","default","104940808","OXY1","43.077","min","171.147","μmol/L","Humid","21.230","deg","64016","µV","31.294","°C","1021.000","hPa","36.0","pmil","0","55.680","deg","20.000","°C","100.000","%a.s.","22.210","deg","20.000","°C","971.000","hPa","0.826","-0.01532","0.000401","-0.00012","0","11.08","Humid","26.60","0","20.10","229707.97","SABD0002000011","AAV2.0.0.13","2.1.0.383","PSt7-10","171027-000","6/27/2018 9:55:33 AM","0000-00","0","no battery","V"
"08/23/2019","13:19:06","1","default","104940808","OXY1","43.093","min","171.135","μmol/L","Humid","21.233","deg","64012","µV","31.287","°C","1021.000","hPa","36.0","pmil","0","55.680","deg","20.000","°C","100.000","%a.s.","22.210","deg","20.000","°C","971.000","hPa","0.826","-0.01532","0.000401","-0.00012","0","11.08","Humid","26.60","0","20.10","229718.23","SABD0002000011","AAV2.0.0.13","2.1.0.383","PSt7-10","171027-000","6/27/2018 9:55:33 AM","0000-00","0","no battery","V"
"08/23/2019","13:19:07","1","default","104940808","OXY1","43.110","min","171.217","μmol/L","Humid","21.232","deg","64010","µV","31.275","°C","1021.000","hPa","36.0","pmil","0","55.680","deg","20.000","°C","100.000","%a.s.","22.210","deg","20.000","°C","971.000","hPa","0.826","-0.01532","0.000401","-0.00012","0","11.08","Humid","26.60","0","20.10","229720.93","SABD0002000011","AAV2.0.0.13","2.1.0.383","PSt7-10","171027-000","6/27/2018 9:55:33 AM","0000-00","0","no battery","V"
"08/23/2019","13:19:08","1","default","104940808","OXY1","43.127","min","171.249","μmol/L","Humid","21.226","deg","64009","µV","31.287","°C","1022.000","hPa","36.0","pmil","0","55.680","deg","20.000","°C","100.000","%a.s.","22.210","deg","20.000","°C","971.000","hPa","0.826","-0.01532","0.000401","-0.00012","0","11.08","Humid","26.60","0","20.10","229728.20","SABD0002000011","AAV2.0.0.13","2.1.0.383","PSt7-10","171027-000","6/27/2018 9:55:33 AM","0000-00","0","no battery","V"
"08/23/2019","13:19:09","1","default","104940808","OXY1","43.144","min","171.249","μmol/L","Humid","21.226","deg","64004","µV","31.287","°C","1022.000","hPa","36.0","pmil","0","55.680","deg","20.000","°C","100.000","%a.s.","22.210","deg","20.000","°C","971.000","hPa","0.826","-0.01532","0.000401","-0.00012","0","11.08","Humid","26.60","0","20.10","229723.63","SABD0002000011","AAV2.0.0.13","2.1.0.383","PSt7-10","171027-000","6/27/2018 9:55:33 AM","0000-00","0","no battery","V"
"08/23/2019","13:19:10","1","default","104940808","OXY1","43.161","min","171.237","μmol/L","Humid","21.229","deg","64008","µV","31.281","°C","1022.000","hPa","36.0","pmil","0","55.680","deg","20.000","°C","100.000","%a.s.","22.210","deg","20.000","°C","971.000","hPa","0.826","-0.01532","0.000401","-0.00012","0","11.08","Humid","26.60","0","20.10","229737.26","SABD0002000011","AAV2.0.0.13","2.1.0.383","PSt7-10","171027-000","6/27/2018 9:55:33 AM","0000-00","0","no battery","V"
"08/23/2019","13:19:11","1","default","104940808","OXY1","43.177","min","171.260","μmol/L","Humid","21.227","deg","64004","µV","31.281","°C","1021.000","hPa","36.0","pmil","0","55.680","deg","20.000","°C","100.000","%a.s.","22.210","deg","20.000","°C","971.000","hPa","0.826","-0.01532","0.000401","-0.00012","0","11.08","Humid","26.60","0","20.10","229722.28","SABD0002000011","AAV2.0.0.13","2.1.0.383","PSt7-10","171027-000","6/27/2018 9:55:33 AM","0000-00","0","no battery","V"
"08/23/2019","13:19:12","1","default","104940808","OXY1","43.194","min","171.226","μmol/L","Humid","21.227","deg","64004","µV","31.287","°C","1021.000","hPa","36.0","pmil","0","55.680","deg","20.000","°C","100.000","%a.s.","22.210","deg","20.000","°C","971.000","hPa","0.826","-0.01532","0.000401","-0.00012","0","11.08","Humid","26.60","0","20.10","229710.98","SABD0002000011","AAV2.0.0.13","2.1.0.383","PSt7-10","171027-000","6/27/2018 9:55:33 AM","0000-00","0","no battery","V"
"08/23/2019","13:19:13","1","default","104940808","OXY1","43.210","min","171.196","μmol/L","Humid","21.229","deg","64004","µV","31.287","°C","1021.000","hPa","36.0","pmil","0","55.680","deg","20.000","°C","100.000","%a.s.","22.210","deg","20.000","°C","971.000","hPa","0.826","-0.01532","0.000401","-0.00012","0","11.08","Humid","26.60","0","20.10","229710.97","SABD0002000011","AAV2.0.0.13","2.1.0.383","PSt7-10","171027-000","6/27/2018 9:55:33 AM","0000-00","0","no battery","V"
"08/23/2019","13:19:14","1","default","104940808","OXY1","43.227","min","171.278","μmol/L","Humid","21.228","deg","64011","µV","31.275","°C","1021.000","hPa","36.0","pmil","0","55.680","deg","20.000","°C","100.000","%a.s.","22.210","deg","20.000","°C","971.000","hPa","0.826","-0.01532","0.000401","-0.00012","0","11.08","Humid","26.60","0","20.10","229718.51","SABD0002000011","AAV2.0.0.13","2.1.0.383","PSt7-10","171027-000","6/27/2018 9:55:33 AM","0000-00","0","no battery","V"
"08/23/2019","13:19:15","1","default","104940808","OXY1","43.244","min","171.196","μmol/L","Humid","21.229","deg","64005","µV","31.287","°C","1021.000","hPa","36.0","pmil","0","55.680","deg","20.000","°C","100.000","%a.s.","22.210","deg","20.000","°C","971.000","hPa","0.826","-0.01532","0.000401","-0.00012","0","11.08","Humid","26.60","0","20.10","229712.43","SABD0002000011","AAV2.0.0.13","2.1.0.383","PSt7-10","171027-000","6/27/2018 9:55:33 AM","0000-00","0","no battery","V"
"08/23/2019","13:19:16","1","default","104940808","OXY1","43.261","min","171.351","μmol/L","Humid","21.221","deg","64007","µV","31.281","°C","1021.000","hPa","36.0","pmil","0","55.680","deg","20.000","°C","100.000","%a.s.","22.210","deg","20.000","°C","971.000","hPa","0.826","-0.01532","0.000401","-0.00012","0","11.08","Humid","26.60","0","20.10","229706.97","SABD0002000011","AAV2.0.0.13","2.1.0.383","PSt7-10","171027-000","6/27/2018 9:55:33 AM","0000-00","0","no battery","V"
"08/23/2019","13:19:17","1","default","104940808","OXY1","43.277","min","171.169","μmol/L","Humid","21.233","deg","64000","µV","31.281","°C","1021.000","hPa","36.0","pmil","0","55.680","deg","20.000","°C","100.000","%a.s.","22.210","deg","20.000","°C","971.000","hPa","0.826","-0.01532","0.000401","-0.00012","0","11.08","Humid","26.60","0","20.10","229695.17","SABD0002000011","AAV2.0.0.13","2.1.0.383","PSt7-10","171027-000","6/27/2018 9:55:33 AM","0000-00","0","no battery","V"
"08/23/2019","13:19:18","1","default","104940808","OXY1","43.293","min","171.260","μmol/L","Humid","21.227","deg","64002","µV","31.281","°C","1021.000","hPa","36.0","pmil","0","55.680","deg","20.000","°C","100.000","%a.s.","22.210","deg","20.000","°C","971.000","hPa","0.826","-0.01532","0.000401","-0.00012","0","11.08","Humid","26.60","0","20.10","229713.17","SABD0002000011","AAV2.0.0.13","2.1.0.383","PSt7-10","171027-000","6/27/2018 9:55:33 AM","0000-00","0","no battery","V"
"08/23/2019","13:19:19","1","default","104940808","OXY1","43.310","min","171.233","μmol/L","Humid","21.231","deg","64001","µV","31.275","°C","1021.000","hPa","36.0","pmil","0","55.680","deg","20.000","°C","100.000","%a.s.","22.210","deg","20.000","°C","971.000","hPa","0.826","-0.01532","0.000401","-0.00012","0","11.08","Humid","26.60","0","20.10","229703.28","SABD0002000011","AAV2.0.0.13","2.1.0.383","PSt7-10","171027-000","6/27/2018 9:55:33 AM","0000-00","0","no battery","V"
"08/23/2019","13:19:20","1","default","104940808","OXY1","43.327","min","171.180","μmol/L","Humid","21.230","deg","64002","µV","31.287","°C","1021.000","hPa","36.0","pmil","0","55.680","deg","20.000","°C","100.000","%a.s.","22.210","deg","20.000","°C","971.000","hPa","0.826","-0.01532","0.000401","-0.00012","0","11.08","Humid","26.60","0","20.10","229703.63","SABD0002000011","AAV2.0.0.13","2.1.0.383","PSt7-10","171027-000","6/27/2018 9:55:33 AM","0000-00","0","no battery","V"
"08/23/2019","13:19:21","1","default","104940808","OXY1","43.344","min","171.286","μmol/L","Humid","21.228","deg","64006","µV","31.275","°C","1022.000","hPa","36.0","pmil","0","55.680","deg","20.000","°C","100.000","%a.s.","22.210","deg","20.000","°C","971.000","hPa","0.826","-0.01532","0.000401","-0.00012","0","11.08","Humid","26.60","0","20.10","229722.97","SABD0002000011","AAV2.0.0.13","2.1.0.383","PSt7-10","171027-000","6/27/2018 9:55:33 AM","0000-00","0","no battery","V"
"08/23/2019","13:19:22","1","default","104940808","OXY1","43.360","min","171.199","μmol/L","Humid","21.231","deg","64004","µV","31.281","°C","1021.000","hPa","36.0","pmil","0","55.680","deg","20.000","°C","100.000","%a.s.","22.210","deg","20.000","°C","971.000","hPa","0.826","-0.01532","0.000401","-0.00012","0","11.08","Humid","26.60","0","20.10","229706.31","SABD0002000011","AAV2.0.0.13","2.1.0.383","PSt7-10","171027-000","6/27/2018 9:55:33 AM","0000-00","0","no battery","V"
"08/23/2019","13:19:23","1","default","104940808","OXY1","43.377","min","171.263","μmol/L","Humid","21.229","deg","63999","µV","31.275","°C","1021.000","hPa","36.0","pmil","0","55.680","deg","20.000","°C","100.000","%a.s.","22.210","deg","20.000","°C","971.000","hPa","0.826","-0.01532","0.000401","-0.00012","0","11.08","Humid","26.60","0","20.10","229705.84","SABD0002000011","AAV2.0.0.13","2.1.0.383","PSt7-10","171027-000","6/27/2018 9:55:33 AM","0000-00","0","no battery","V"
"08/23/2019","13:19:24","1","default","104940808","OXY1","43.394","min","171.199","μmol/L","Humid","21.231","deg","64008","µV","31.281","°C","1021.000","hPa","36.0","pmil","0","55.680","deg","20.000","°C","100.000","%a.s.","22.210","deg","20.000","°C","971.000","hPa","0.826","-0.01532","0.000401","-0.00012","0","11.08","Humid","26.60","0","20.10","229706.38","SABD0002000011","AAV2.0.0.13","2.1.0.383","PSt7-10","171027-000","6/27/2018 9:55:33 AM","0000-00","0","no battery","V"
"08/23/2019","13:19:25","1","default","104940808","OXY1","43.411","min","171.275","μmol/L","Humid","21.226","deg","64000","µV","31.281","°C","1021.000","hPa","36.0","pmil","0","55.680","deg","20.000","°C","100.000","%a.s.","22.210","deg","20.000","°C","971.000","hPa","0.826","-0.01532","0.000401","-0.00012","0","11.08","Humid","26.60","0","20.10","229711.91","SABD0002000011","AAV2.0.0.13","2.1.0.383","PSt7-10","171027-000","6/27/2018 9:55:33 AM","0000-00","0","no battery","V"
"08/23/2019","13:19:26","1","default","104940808","OXY1","43.427","min","171.199","μmol/L","Humid","21.231","deg","64007","µV","31.281","°C","1021.000","hPa","36.0","pmil","0","55.680","deg","20.000","°C","100.000","%a.s.","22.210","deg","20.000","°C","971.000","hPa","0.826","-0.01532","0.000401","-0.00012","0","11.08","Humid","26.60","0","20.10","229712.69","SABD0002000011","AAV2.0.0.13","2.1.0.383","PSt7-10","171027-000","6/27/2018 9:55:33 AM","0000-00","0","no battery","V"
"08/23/2019","13:19:27","1","default","104940808","OXY1","43.443","min","171.135","μmol/L","Humid","21.233","deg","64005","µV","31.287","°C","1021.000","hPa","36.0","pmil","0","55.680","deg","20.000","°C","100.000","%a.s.","22.210","deg","20.000","°C","971.000","hPa","0.826","-0.01532","0.000401","-0.00012","0","11.08","Humid","26.60","0","20.10","229708.19","SABD0002000011","AAV2.0.0.13","2.1.0.383","PSt7-10","171027-000","6/27/2018 9:55:33 AM","0000-00","0","no battery","V"
"08/23/2019","13:19:28","1","default","104940808","OXY1","43.460","min","171.169","μmol/L","Humid","21.233","deg","64005","µV","31.281","°C","1021.000","hPa","36.0","pmil","0","55.680","deg","20.000","°C","100.000","%a.s.","22.210","deg","20.000","°C","971.000","hPa","0.826","-0.01532","0.000401","-0.00012","0","11.08","Humid","26.60","0","20.10","229720.95","SABD0002000011","AAV2.0.0.13","2.1.0.383","PSt7-10","171027-000","6/27/2018 9:55:33 AM","0000-00","0","no battery","V"
"08/23/2019","13:19:29","1","default","104940808","OXY1","43.477","min","171.180","μmol/L","Humid","21.230","deg","64003","µV","31.287","°C","1021.000","hPa","36.0","pmil","0","55.680","deg","20.000","°C","100.000","%a.s.","22.210","deg","20.000","°C","971.000","hPa","0.826","-0.01532","0.000401","-0.00012","0","11.08","Humid","26.60","0","20.10","229713.48","SABD0002000011","AAV2.0.0.13","2.1.0.383","PSt7-10","171027-000","6/27/2018 9:55:33 AM","0000-00","0","no battery","V"
"08/23/2019","13:19:30","1","default","104940808","OXY1","43.493","min","171.275","μmol/L","Humid","21.226","deg","64007","µV","31.281","°C","1021.000","hPa","36.0","pmil","0","55.680","deg","20.000","°C","100.000","%a.s.","22.210","deg","20.000","°C","971.000","hPa","0.826","-0.01532","0.000401","-0.00012","0","11.08","Humid","26.60","0","20.10","229703.85","SABD0002000011","AAV2.0.0.13","2.1.0.383","PSt7-10","171027-000","6/27/2018 9:55:33 AM","0000-00","0","no battery","V"
"08/23/2019","13:19:31","1","default","104940808","OXY1","43.510","min","171.165","μmol/L","Humid","21.231","deg","64004","µV","31.287","°C","1021.000","hPa","36.0","pmil","0","55.680","deg","20.000","°C","100.000","%a.s.","22.210","deg","20.000","°C","971.000","hPa","0.826","-0.01532","0.000401","-0.00012","0","11.08","Humid","26.60","0","20.10","229701.85","SABD0002000011","AAV2.0.0.13","2.1.0.383","PSt7-10","171027-000","6/27/2018 9:55:33 AM","0000-00","0","no battery","V"
"08/23/2019","13:19:32","1","default","104940808","OXY1","43.527","min","171.123","μmol/L","Humid","21.236","deg","64004","µV","31.281","°C","1021.000","hPa","36.0","pmil","0","55.680","deg","20.000","°C","100.000","%a.s.","22.210","deg","20.000","°C","971.000","hPa","0.826","-0.01532","0.000401","-0.00012","0","11.08","Humid","26.60","0","20.10","229709.01","SABD0002000011","AAV2.0.0.13","2.1.0.383","PSt7-10","171027-000","6/27/2018 9:55:33 AM","0000-00","0","no battery","V"
"08/23/2019","13:19:33","1","default","104940808","OXY1","43.544","min","171.169","μmol/L","Humid","21.233","deg","64000","µV","31.281","°C","1021.000","hPa","36.0","pmil","0","55.680","deg","20.000","°C","100.000","%a.s.","22.210","deg","20.000","°C","971.000","hPa","0.826","-0.01532","0.000401","-0.00012","0","11.08","Humid","26.60","0","20.10","229712.23","SABD0002000011","AAV2.0.0.13","2.1.0.383","PSt7-10","171027-000","6/27/2018 9:55:33 AM","0000-00","0","no battery","V"
"08/23/2019","13:19:34","1","default","104940808","OXY1","43.560","min","171.150","μmol/L","Humid","21.232","deg","64004","µV","31.287","°C","1021.000","hPa","36.0","pmil","0","55.680","deg","20.000","°C","100.000","%a.s.","22.210","deg","20.000","°C","971.000","hPa","0.826","-0.01532","0.000401","-0.00012","0","11.08","Humid","26.60","0","20.10","229704.42","SABD0002000011","AAV2.0.0.13","2.1.0.383","PSt7-10","171027-000","6/27/2018 9:55:33 AM","0000-00","0","no battery","V"
"08/23/2019","13:19:35","1","default","104940808","OXY1","43.577","min","171.138","μmol/L","Humid","21.235","deg","64004","µV","31.281","°C","1021.000","hPa","36.0","pmil","0","55.680","deg","20.000","°C","100.000","%a.s.","22.210","deg","20.000","°C","971.000","hPa","0.826","-0.01532","0.000401","-0.00012","0","11.08","Humid","26.60","0","20.10","229699.53","SABD0002000011","AAV2.0.0.13","2.1.0.383","PSt7-10","171027-000","6/27/2018 9:55:33 AM","0000-00","0","no battery","V"
"08/23/2019","13:19:36","1","default","104940808","OXY1","43.594","min","171.116","μmol/L","Humid","21.232","deg","64007","µV","31.294","°C","1021.000","hPa","36.0","pmil","0","55.680","deg","20.000","°C","100.000","%a.s.","22.210","deg","20.000","°C","971.000","hPa","0.826","-0.01532","0.000401","-0.00012","0","11.08","Humid","26.60","0","20.10","229709.98","SABD0002000011","AAV2.0.0.13","2.1.0.383","PSt7-10","171027-000","6/27/2018 9:55:33 AM","0000-00","0","no battery","V"
"08/23/2019","13:19:37","1","default","104940808","OXY1","43.611","min","171.120","μmol/L","Humid","21.234","deg","64008","µV","31.287","°C","1021.000","hPa","36.0","pmil","0","55.680","deg","20.000","°C","100.000","%a.s.","22.210","deg","20.000","°C","971.000","hPa","0.826","-0.01532","0.000401","-0.00012","0","11.08","Humid","26.60","0","20.10","229718.98","SABD0002000011","AAV2.0.0.13","2.1.0.383","PSt7-10","171027-000","6/27/2018 9:55:33 AM","0000-00","0","no battery","V"
"08/23/2019","13:19:38","1","default","104940808","OXY1","43.627","min","171.229","μmol/L","Humid","21.229","deg","64010","µV","31.281","°C","1021.000","hPa","36.0","pmil","0","55.680","deg","20.000","°C","100.000","%a.s.","22.210","deg","20.000","°C","971.000","hPa","0.826","-0.01532","0.000401","-0.00012","0","11.08","Humid","26.60","0","20.10","229714.44","SABD0002000011","AAV2.0.0.13","2.1.0.383","PSt7-10","171027-000","6/27/2018 9:55:33 AM","0000-00","0","no battery","V"
"08/23/2019","13:19:39","1","default","104940808","OXY1","43.643","min","171.105","μmol/L","Humid","21.235","deg","63999","µV","31.287","°C","1021.000","hPa","36.0","pmil","0","55.680","deg","20.000","°C","100.000","%a.s.","22.210","deg","20.000","°C","971.000","hPa","0.826","-0.01532","0.000401","-0.00012","0","11.08","Humid","26.60","0","20.10","229713.14","SABD0002000011","AAV2.0.0.13","2.1.0.383","PSt7-10","171027-000","6/27/2018 9:55:33 AM","0000-00","0","no battery","V"
"08/23/2019","13:19:40","1","default","104940808","OXY1","43.660","min","171.089","μmol/L","Humid","21.236","deg","64000","µV","31.287","°C","1021.000","hPa","36.0","pmil","0","55.680","deg","20.000","°C","100.000","%a.s.","22.210","deg","20.000","°C","971.000","hPa","0.826","-0.01532","0.000401","-0.00012","0","11.08","Humid","26.60","0","20.10","229711.77","SABD0002000011","AAV2.0.0.13","2.1.0.383","PSt7-10","171027-000","6/27/2018 9:55:33 AM","0000-00","0","no battery","V"
"08/23/2019","13:19:41","1","default","104940808","OXY1","43.677","min","171.135","μmol/L","Humid","21.233","deg","64010","µV","31.287","°C","1021.000","hPa","36.0","pmil","0","55.680","deg","20.000","°C","100.000","%a.s.","22.210","deg","20.000","°C","971.000","hPa","0.826","-0.01532","0.000401","-0.00012","0","11.08","Humid","26.60","0","20.10","229720.12","SABD0002000011","AAV2.0.0.13","2.1.0.383","PSt7-10","171027-000","6/27/2018 9:55:33 AM","0000-00","0","no battery","V"
"08/23/2019","13:19:42","1","default","104940808","OXY1","43.694","min","171.172","μmol/L","Humid","21.235","deg","64005","µV","31.275","°C","1021.000","hPa","36.0","pmil","0","55.680","deg","20.000","°C","100.000","%a.s.","22.210","deg","20.000","°C","971.000","hPa","0.826","-0.01532","0.000401","-0.00012","0","11.08","Humid","26.60","0","20.10","229709.41","SABD0002000011","AAV2.0.0.13","2.1.0.383","PSt7-10","171027-000","6/27/2018 9:55:33 AM","0000-00","0","no battery","V"
"08/23/2019","13:19:43","1","default","104940808","OXY1","43.710","min","171.184","μmol/L","Humid","21.232","deg","63999","µV","31.281","°C","1021.000","hPa","36.0","pmil","0","55.680","deg","20.000","°C","100.000","%a.s.","22.210","deg","20.000","°C","971.000","hPa","0.826","-0.01532","0.000401","-0.00012","0","11.08","Humid","26.60","0","20.10","229709.80","SABD0002000011","AAV2.0.0.13","2.1.0.383","PSt7-10","171027-000","6/27/2018 9:55:33 AM","0000-00","0","no battery","V"
"08/23/2019","13:19:44","1","default","104940808","OXY1","43.727","min","171.233","μmol/L","Humid","21.231","deg","64006","µV","31.275","°C","1021.000","hPa","36.0","pmil","0","55.680","deg","20.000","°C","100.000","%a.s.","22.210","deg","20.000","°C","971.000","hPa","0.826","-0.01532","0.000401","-0.00012","0","11.08","Humid","26.60","0","20.10","229703.03","SABD0002000011","AAV2.0.0.13","2.1.0.383","PSt7-10","171027-000","6/27/2018 9:55:33 AM","0000-00","0","no battery","V"
"08/23/2019","13:19:45","1","default","104940808","OXY1","43.744","min","171.263","μmol/L","Humid","21.229","deg","64001","µV","31.275","°C","1021.000","hPa","36.0","pmil","0","55.680","deg","20.000","°C","100.000","%a.s.","22.210","deg","20.000","°C","971.000","hPa","0.826","-0.01532","0.000401","-0.00012","0","11.08","Humid","26.60","0","20.10","229707.80","SABD0002000011","AAV2.0.0.13","2.1.0.383","PSt7-10","171027-000","6/27/2018 9:55:33 AM","0000-00","0","no battery","V"
"08/23/2019","13:19:46","1","default","104940808","OXY1","43.761","min","171.184","μmol/L","Humid","21.232","deg","63997","µV","31.281","°C","1021.000","hPa","36.0","pmil","0","55.680","deg","20.000","°C","100.000","%a.s.","22.210","deg","20.000","°C","971.000","hPa","0.826","-0.01532","0.000401","-0.00012","0","11.08","Humid","26.60","0","20.10","229713.40","SABD0002000011","AAV2.0.0.13","2.1.0.383","PSt7-10","171027-000","6/27/2018 9:55:33 AM","0000-00","0","no battery","V"
"08/23/2019","13:19:47","1","default","104940808","OXY1","43.777","min","171.207","μmol/L","Humid","21.231","deg","63994","µV","31.281","°C","1022.000","hPa","36.0","pmil","0","55.680","deg","20.000","°C","100.000","%a.s.","22.210","deg","20.000","°C","971.000","hPa","0.826","-0.01532","0.000401","-0.00012","0","11.08","Humid","26.60","0","20.10","229711.61","SABD0002000011","AAV2.0.0.13","2.1.0.383","PSt7-10","171027-000","6/27/2018 9:55:33 AM","0000-00","0","no battery","V"
"08/23/2019","13:19:48","1","default","104940808","OXY1","43.794","min","171.188","μmol/L","Humid","21.230","deg","64004","µV","31.287","°C","1022.000","hPa","36.0","pmil","0","55.680","deg","20.000","°C","100.000","%a.s.","22.210","deg","20.000","°C","971.000","hPa","0.826","-0.01532","0.000401","-0.00012","0","11.08","Humid","26.60","0","20.10","229708.00","SABD0002000011","AAV2.0.0.13","2.1.0.383","PSt7-10","171027-000","6/27/2018 9:55:33 AM","0000-00","0","no battery","V"
"08/23/2019","13:19:49","1","default","104940808","OXY1","43.811","min","171.169","μmol/L","Humid","21.233","deg","64001","µV","31.281","°C","1021.000","hPa","36.0","pmil","0","55.680","deg","20.000","°C","100.000","%a.s.","22.210","deg","20.000","°C","971.000","hPa","0.826","-0.01532","0.000401","-0.00012","0","11.08","Humid","26.60","0","20.10","229701.84","SABD0002000011","AAV2.0.0.13","2.1.0.383","PSt7-10","171027-000","6/27/2018 9:55:33 AM","0000-00","0","no battery","V"
"08/23/2019","13:19:50","1","default","104940808","OXY1","43.827","min","171.082","μmol/L","Humid","21.237","deg","63996","µV","31.287","°C","1022.000","hPa","36.0","pmil","0","55.680","deg","20.000","°C","100.000","%a.s.","22.210","deg","20.000","°C","971.000","hPa","0.826","-0.01532","0.000401","-0.00012","0","11.08","Humid","26.60","0","20.10","229724.95","SABD0002000011","AAV2.0.0.13","2.1.0.383","PSt7-10","171027-000","6/27/2018 9:55:33 AM","0000-00","0","no battery","V"
"08/23/2019","13:19:51","1","default","104940808","OXY1","43.843","min","171.260","μmol/L","Humid","21.227","deg","63987","µV","31.281","°C","1021.000","hPa","36.0","pmil","0","55.680","deg","20.000","°C","100.000","%a.s.","22.210","deg","20.000","°C","971.000","hPa","0.826","-0.01532","0.000401","-0.00012","0","11.08","Humid","26.60","0","20.10","229705.68","SABD0002000011","AAV2.0.0.13","2.1.0.383","PSt7-10","171027-000","6/27/2018 9:55:33 AM","0000-00","0","no battery","V"
"08/23/2019","13:19:52","1","default","104940808","OXY1","43.860","min","171.278","μmol/L","Humid","21.228","deg","63992","µV","31.275","°C","1021.000","hPa","36.0","pmil","0","55.680","deg","20.000","°C","100.000","%a.s.","22.210","deg","20.000","°C","971.000","hPa","0.826","-0.01532","0.000401","-0.00012","0","11.08","Humid","26.60","0","20.10","229708.43","SABD0002000011","AAV2.0.0.13","2.1.0.383","PSt7-10","171027-000","6/27/2018 9:55:33 AM","0000-00","0","no battery","V"
"08/23/2019","13:19:53","1","default","104940808","OXY1","43.877","min","171.180","μmol/L","Humid","21.230","deg","63997","µV","31.287","°C","1021.000","hPa","36.0","pmil","0","55.680","deg","20.000","°C","100.000","%a.s.","22.210","deg","20.000","°C","971.000","hPa","0.826","-0.01532","0.000401","-0.00012","0","11.08","Humid","26.60","0","20.10","229707.98","SABD0002000011","AAV2.0.0.13","2.1.0.383","PSt7-10","171027-000","6/27/2018 9:55:33 AM","0000-00","0","no battery","V"
"08/23/2019","13:19:54","1","default","104940808","OXY1","43.893","min","171.222","μmol/L","Humid","21.230","deg","63994","µV","31.281","°C","1022.000","hPa","36.0","pmil","0","55.680","deg","20.000","°C","100.000","%a.s.","22.210","deg","20.000","°C","971.000","hPa","0.826","-0.01532","0.000401","-0.00012","0","11.08","Humid","26.60","0","20.10","229707.19","SABD0002000011","AAV2.0.0.13","2.1.0.383","PSt7-10","171027-000","6/27/2018 9:55:33 AM","0000-00","0","no battery","V"
"08/23/2019","13:19:55","1","default","104940808","OXY1","43.910","min","171.116","μmol/L","Humid","21.237","deg","63994","µV","31.281","°C","1022.000","hPa","36.0","pmil","0","55.680","deg","20.000","°C","100.000","%a.s.","22.210","deg","20.000","°C","971.000","hPa","0.826","-0.01532","0.000401","-0.00012","0","11.08","Humid","26.60","0","20.10","229703.62","SABD0002000011","AAV2.0.0.13","2.1.0.383","PSt7-10","171027-000","6/27/2018 9:55:33 AM","0000-00","0","no battery","V"
"08/23/2019","13:19:56","1","default","104940808","OXY1","43.927","min","171.196","μmol/L","Humid","21.229","deg","63986","µV","31.287","°C","1021.000","hPa","36.0","pmil","0","55.680","deg","20.000","°C","100.000","%a.s.","22.210","deg","20.000","°C","971.000","hPa","0.826","-0.01532","0.000401","-0.00012","0","11.08","Humid","26.60","0","20.10","229690.84","SABD0002000011","AAV2.0.0.13","2.1.0.383","PSt7-10","171027-000","6/27/2018 9:55:33 AM","0000-00","0","no battery","V"
"08/23/2019","13:19:57","1","default","104940808","OXY1","43.944","min","171.150","μmol/L","Humid","21.232","deg","63989","µV","31.287","°C","1021.000","hPa","36.0","pmil","0","55.680","deg","20.000","°C","100.000","%a.s.","22.210","deg","20.000","°C","971.000","hPa","0.826","-0.01532","0.000401","-0.00012","0","11.08","Humid","26.60","0","20.10","229707.20","SABD0002000011","AAV2.0.0.13","2.1.0.383","PSt7-10","171027-000","6/27/2018 9:55:33 AM","0000-00","0","no battery","V"
"08/23/2019","13:19:58","1","default","104940808","OXY1","43.961","min","171.226","μmol/L","Humid","21.227","deg","63993","µV","31.287","°C","1021.000","hPa","36.0","pmil","0","55.680","deg","20.000","°C","100.000","%a.s.","22.210","deg","20.000","°C","971.000","hPa","0.826","-0.01532","0.000401","-0.00012","0","11.08","Humid","26.60","0","20.10","229706.28","SABD0002000011","AAV2.0.0.13","2.1.0.383","PSt7-10","171027-000","6/27/2018 9:55:33 AM","0000-00","0","no battery","V"
"08/23/2019","13:19:59","1","default","104940808","OXY1","43.977","min","171.180","μmol/L","Humid","21.230","deg","63990","µV","31.287","°C","1021.000","hPa","36.0","pmil","0","55.680","deg","20.000","°C","100.000","%a.s.","22.210","deg","20.000","°C","971.000","hPa","0.826","-0.01532","0.000401","-0.00012","0","11.08","Humid","26.60","0","20.10","229693.90","SABD0002000011","AAV2.0.0.13","2.1.0.383","PSt7-10","171027-000","6/27/2018 9:55:33 AM","0000-00","0","no battery","V"
"08/23/2019","13:20:00","1","default","104940808","OXY1","43.994","min","171.128","μmol/L","Humid","21.234","deg","64000","µV","31.287","°C","1022.000","hPa","36.0","pmil","0","55.680","deg","20.000","°C","100.000","%a.s.","22.210","deg","20.000","°C","971.000","hPa","0.826","-0.01532","0.000401","-0.00012","0","11.08","Humid","26.60","0","20.10","229697.39","SABD0002000011","AAV2.0.0.13","2.1.0.383","PSt7-10","171027-000","6/27/2018 9:55:33 AM","0000-00","0","no battery","V"
"08/23/2019","13:20:01","1","default","104940808","OXY1","44.011","min","171.150","μmol/L","Humid","21.232","deg","63995","µV","31.287","°C","1021.000","hPa","36.0","pmil","0","55.680","deg","20.000","°C","100.000","%a.s.","22.210","deg","20.000","°C","971.000","hPa","0.826","-0.01532","0.000401","-0.00012","0","11.08","Humid","26.60","0","20.10","229703.51","SABD0002000011","AAV2.0.0.13","2.1.0.383","PSt7-10","171027-000","6/27/2018 9:55:33 AM","0000-00","0","no battery","V"
"08/23/2019","13:20:02","1","default","104940808","OXY1","44.027","min","171.214","μmol/L","Humid","21.230","deg","63995","µV","31.281","°C","1021.000","hPa","36.0","pmil","0","55.680","deg","20.000","°C","100.000","%a.s.","22.210","deg","20.000","°C","971.000","hPa","0.826","-0.01532","0.000401","-0.00012","0","11.08","Humid","26.60","0","20.10","229709.10","SABD0002000011","AAV2.0.0.13","2.1.0.383","PSt7-10","171027-000","6/27/2018 9:55:33 AM","0000-00","0","no battery","V"
"08/23/2019","13:20:03","1","default","104940808","OXY1","44.043","min","171.196","μmol/L","Humid","21.229","deg","63999","µV","31.287","°C","1021.000","hPa","36.0","pmil","0","55.680","deg","20.000","°C","100.000","%a.s.","22.210","deg","20.000","°C","971.000","hPa","0.826","-0.01532","0.000401","-0.00012","0","11.08","Humid","26.60","0","20.10","229699.77","SABD0002000011","AAV2.0.0.13","2.1.0.383","PSt7-10","171027-000","6/27/2018 9:55:33 AM","0000-00","0","no battery","V"
"08/23/2019","13:20:04","1","default","104940808","OXY1","44.060","min","171.120","μmol/L","Humid","21.234","deg","63995","µV","31.287","°C","1021.000","hPa","36.0","pmil","0","55.680","deg","20.000","°C","100.000","%a.s.","22.210","deg","20.000","°C","971.000","hPa","0.826","-0.01532","0.000401","-0.00012","0","11.08","Humid","26.60","0","20.10","229708.37","SABD0002000011","AAV2.0.0.13","2.1.0.383","PSt7-10","171027-000","6/27/2018 9:55:33 AM","0000-00","0","no battery","V"
"08/23/2019","13:20:05","1","default","104940808","OXY1","44.077","min","171.138","μmol/L","Humid","21.235","deg","63997","µV","31.281","°C","1021.000","hPa","36.0","pmil","0","55.680","deg","20.000","°C","100.000","%a.s.","22.210","deg","20.000","°C","971.000","hPa","0.826","-0.01532","0.000401","-0.00012","0","11.08","Humid","26.60","0","20.10","229700.07","SABD0002000011","AAV2.0.0.13","2.1.0.383","PSt7-10","171027-000","6/27/2018 9:55:33 AM","0000-00","0","no battery","V"
"08/23/2019","13:20:06","1","default","104940808","OXY1","44.094","min","171.199","μmol/L","Humid","21.231","deg","63997","µV","31.281","°C","1021.000","hPa","36.0","pmil","0","55.680","deg","20.000","°C","100.000","%a.s.","22.210","deg","20.000","°C","971.000","hPa","0.826","-0.01532","0.000401","-0.00012","0","11.08","Humid","26.60","0","20.10","229696.44","SABD0002000011","AAV2.0.0.13","2.1.0.383","PSt7-10","171027-000","6/27/2018 9:55:33 AM","0000-00","0","no battery","V"
"08/23/2019","13:20:07","1","default","104940808","OXY1","44.110","min","171.108","μmol/L","Humid","21.237","deg","63996","µV","31.281","°C","1021.000","hPa","36.0","pmil","0","55.680","deg","20.000","°C","100.000","%a.s.","22.210","deg","20.000","°C","971.000","hPa","0.826","-0.01532","0.000401","-0.00012","0","11.08","Humid","26.60","0","20.10","229700.15","SABD0002000011","AAV2.0.0.13","2.1.0.383","PSt7-10","171027-000","6/27/2018 9:55:33 AM","0000-00","0","no battery","V"
"08/23/2019","13:20:08","1","default","104940808","OXY1","44.127","min","171.150","μmol/L","Humid","21.232","deg","63996","µV","31.287","°C","1021.000","hPa","36.0","pmil","0","55.680","deg","20.000","°C","100.000","%a.s.","22.210","deg","20.000","°C","971.000","hPa","0.826","-0.01532","0.000401","-0.00012","0","11.08","Humid","26.60","0","20.10","229708.26","SABD0002000011","AAV2.0.0.13","2.1.0.383","PSt7-10","171027-000","6/27/2018 9:55:33 AM","0000-00","0","no battery","V"
"08/23/2019","13:20:09","1","default","104940808","OXY1","44.144","min","171.278","μmol/L","Humid","21.228","deg","64001","µV","31.275","°C","1021.000","hPa","36.0","pmil","0","55.680","deg","20.000","°C","100.000","%a.s.","22.210","deg","20.000","°C","971.000","hPa","0.826","-0.01532","0.000401","-0.00012","0","11.08","Humid","26.60","0","20.10","229706.36","SABD0002000011","AAV2.0.0.13","2.1.0.383","PSt7-10","171027-000","6/27/2018 9:55:33 AM","0000-00","0","no battery","V"
"08/23/2019","13:20:10","1","default","104940808","OXY1","44.161","min","171.074","μmol/L","Humid","21.237","deg","63998","µV","31.287","°C","1021.000","hPa","36.0","pmil","0","55.680","deg","20.000","°C","100.000","%a.s.","22.210","deg","20.000","°C","971.000","hPa","0.826","-0.01532","0.000401","-0.00012","0","11.08","Humid","26.60","0","20.10","229705.82","SABD0002000011","AAV2.0.0.13","2.1.0.383","PSt7-10","171027-000","6/27/2018 9:55:33 AM","0000-00","0","no battery","V"
"08/23/2019","13:20:11","1","default","104940808","OXY1","44.177","min","171.211","μmol/L","Humid","21.228","deg","64001","µV","31.287","°C","1021.000","hPa","36.0","pmil","0","55.680","deg","20.000","°C","100.000","%a.s.","22.210","deg","20.000","°C","971.000","hPa","0.826","-0.01532","0.000401","-0.00012","0","11.08","Humid","26.60","0","20.10","229698.12","SABD0002000011","AAV2.0.0.13","2.1.0.383","PSt7-10","171027-000","6/27/2018 9:55:33 AM","0000-00","0","no battery","V"
"08/23/2019","13:20:12","1","default","104940808","OXY1","44.193","min","171.082","μmol/L","Humid","21.237","deg","63997","µV","31.287","°C","1022.000","hPa","36.0","pmil","0","55.680","deg","20.000","°C","100.000","%a.s.","22.210","deg","20.000","°C","971.000","hPa","0.826","-0.01532","0.000401","-0.00012","0","11.08","Humid","26.60","0","20.10","229699.15","SABD0002000011","AAV2.0.0.13","2.1.0.383","PSt7-10","171027-000","6/27/2018 9:55:33 AM","0000-00","0","no battery","V"
"08/23/2019","13:20:13","1","default","104940808","OXY1","44.210","min","171.128","μmol/L","Humid","21.234","deg","63996","µV","31.287","°C","1022.000","hPa","36.0","pmil","0","55.680","deg","20.000","°C","100.000","%a.s.","22.210","deg","20.000","°C","971.000","hPa","0.826","-0.01532","0.000401","-0.00012","0","11.08","Humid","26.60","0","20.10","229710.33","SABD0002000011","AAV2.0.0.13","2.1.0.383","PSt7-10","171027-000","6/27/2018 9:55:33 AM","0000-00","0","no battery","V"
"08/23/2019","13:20:14","1","default","104940808","OXY1","44.227","min","171.162","μmol/L","Humid","21.229","deg","64003","µV","31.294","°C","1021.000","hPa","36.0","pmil","0","55.680","deg","20.000","°C","100.000","%a.s.","22.210","deg","20.000","°C","971.000","hPa","0.826","-0.01532","0.000401","-0.00012","0","11.08","Humid","26.60","0","20.10","229709.67","SABD0002000011","AAV2.0.0.13","2.1.0.383","PSt7-10","171027-000","6/27/2018 9:55:33 AM","0000-00","0","no battery","V"
"08/23/2019","13:20:15","1","default","104940808","OXY1","44.244","min","171.207","μmol/L","Humid","21.231","deg","63996","µV","31.281","°C","1022.000","hPa","36.0","pmil","0","55.680","deg","20.000","°C","100.000","%a.s.","22.210","deg","20.000","°C","971.000","hPa","0.826","-0.01532","0.000401","-0.00012","0","11.08","Humid","26.60","0","20.10","229708.45","SABD0002000011","AAV2.0.0.13","2.1.0.383","PSt7-10","171027-000","6/27/2018 9:55:33 AM","0000-00","0","no battery","V"
"08/23/2019","13:20:16","1","default","104940808","OXY1","44.260","min","171.138","μmol/L","Humid","21.235","deg","63999","µV","31.281","°C","1021.000","hPa","36.0","pmil","0","55.680","deg","20.000","°C","100.000","%a.s.","22.210","deg","20.000","°C","971.000","hPa","0.826","-0.01532","0.000401","-0.00012","0","11.08","Humid","26.60","0","20.10","229711.33","SABD0002000011","AAV2.0.0.13","2.1.0.383","PSt7-10","171027-000","6/27/2018 9:55:33 AM","0000-00","0","no battery","V"
"08/23/2019","13:20:17","1","default","104940808","OXY1","44.277","min","171.078","μmol/L","Humid","21.239","deg","63999","µV","31.281","°C","1021.000","hPa","36.0","pmil","0","55.680","deg","20.000","°C","100.000","%a.s.","22.210","deg","20.000","°C","971.000","hPa","0.826","-0.01532","0.000401","-0.00012","0","11.08","Humid","26.60","0","20.10","229709.55","SABD0002000011","AAV2.0.0.13","2.1.0.383","PSt7-10","171027-000","6/27/2018 9:55:33 AM","0000-00","0","no battery","V"
"08/23/2019","13:20:18","1","default","104940808","OXY1","44.294","min","171.105","μmol/L","Humid","21.235","deg","64002","µV","31.287","°C","1021.000","hPa","36.0","pmil","0","55.680","deg","20.000","°C","100.000","%a.s.","22.210","deg","20.000","°C","971.000","hPa","0.826","-0.01532","0.000401","-0.00012","0","11.08","Humid","26.60","0","20.10","229716.18","SABD0002000011","AAV2.0.0.13","2.1.0.383","PSt7-10","171027-000","6/27/2018 9:55:33 AM","0000-00","0","no battery","V"
"08/23/2019","13:20:19","1","default","104940808","OXY1","44.310","min","171.135","μmol/L","Humid","21.233","deg","64003","µV","31.287","°C","1021.000","hPa","36.0","pmil","0","55.680","deg","20.000","°C","100.000","%a.s.","22.210","deg","20.000","°C","971.000","hPa","0.826","-0.01532","0.000401","-0.00012","0","11.08","Humid","26.60","0","20.10","229712.96","SABD0002000011","AAV2.0.0.13","2.1.0.383","PSt7-10","171027-000","6/27/2018 9:55:33 AM","0000-00","0","no battery","V"
"08/23/2019","13:20:20","1","default","104940808","OXY1","44.327","min","171.173","μmol/L","Humid","21.231","deg","64007","µV","31.287","°C","1022.000","hPa","36.0","pmil","0","55.680","deg","20.000","°C","100.000","%a.s.","22.210","deg","20.000","°C","971.000","hPa","0.826","-0.01532","0.000401","-0.00012","0","11.08","Humid","26.60","0","20.10","229708.71","SABD0002000011","AAV2.0.0.13","2.1.0.383","PSt7-10","171027-000","6/27/2018 9:55:33 AM","0000-00","0","no battery","V"
"08/23/2019","13:20:21","1","default","104940808","OXY1","44.343","min","171.150","μmol/L","Humid","21.232","deg","64006","µV","31.287","°C","1021.000","hPa","36.0","pmil","0","55.680","deg","20.000","°C","100.000","%a.s.","22.210","deg","20.000","°C","971.000","hPa","0.826","-0.01532","0.000401","-0.00012","0","11.08","Humid","26.60","0","20.10","229704.02","SABD0002000011","AAV2.0.0.13","2.1.0.383","PSt7-10","171027-000","6/27/2018 9:55:33 AM","0000-00","0","no battery","V"
"08/23/2019","13:20:22","1","default","104940808","OXY1","44.360","min","171.067","μmol/L","Humid","21.238","deg","64000","µV","31.287","°C","1022.000","hPa","36.0","pmil","0","55.680","deg","20.000","°C","100.000","%a.s.","22.210","deg","20.000","°C","971.000","hPa","0.826","-0.01532","0.000401","-0.00012","0","11.08","Humid","26.60","0","20.10","229705.50","SABD0002000011","AAV2.0.0.13","2.1.0.383","PSt7-10","171027-000","6/27/2018 9:55:33 AM","0000-00","0","no battery","V"
"08/23/2019","13:20:23","1","default","104940808","OXY1","44.377","min","171.070","μmol/L","Humid","21.240","deg","64003","µV","31.281","°C","1022.000","hPa","36.0","pmil","0","55.680","deg","20.000","°C","100.000","%a.s.","22.210","deg","20.000","°C","971.000","hPa","0.826","-0.01532","0.000401","-0.00012","0","11.08","Humid","26.60","0","20.10","229700.62","SABD0002000011","AAV2.0.0.13","2.1.0.383","PSt7-10","171027-000","6/27/2018 9:55:33 AM","0000-00","0","no battery","V"
"08/23/2019","13:20:24","1","default","104940808","OXY1","44.394","min","171.150","μmol/L","Humid","21.232","deg","64005","µV","31.287","°C","1021.000","hPa","36.0","pmil","0","55.680","deg","20.000","°C","100.000","%a.s.","22.210","deg","20.000","°C","971.000","hPa","0.826","-0.01532","0.000401","-0.00012","0","11.08","Humid","26.60","0","20.10","229710.25","SABD0002000011","AAV2.0.0.13","2.1.0.383","PSt7-10","171027-000","6/27/2018 9:55:33 AM","0000-00","0","no battery","V"
"08/23/2019","13:20:25","1","default","104940808","OXY1","44.410","min","171.010","μmol/L","Humid","21.239","deg","64000","µV","31.294","°C","1021.000","hPa","36.0","pmil","0","55.680","deg","20.000","°C","100.000","%a.s.","22.210","deg","20.000","°C","971.000","hPa","0.826","-0.01532","0.000401","-0.00012","0","11.08","Humid","26.60","0","20.10","229709.23","SABD0002000011","AAV2.0.0.13","2.1.0.383","PSt7-10","171027-000","6/27/2018 9:55:33 AM","0000-00","0","no battery","V"
"08/23/2019","13:20:26","1","default","104940808","OXY1","44.427","min","171.071","μmol/L","Humid","21.235","deg","64007","µV","31.294","°C","1021.000","hPa","36.0","pmil","0","55.680","deg","20.000","°C","100.000","%a.s.","22.210","deg","20.000","°C","971.000","hPa","0.826","-0.01532","0.000401","-0.00012","0","11.08","Humid","26.60","0","20.10","229705.39","SABD0002000011","AAV2.0.0.13","2.1.0.383","PSt7-10","171027-000","6/27/2018 9:55:33 AM","0000-00","0","no battery","V"
"08/23/2019","13:20:27","1","default","104940808","OXY1","44.444","min","171.067","μmol/L","Humid","21.238","deg","64000","µV","31.287","°C","1022.000","hPa","36.0","pmil","0","55.680","deg","20.000","°C","100.000","%a.s.","22.210","deg","20.000","°C","971.000","hPa","0.826","-0.01532","0.000401","-0.00012","0","11.08","Humid","26.60","0","20.10","229702.10","SABD0002000011","AAV2.0.0.13","2.1.0.383","PSt7-10","171027-000","6/27/2018 9:55:33 AM","0000-00","0","no battery","V"
"08/23/2019","13:20:28","1","default","104940808","OXY1","44.461","min","171.078","μmol/L","Humid","21.239","deg","64004","µV","31.281","°C","1021.000","hPa","36.0","pmil","0","55.680","deg","20.000","°C","100.000","%a.s.","22.210","deg","20.000","°C","971.000","hPa","0.826","-0.01532","0.000401","-0.00012","0","11.08","Humid","26.60","0","20.10","229700.49","SABD0002000011","AAV2.0.0.13","2.1.0.383","PSt7-10","171027-000","6/27/2018 9:55:33 AM","0000-00","0","no battery","V"
"08/23/2019","13:20:29","1","default","104940808","OXY1","44.477","min","170.995","μmol/L","Humid","21.240","deg","64005","µV","31.294","°C","1021.000","hPa","36.0","pmil","0","55.680","deg","20.000","°C","100.000","%a.s.","22.210","deg","20.000","°C","971.000","hPa","0.826","-0.01532","0.000401","-0.00012","0","11.08","Humid","26.60","0","20.10","229705.79","SABD0002000011","AAV2.0.0.13","2.1.0.383","PSt7-10","171027-000","6/27/2018 9:55:33 AM","0000-00","0","no battery","V"
"08/23/2019","13:20:30","1","default","104940808","OXY1","44.493","min","171.105","μmol/L","Humid","21.235","deg","64005","µV","31.287","°C","1021.000","hPa","36.0","pmil","0","55.680","deg","20.000","°C","100.000","%a.s.","22.210","deg","20.000","°C","971.000","hPa","0.826","-0.01532","0.000401","-0.00012","0","11.08","Humid","26.60","0","20.10","229705.12","SABD0002000011","AAV2.0.0.13","2.1.0.383","PSt7-10","171027-000","6/27/2018 9:55:33 AM","0000-00","0","no battery","V"
"08/23/2019","13:20:31","1","default","104940808","OXY1","44.510","min","170.998","μmol/L","Humid","21.242","deg","64007","µV","31.287","°C","1021.000","hPa","36.0","pmil","0","55.680","deg","20.000","°C","100.000","%a.s.","22.210","deg","20.000","°C","971.000","hPa","0.826","-0.01532","0.000401","-0.00012","0","11.08","Humid","26.60","0","20.10","229703.65","SABD0002000011","AAV2.0.0.13","2.1.0.383","PSt7-10","171027-000","6/27/2018 9:55:33 AM","0000-00","0","no battery","V"
"08/23/2019","13:20:32","1","default","104940808","OXY1","44.527","min","171.105","μmol/L","Humid","21.235","deg","64007","µV","31.287","°C","1021.000","hPa","36.0","pmil","0","55.680","deg","20.000","°C","100.000","%a.s.","22.210","deg","20.000","°C","971.000","hPa","0.826","-0.01532","0.000401","-0.00012","0","11.08","Humid","26.60","0","20.10","229697.66","SABD0002000011","AAV2.0.0.13","2.1.0.383","PSt7-10","171027-000","6/27/2018 9:55:33 AM","0000-00","0","no battery","V"
"08/23/2019","13:20:33","1","default","104940808","OXY1","44.543","min","171.003","μmol/L","Humid","21.240","deg","64003","µV","31.294","°C","1022.000","hPa","36.0","pmil","0","55.680","deg","20.000","°C","100.000","%a.s.","22.210","deg","20.000","°C","971.000","hPa","0.826","-0.01532","0.000401","-0.00012","0","11.08","Humid","26.60","0","20.10","229693.42","SABD0002000011","AAV2.0.0.13","2.1.0.383","PSt7-10","171027-000","6/27/2018 9:55:33 AM","0000-00","0","no battery","V"
"08/23/2019","13:20:34","1","default","104940808","OXY1","44.560","min","171.097","μmol/L","Humid","21.236","deg","64004","µV","31.287","°C","1022.000","hPa","36.0","pmil","0","55.680","deg","20.000","°C","100.000","%a.s.","22.210","deg","20.000","°C","971.000","hPa","0.826","-0.01532","0.000401","-0.00012","0","11.08","Humid","26.60","0","20.10","229696.48","SABD0002000011","AAV2.0.0.13","2.1.0.383","PSt7-10","171027-000","6/27/2018 9:55:33 AM","0000-00","0","no battery","V"
"08/23/2019","13:20:35","1","default","104940808","OXY1","44.577","min","171.153","μmol/L","Humid","21.234","deg","64004","µV","31.281","°C","1021.000","hPa","36.0","pmil","0","55.680","deg","20.000","°C","100.000","%a.s.","22.210","deg","20.000","°C","971.000","hPa","0.826","-0.01532","0.000401","-0.00012","0","11.08","Humid","26.60","0","20.10","229698.83","SABD0002000011","AAV2.0.0.13","2.1.0.383","PSt7-10","171027-000","6/27/2018 9:55:33 AM","0000-00","0","no battery","V"
"08/23/2019","13:20:36","1","default","104940808","OXY1","44.594","min","171.086","μmol/L","Humid","21.234","deg","64002","µV","31.294","°C","1021.000","hPa","36.0","pmil","0","55.680","deg","20.000","°C","100.000","%a.s.","22.210","deg","20.000","°C","971.000","hPa","0.826","-0.01532","0.000401","-0.00012","0","11.08","Humid","26.60","0","20.10","229686.81","SABD0002000011","AAV2.0.0.13","2.1.0.383","PSt7-10","171027-000","6/27/2018 9:55:33 AM","0000-00","0","no battery","V"
"08/23/2019","13:20:37","1","default","104940808","OXY1","44.611","min","171.131","μmol/L","Humid","21.236","deg","64004","µV","31.281","°C","1022.000","hPa","36.0","pmil","0","55.680","deg","20.000","°C","100.000","%a.s.","22.210","deg","20.000","°C","971.000","hPa","0.826","-0.01532","0.000401","-0.00012","0","11.08","Humid","26.60","0","20.10","229686.85","SABD0002000011","AAV2.0.0.13","2.1.0.383","PSt7-10","171027-000","6/27/2018 9:55:33 AM","0000-00","0","no battery","V"
"08/23/2019","13:20:38","1","default","104940808","OXY1","44.627","min","171.120","μmol/L","Humid","21.234","deg","64002","µV","31.287","°C","1021.000","hPa","36.0","pmil","0","55.680","deg","20.000","°C","100.000","%a.s.","22.210","deg","20.000","°C","971.000","hPa","0.826","-0.01532","0.000401","-0.00012","0","11.08","Humid","26.60","0","20.10","229685.79","SABD0002000011","AAV2.0.0.13","2.1.0.383","PSt7-10","171027-000","6/27/2018 9:55:33 AM","0000-00","0","no battery","V"
"08/23/2019","13:20:39","1","default","104940808","OXY1","44.644","min","171.017","μmol/L","Humid","21.243","deg","64001","µV","31.281","°C","1021.000","hPa","36.0","pmil","0","55.680","deg","20.000","°C","100.000","%a.s.","22.210","deg","20.000","°C","971.000","hPa","0.826","-0.01532","0.000401","-0.00012","0","11.08","Humid","26.60","0","20.10","229685.46","SABD0002000011","AAV2.0.0.13","2.1.0.383","PSt7-10","171027-000","6/27/2018 9:55:33 AM","0000-00","0","no battery","V"
"08/23/2019","13:20:40","1","default","104940808","OXY1","44.660","min","171.082","μmol/L","Humid","21.237","deg","64003","µV","31.287","°C","1022.000","hPa","36.0","pmil","0","55.680","deg","20.000","°C","100.000","%a.s.","22.210","deg","20.000","°C","971.000","hPa","0.826","-0.01532","0.000401","-0.00012","0","11.08","Humid","26.60","0","20.10","229693.03","SABD0002000011","AAV2.0.0.13","2.1.0.383","PSt7-10","171027-000","6/27/2018 9:55:33 AM","0000-00","0","no battery","V"
"08/23/2019","13:20:41","1","default","104940808","OXY1","44.677","min","171.059","μmol/L","Humid","21.238","deg","63998","µV","31.287","°C","1021.000","hPa","36.0","pmil","0","55.680","deg","20.000","°C","100.000","%a.s.","22.210","deg","20.000","°C","971.000","hPa","0.826","-0.01532","0.000401","-0.00012","0","11.08","Humid","26.60","0","20.10","229681.37","SABD0002000011","AAV2.0.0.13","2.1.0.383","PSt7-10","171027-000","6/27/2018 9:55:33 AM","0000-00","0","no battery","V"
"08/23/2019","13:20:42","1","default","104940808","OXY1","44.693","min","171.062","μmol/L","Humid","21.240","deg","63996","µV","31.281","°C","1021.000","hPa","36.0","pmil","0","55.680","deg","20.000","°C","100.000","%a.s.","22.210","deg","20.000","°C","971.000","hPa","0.826","-0.01532","0.000401","-0.00012","0","11.08","Humid","26.60","0","20.10","229689.09","SABD0002000011","AAV2.0.0.13","2.1.0.383","PSt7-10","171027-000","6/27/2018 9:55:33 AM","0000-00","0","no battery","V"
"08/23/2019","13:20:43","1","default","104940808","OXY1","44.710","min","171.120","μmol/L","Humid","21.234","deg","64004","µV","31.287","°C","1021.000","hPa","36.0","pmil","0","55.680","deg","20.000","°C","100.000","%a.s.","22.210","deg","20.000","°C","971.000","hPa","0.826","-0.01532","0.000401","-0.00012","0","11.08","Humid","26.60","0","20.10","229681.70","SABD0002000011","AAV2.0.0.13","2.1.0.383","PSt7-10","171027-000","6/27/2018 9:55:33 AM","0000-00","0","no battery","V"
"08/23/2019","13:20:44","1","default","104940808","OXY1","44.727","min","171.097","μmol/L","Humid","21.236","deg","63997","µV","31.287","°C","1022.000","hPa","36.0","pmil","0","55.680","deg","20.000","°C","100.000","%a.s.","22.210","deg","20.000","°C","971.000","hPa","0.826","-0.01532","0.000401","-0.00012","0","11.08","Humid","26.60","0","20.10","229676.37","SABD0002000011","AAV2.0.0.13","2.1.0.383","PSt7-10","171027-000","6/27/2018 9:55:33 AM","0000-00","0","no battery","V"
"08/23/2019","13:20:45","1","default","104940808","OXY1","44.744","min","171.033","μmol/L","Humid","21.238","deg","63992","µV","31.294","°C","1022.000","hPa","36.0","pmil","0","55.680","deg","20.000","°C","100.000","%a.s.","22.210","deg","20.000","°C","971.000","hPa","0.826","-0.01532","0.000401","-0.00012","0","11.08","Humid","26.60","0","20.10","229689.29","SABD0002000011","AAV2.0.0.13","2.1.0.383","PSt7-10","171027-000","6/27/2018 9:55:33 AM","0000-00","0","no battery","V"
"08/23/2019","13:20:46","1","default","104940808","OXY1","44.761","min","171.041","μmol/L","Humid","21.237","deg","63992","µV","31.294","°C","1021.000","hPa","36.0","pmil","0","55.680","deg","20.000","°C","100.000","%a.s.","22.210","deg","20.000","°C","971.000","hPa","0.826","-0.01532","0.000401","-0.00012","0","11.08","Humid","26.60","0","20.10","229681.18","SABD0002000011","AAV2.0.0.13","2.1.0.383","PSt7-10","171027-000","6/27/2018 9:55:33 AM","0000-00","0","no battery","V"
"08/23/2019","13:20:47","1","default","104940808","OXY1","44.777","min","171.101","μmol/L","Humid","21.233","deg","63998","µV","31.294","°C","1021.000","hPa","36.0","pmil","0","55.680","deg","20.000","°C","100.000","%a.s.","22.210","deg","20.000","°C","971.000","hPa","0.826","-0.01532","0.000401","-0.00012","0","11.08","Humid","26.60","0","20.10","229686.06","SABD0002000011","AAV2.0.0.13","2.1.0.383","PSt7-10","171027-000","6/27/2018 9:55:33 AM","0000-00","0","no battery","V"
"08/23/2019","13:20:48","1","default","104940808","OXY1","44.794","min","171.207","μmol/L","Humid","21.226","deg","63995","µV","31.294","°C","1021.000","hPa","36.0","pmil","0","55.680","deg","20.000","°C","100.000","%a.s.","22.210","deg","20.000","°C","971.000","hPa","0.826","-0.01532","0.000401","-0.00012","0","11.08","Humid","26.60","0","20.10","229670.26","SABD0002000011","AAV2.0.0.13","2.1.0.383","PSt7-10","171027-000","6/27/2018 9:55:33 AM","0000-00","0","no battery","V"
"08/23/2019","13:20:49","1","default","104940808","OXY1","44.811","min","171.025","μmol/L","Humid","21.238","deg","63984","µV","31.294","°C","1021.000","hPa","36.0","pmil","0","55.680","deg","20.000","°C","100.000","%a.s.","22.210","deg","20.000","°C","971.000","hPa","0.826","-0.01532","0.000401","-0.00012","0","11.08","Humid","26.60","0","20.10","229667.73","SABD0002000011","AAV2.0.0.13","2.1.0.383","PSt7-10","171027-000","6/27/2018 9:55:33 AM","0000-00","0","no battery","V"
"08/23/2019","13:20:50","1","default","104940808","OXY1","44.827","min","170.980","μmol/L","Humid","21.241","deg","63992","µV","31.294","°C","1021.000","hPa","36.0","pmil","0","55.680","deg","20.000","°C","100.000","%a.s.","22.210","deg","20.000","°C","971.000","hPa","0.826","-0.01532","0.000401","-0.00012","0","11.08","Humid","26.60","0","20.10","229686.01","SABD0002000011","AAV2.0.0.13","2.1.0.383","PSt7-10","171027-000","6/27/2018 9:55:33 AM","0000-00","0","no battery","V"
"08/23/2019","13:20:51","1","default","104940808","OXY1","44.844","min","171.014","μmol/L","Humid","21.241","deg","63994","µV","31.287","°C","1021.000","hPa","36.0","pmil","0","55.680","deg","20.000","°C","100.000","%a.s.","22.210","deg","20.000","°C","971.000","hPa","0.826","-0.01532","0.000401","-0.00012","0","11.08","Humid","26.60","0","20.10","229690.15","SABD0002000011","AAV2.0.0.13","2.1.0.383","PSt7-10","171027-000","6/27/2018 9:55:33 AM","0000-00","0","no battery","V"
"08/23/2019","13:20:52","1","default","104940808","OXY1","44.860","min","171.074","μmol/L","Humid","21.237","deg","63991","µV","31.287","°C","1021.000","hPa","36.0","pmil","0","55.680","deg","20.000","°C","100.000","%a.s.","22.210","deg","20.000","°C","971.000","hPa","0.826","-0.01532","0.000401","-0.00012","0","11.08","Humid","26.60","0","20.10","229688.88","SABD0002000011","AAV2.0.0.13","2.1.0.383","PSt7-10","171027-000","6/27/2018 9:55:33 AM","0000-00","0","no battery","V"
"08/23/2019","13:20:53","1","default","104940808","OXY1","44.877","min","171.014","μmol/L","Humid","21.241","deg","63984","µV","31.287","°C","1021.000","hPa","36.0","pmil","0","55.680","deg","20.000","°C","100.000","%a.s.","22.210","deg","20.000","°C","971.000","hPa","0.826","-0.01532","0.000401","-0.00012","0","11.08","Humid","26.60","0","20.10","229678.85","SABD0002000011","AAV2.0.0.13","2.1.0.383","PSt7-10","171027-000","6/27/2018 9:55:33 AM","0000-00","0","no battery","V"
"08/23/2019","13:20:54","1","default","104940808","OXY1","44.893","min","171.033","μmol/L","Humid","21.238","deg","63987","µV","31.294","°C","1022.000","hPa","36.0","pmil","0","55.680","deg","20.000","°C","100.000","%a.s.","22.210","deg","20.000","°C","971.000","hPa","0.826","-0.01532","0.000401","-0.00012","0","11.08","Humid","26.60","0","20.10","229675.07","SABD0002000011","AAV2.0.0.13","2.1.0.383","PSt7-10","171027-000","6/27/2018 9:55:33 AM","0000-00","0","no battery","V"
"08/23/2019","13:20:55","1","default","104940808","OXY1","44.910","min","171.056","μmol/L","Humid","21.236","deg","63986","µV","31.294","°C","1021.000","hPa","36.0","pmil","0","55.680","deg","20.000","°C","100.000","%a.s.","22.210","deg","20.000","°C","971.000","hPa","0.826","-0.01532","0.000401","-0.00012","0","11.08","Humid","26.60","0","20.10","229687.51","SABD0002000011","AAV2.0.0.13","2.1.0.383","PSt7-10","171027-000","6/27/2018 9:55:33 AM","0000-00","0","no battery","V"
"08/23/2019","13:20:56","1","default","104940808","OXY1","44.927","min","171.075","μmol/L","Humid","21.233","deg","63987","µV","31.300","°C","1022.000","hPa","36.0","pmil","0","55.680","deg","20.000","°C","100.000","%a.s.","22.210","deg","20.000","°C","971.000","hPa","0.826","-0.01532","0.000401","-0.00012","0","11.08","Humid","26.60","0","20.10","229671.02","SABD0002000011","AAV2.0.0.13","2.1.0.383","PSt7-10","171027-000","6/27/2018 9:55:33 AM","0000-00","0","no battery","V"
"08/23/2019","13:20:57","1","default","104940808","OXY1","44.944","min","171.135","μmol/L","Humid","21.233","deg","63985","µV","31.287","°C","1021.000","hPa","36.0","pmil","0","55.680","deg","20.000","°C","100.000","%a.s.","22.210","deg","20.000","°C","971.000","hPa","0.826","-0.01532","0.000401","-0.00012","0","11.08","Humid","26.60","0","20.10","229678.96","SABD0002000011","AAV2.0.0.13","2.1.0.383","PSt7-10","171027-000","6/27/2018 9:55:33 AM","0000-00","0","no battery","V"
"08/23/2019","13:20:58","1","default","104940808","OXY1","44.960","min","171.120","μmol/L","Humid","21.234","deg","63984","µV","31.287","°C","1021.000","hPa","36.0","pmil","0","55.680","deg","20.000","°C","100.000","%a.s.","22.210","deg","20.000","°C","971.000","hPa","0.826","-0.01532","0.000401","-0.00012","0","11.08","Humid","26.60","0","20.10","229659.96","SABD0002000011","AAV2.0.0.13","2.1.0.383","PSt7-10","171027-000","6/27/2018 9:55:33 AM","0000-00","0","no battery","V"
"08/23/2019","13:20:59","1","default","104940808","OXY1","44.977","min","171.128","μmol/L","Humid","21.234","deg","63990","µV","31.287","°C","1022.000","hPa","36.0","pmil","0","55.680","deg","20.000","°C","100.000","%a.s.","22.210","deg","20.000","°C","971.000","hPa","0.826","-0.01532","0.000401","-0.00012","0","11.08","Humid","26.60","0","20.10","229664.60","SABD0002000011","AAV2.0.0.13","2.1.0.383","PSt7-10","171027-000","6/27/2018 9:55:33 AM","0000-00","0","no battery","V"
"08/23/2019","13:21:00","1","default","104940808","OXY1","44.994","min","171.074","μmol/L","Humid","21.237","deg","63990","µV","31.287","°C","1021.000","hPa","36.0","pmil","0","55.680","deg","20.000","°C","100.000","%a.s.","22.210","deg","20.000","°C","971.000","hPa","0.826","-0.01532","0.000401","-0.00012","0","11.08","Humid","26.60","0","20.10","229666.76","SABD0002000011","AAV2.0.0.13","2.1.0.383","PSt7-10","171027-000","6/27/2018 9:55:33 AM","0000-00","0","no battery","V"
"08/23/2019","13:21:01","1","default","104940808","OXY1","45.011","min","171.052","μmol/L","Humid","21.239","deg","63994","µV","31.287","°C","1022.000","hPa","36.0","pmil","0","55.680","deg","20.000","°C","100.000","%a.s.","22.210","deg","20.000","°C","971.000","hPa","0.826","-0.01532","0.000401","-0.00012","0","11.08","Humid","26.60","0","20.10","229669.71","SABD0002000011","AAV2.0.0.13","2.1.0.383","PSt7-10","171027-000","6/27/2018 9:55:33 AM","0000-00","0","no battery","V"
"08/23/2019","13:21:02","1","default","104940808","OXY1","45.027","min","171.120","μmol/L","Humid","21.234","deg","63991","µV","31.287","°C","1021.000","hPa","36.0","pmil","0","55.680","deg","20.000","°C","100.000","%a.s.","22.210","deg","20.000","°C","971.000","hPa","0.826","-0.01532","0.000401","-0.00012","0","11.08","Humid","26.60","0","20.10","229658.64","SABD0002000011","AAV2.0.0.13","2.1.0.383","PSt7-10","171027-000","6/27/2018 9:55:33 AM","0000-00","0","no battery","V"
"08/23/2019","13:21:03","1","default","104940808","OXY1","45.043","min","171.018","μmol/L","Humid","21.239","deg","63988","µV","31.294","°C","1022.000","hPa","36.0","pmil","0","55.680","deg","20.000","°C","100.000","%a.s.","22.210","deg","20.000","°C","971.000","hPa","0.826","-0.01532","0.000401","-0.00012","0","11.08","Humid","26.60","0","20.10","229666.41","SABD0002000011","AAV2.0.0.13","2.1.0.383","PSt7-10","171027-000","6/27/2018 9:55:33 AM","0000-00","0","no battery","V"
"08/23/2019","13:21:04","1","default","104940808","OXY1","45.060","min","171.060","μmol/L","Humid","21.234","deg","63989","µV","31.300","°C","1022.000","hPa","36.0","pmil","0","55.680","deg","20.000","°C","100.000","%a.s.","22.210","deg","20.000","°C","971.000","hPa","0.826","-0.01532","0.000401","-0.00012","0","11.08","Humid","26.60","0","20.10","229674.55","SABD0002000011","AAV2.0.0.13","2.1.0.383","PSt7-10","171027-000","6/27/2018 9:55:33 AM","0000-00","0","no battery","V"
"08/23/2019","13:21:05","1","default","104940808","OXY1","45.077","min","171.052","μmol/L","Humid","21.234","deg","63997","µV","31.300","°C","1021.000","hPa","36.0","pmil","0","55.680","deg","20.000","°C","100.000","%a.s.","22.210","deg","20.000","°C","971.000","hPa","0.826","-0.01532","0.000401","-0.00012","0","11.08","Humid","26.60","0","20.10","229682.84","SABD0002000011","AAV2.0.0.13","2.1.0.383","PSt7-10","171027-000","6/27/2018 9:55:33 AM","0000-00","0","no battery","V"
"08/23/2019","13:21:06","1","default","104940808","OXY1","45.094","min","171.109","μmol/L","Humid","21.233","deg","63989","µV","31.294","°C","1022.000","hPa","36.0","pmil","0","55.680","deg","20.000","°C","100.000","%a.s.","22.210","deg","20.000","°C","971.000","hPa","0.826","-0.01532","0.000401","-0.00012","0","11.08","Humid","26.60","0","20.10","229675.48","SABD0002000011","AAV2.0.0.13","2.1.0.383","PSt7-10","171027-000","6/27/2018 9:55:33 AM","0000-00","0","no battery","V"
"08/23/2019","13:21:07","1","default","104940808","OXY1","45.110","min","171.029","μmol/L","Humid","21.240","deg","63991","µV","31.287","°C","1021.000","hPa","36.0","pmil","0","55.680","deg","20.000","°C","100.000","%a.s.","22.210","deg","20.000","°C","971.000","hPa","0.826","-0.01532","0.000401","-0.00012","0","11.08","Humid","26.60","0","20.10","229658.05","SABD0002000011","AAV2.0.0.13","2.1.0.383","PSt7-10","171027-000","6/27/2018 9:55:33 AM","0000-00","0","no battery","V"
"08/23/2019","13:21:08","1","default","104940808","OXY1","45.127","min","171.033","μmol/L","Humid","21.238","deg","63988","µV","31.294","°C","1022.000","hPa","36.0","pmil","0","55.680","deg","20.000","°C","100.000","%a.s.","22.210","deg","20.000","°C","971.000","hPa","0.826","-0.01532","0.000401","-0.00012","0","11.08","Humid","26.60","0","20.10","229681.41","SABD0002000011","AAV2.0.0.13","2.1.0.383","PSt7-10","171027-000","6/27/2018 9:55:33 AM","0000-00","0","no battery","V"
"08/23/2019","13:21:09","1","default","104940808","OXY1","45.144","min","170.950","μmol/L","Humid","21.243","deg","63983","µV","31.294","°C","1021.000","hPa","36.0","pmil","0","55.680","deg","20.000","°C","100.000","%a.s.","22.210","deg","20.000","°C","971.000","hPa","0.826","-0.01532","0.000401","-0.00012","0","11.08","Humid","26.60","0","20.10","229678.50","SABD0002000011","AAV2.0.0.13","2.1.0.383","PSt7-10","171027-000","6/27/2018 9:55:33 AM","0000-00","0","no battery","V"
"08/23/2019","13:21:10","1","default","104940808","OXY1","45.161","min","171.025","μmol/L","Humid","21.238","deg","63986","µV","31.294","°C","1021.000","hPa","36.0","pmil","0","55.680","deg","20.000","°C","100.000","%a.s.","22.210","deg","20.000","°C","971.000","hPa","0.826","-0.01532","0.000401","-0.00012","0","11.08","Humid","26.60","0","20.10","229651.04","SABD0002000011","AAV2.0.0.13","2.1.0.383","PSt7-10","171027-000","6/27/2018 9:55:33 AM","0000-00","0","no battery","V"
"08/23/2019","13:21:11","1","default","104940808","OXY1","45.177","min","171.071","μmol/L","Humid","21.235","deg","63990","µV","31.294","°C","1021.000","hPa","36.0","pmil","0","55.680","deg","20.000","°C","100.000","%a.s.","22.210","deg","20.000","°C","971.000","hPa","0.826","-0.01532","0.000401","-0.00012","0","11.08","Humid","26.60","0","20.10","229670.17","SABD0002000011","AAV2.0.0.13","2.1.0.383","PSt7-10","171027-000","6/27/2018 9:55:33 AM","0000-00","0","no battery","V"
"08/23/2019","13:21:12","1","default","104940808","OXY1","45.194","min","171.018","μmol/L","Humid","21.239","deg","63985","µV","31.294","°C","1022.000","hPa","36.0","pmil","0","55.680","deg","20.000","°C","100.000","%a.s.","22.210","deg","20.000","°C","971.000","hPa","0.826","-0.01532","0.000401","-0.00012","0","11.08","Humid","26.60","0","20.10","229671.75","SABD0002000011","AAV2.0.0.13","2.1.0.383","PSt7-10","171027-000","6/27/2018 9:55:33 AM","0000-00","0","no battery","V"
"08/23/2019","13:21:13","1","default","104940808","OXY1","45.210","min","171.048","μmol/L","Humid","21.237","deg","63984","µV","31.294","°C","1022.000","hPa","36.0","pmil","0","55.680","deg","20.000","°C","100.000","%a.s.","22.210","deg","20.000","°C","971.000","hPa","0.826","-0.01532","0.000401","-0.00012","0","11.08","Humid","26.60","0","20.10","229662.33","SABD0002000011","AAV2.0.0.13","2.1.0.383","PSt7-10","171027-000","6/27/2018 9:55:33 AM","0000-00","0","no battery","V"
"08/23/2019","13:21:14","1","default","104940808","OXY1","45.227","min","171.033","μmol/L","Humid","21.238","deg","63985","µV","31.294","°C","1022.000","hPa","36.0","pmil","0","55.680","deg","20.000","°C","100.000","%a.s.","22.210","deg","20.000","°C","971.000","hPa","0.826","-0.01532","0.000401","-0.00012","0","11.08","Humid","26.60","0","20.10","229677.20","SABD0002000011","AAV2.0.0.13","2.1.0.383","PSt7-10","171027-000","6/27/2018 9:55:33 AM","0000-00","0","no battery","V"
"08/23/2019","13:21:15","1","default","104940808","OXY1","45.243","min","171.007","μmol/L","Humid","21.237","deg","63983","µV","31.300","°C","1021.000","hPa","36.0","pmil","0","55.680","deg","20.000","°C","100.000","%a.s.","22.210","deg","20.000","°C","971.000","hPa","0.826","-0.01532","0.000401","-0.00012","0","11.08","Humid","26.60","0","20.10","229676.05","SABD0002000011","AAV2.0.0.13","2.1.0.383","PSt7-10","171027-000","6/27/2018 9:55:33 AM","0000-00","0","no battery","V"
"08/23/2019","13:21:16","1","default","104940808","OXY1","45.260","min","171.094","μmol/L","Humid","21.234","deg","63991","µV","31.294","°C","1022.000","hPa","36.0","pmil","0","55.680","deg","20.000","°C","100.000","%a.s.","22.210","deg","20.000","°C","971.000","hPa","0.826","-0.01532","0.000401","-0.00012","0","11.08","Humid","26.60","0","20.10","229657.67","SABD0002000011","AAV2.0.0.13","2.1.0.383","PSt7-10","171027-000","6/27/2018 9:55:33 AM","0000-00","0","no battery","V"
"08/23/2019","13:21:17","1","default","104940808","OXY1","45.277","min","171.150","μmol/L","Humid","21.232","deg","63983","µV","31.287","°C","1021.000","hPa","36.0","pmil","0","55.680","deg","20.000","°C","100.000","%a.s.","22.210","deg","20.000","°C","971.000","hPa","0.826","-0.01532","0.000401","-0.00012","0","11.08","Humid","26.60","0","20.10","229670.67","SABD0002000011","AAV2.0.0.13","2.1.0.383","PSt7-10","171027-000","6/27/2018 9:55:33 AM","0000-00","0","no battery","V"
"08/23/2019","13:21:18","1","default","104940808","OXY1","45.294","min","170.976","μmol/L","Humid","21.239","deg","63991","µV","31.300","°C","1021.000","hPa","36.0","pmil","0","55.680","deg","20.000","°C","100.000","%a.s.","22.210","deg","20.000","°C","971.000","hPa","0.826","-0.01532","0.000401","-0.00012","0","11.08","Humid","26.60","0","20.10","229676.84","SABD0002000011","AAV2.0.0.13","2.1.0.383","PSt7-10","171027-000","6/27/2018 9:55:33 AM","0000-00","0","no battery","V"
"08/23/2019","13:21:19","1","default","104940808","OXY1","45.311","min","170.969","μmol/L","Humid","21.240","deg","63980","µV","31.300","°C","1022.000","hPa","36.0","pmil","0","55.680","deg","20.000","°C","100.000","%a.s.","22.210","deg","20.000","°C","971.000","hPa","0.826","-0.01532","0.000401","-0.00012","0","11.08","Humid","26.60","0","20.10","229667.23","SABD0002000011","AAV2.0.0.13","2.1.0.383","PSt7-10","171027-000","6/27/2018 9:55:33 AM","0000-00","0","no battery","V"
"08/23/2019","13:21:20","1","default","104940808","OXY1","45.327","min","170.988","μmol/L","Humid","21.241","deg","63981","µV","31.294","°C","1022.000","hPa","36.0","pmil","0","55.680","deg","20.000","°C","100.000","%a.s.","22.210","deg","20.000","°C","971.000","hPa","0.826","-0.01532","0.000401","-0.00012","0","11.08","Humid","26.60","0","20.10","229663.58","SABD0002000011","AAV2.0.0.13","2.1.0.383","PSt7-10","171027-000","6/27/2018 9:55:33 AM","0000-00","0","no battery","V"
"08/23/2019","13:21:21","1","default","104940808","OXY1","45.344","min","171.048","μmol/L","Humid","21.237","deg","63987","µV","31.294","°C","1022.000","hPa","36.0","pmil","0","55.680","deg","20.000","°C","100.000","%a.s.","22.210","deg","20.000","°C","971.000","hPa","0.826","-0.01532","0.000401","-0.00012","0","11.08","Humid","26.60","0","20.10","229666.12","SABD0002000011","AAV2.0.0.13","2.1.0.383","PSt7-10","171027-000","6/27/2018 9:55:33 AM","0000-00","0","no battery","V"
"08/23/2019","13:21:22","1","default","104940808","OXY1","45.360","min","171.067","μmol/L","Humid","21.238","deg","63982","µV","31.287","°C","1022.000","hPa","36.0","pmil","0","55.680","deg","20.000","°C","100.000","%a.s.","22.210","deg","20.000","°C","971.000","hPa","0.826","-0.01532","0.000401","-0.00012","0","11.08","Humid","26.60","0","20.10","229664.99","SABD0002000011","AAV2.0.0.13","2.1.0.383","PSt7-10","171027-000","6/27/2018 9:55:33 AM","0000-00","0","no battery","V"
"08/23/2019","13:21:23","1","default","104940808","OXY1","45.377","min","171.003","μmol/L","Humid","21.240","deg","63989","µV","31.294","°C","1022.000","hPa","36.0","pmil","0","55.680","deg","20.000","°C","100.000","%a.s.","22.210","deg","20.000","°C","971.000","hPa","0.826","-0.01532","0.000401","-0.00012","0","11.08","Humid","26.60","0","20.10","229661.11","SABD0002000011","AAV2.0.0.13","2.1.0.383","PSt7-10","171027-000","6/27/2018 9:55:33 AM","0000-00","0","no battery","V"
"08/23/2019","13:21:24","1","default","104940808","OXY1","45.394","min","171.064","μmol/L","Humid","21.236","deg","63993","µV","31.294","°C","1022.000","hPa","36.0","pmil","0","55.680","deg","20.000","°C","100.000","%a.s.","22.210","deg","20.000","°C","971.000","hPa","0.826","-0.01532","0.000401","-0.00012","0","11.08","Humid","26.60","0","20.10","229665.71","SABD0002000011","AAV2.0.0.13","2.1.0.383","PSt7-10","171027-000","6/27/2018 9:55:33 AM","0000-00","0","no battery","V"
"08/23/2019","13:21:25","1","default","104940808","OXY1","45.410","min","171.003","μmol/L","Humid","21.240","deg","63987","µV","31.294","°C","1022.000","hPa","36.0","pmil","0","55.680","deg","20.000","°C","100.000","%a.s.","22.210","deg","20.000","°C","971.000","hPa","0.826","-0.01532","0.000401","-0.00012","0","11.08","Humid","26.60","0","20.10","229673.60","SABD0002000011","AAV2.0.0.13","2.1.0.383","PSt7-10","171027-000","6/27/2018 9:55:33 AM","0000-00","0","no battery","V"
"08/23/2019","13:21:26","1","default","104940808","OXY1","45.427","min","171.010","μmol/L","Humid","21.239","deg","63993","µV","31.294","°C","1021.000","hPa","36.0","pmil","0","55.680","deg","20.000","°C","100.000","%a.s.","22.210","deg","20.000","°C","971.000","hPa","0.826","-0.01532","0.000401","-0.00012","0","11.08","Humid","26.60","0","20.10","229662.68","SABD0002000011","AAV2.0.0.13","2.1.0.383","PSt7-10","171027-000","6/27/2018 9:55:33 AM","0000-00","0","no battery","V"
"08/23/2019","13:21:27","1","default","104940808","OXY1","45.444","min","171.010","μmol/L","Humid","21.239","deg","63994","µV","31.294","°C","1021.000","hPa","36.0","pmil","0","55.680","deg","20.000","°C","100.000","%a.s.","22.210","deg","20.000","°C","971.000","hPa","0.826","-0.01532","0.000401","-0.00012","0","11.08","Humid","26.60","0","20.10","229681.42","SABD0002000011","AAV2.0.0.13","2.1.0.383","PSt7-10","171027-000","6/27/2018 9:55:33 AM","0000-00","0","no battery","V"
"08/23/2019","13:21:28","1","default","104940808","OXY1","45.461","min","170.973","μmol/L","Humid","21.242","deg","63989","µV","31.294","°C","1022.000","hPa","36.0","pmil","0","55.680","deg","20.000","°C","100.000","%a.s.","22.210","deg","20.000","°C","971.000","hPa","0.826","-0.01532","0.000401","-0.00012","0","11.08","Humid","26.60","0","20.10","229669.64","SABD0002000011","AAV2.0.0.13","2.1.0.383","PSt7-10","171027-000","6/27/2018 9:55:33 AM","0000-00","0","no battery","V"
"08/23/2019","13:21:29","1","default","104940808","OXY1","45.477","min","170.973","μmol/L","Humid","21.242","deg","63997","µV","31.294","°C","1022.000","hPa","36.0","pmil","0","55.680","deg","20.000","°C","100.000","%a.s.","22.210","deg","20.000","°C","971.000","hPa","0.826","-0.01532","0.000401","-0.00012","0","11.08","Humid","26.60","0","20.10","229660.33","SABD0002000011","AAV2.0.0.13","2.1.0.383","PSt7-10","171027-000","6/27/2018 9:55:33 AM","0000-00","0","no battery","V"
"08/23/2019","13:21:30","1","default","104940808","OXY1","45.494","min","171.010","μmol/L","Humid","21.239","deg","63994","µV","31.294","°C","1021.000","hPa","36.0","pmil","0","55.680","deg","20.000","°C","100.000","%a.s.","22.210","deg","20.000","°C","971.000","hPa","0.826","-0.01532","0.000401","-0.00012","0","11.08","Humid","26.60","0","20.10","229663.69","SABD0002000011","AAV2.0.0.13","2.1.0.383","PSt7-10","171027-000","6/27/2018 9:55:33 AM","0000-00","0","no battery","V"
"08/23/2019","13:21:31","1","default","104940808","OXY1","45.510","min","170.919","μmol/L","Humid","21.245","deg","63995","µV","31.294","°C","1021.000","hPa","36.0","pmil","0","55.680","deg","20.000","°C","100.000","%a.s.","22.210","deg","20.000","°C","971.000","hPa","0.826","-0.01532","0.000401","-0.00012","0","11.08","Humid","26.60","0","20.10","229666.41","SABD0002000011","AAV2.0.0.13","2.1.0.383","PSt7-10","171027-000","6/27/2018 9:55:33 AM","0000-00","0","no battery","V"
"08/23/2019","13:21:32","1","default","104940808","OXY1","45.527","min","170.999","μmol/L","Humid","21.238","deg","63985","µV","31.300","°C","1022.000","hPa","36.0","pmil","0","55.680","deg","20.000","°C","100.000","%a.s.","22.210","deg","20.000","°C","971.000","hPa","0.826","-0.01532","0.000401","-0.00012","0","11.08","Humid","26.60","0","20.10","229667.58","SABD0002000011","AAV2.0.0.13","2.1.0.383","PSt7-10","171027-000","6/27/2018 9:55:33 AM","0000-00","0","no battery","V"
"08/23/2019","13:21:33","1","default","104940808","OXY1","45.543","min","171.097","μmol/L","Humid","21.236","deg","63995","µV","31.287","°C","1022.000","hPa","36.0","pmil","0","55.680","deg","20.000","°C","100.000","%a.s.","22.210","deg","20.000","°C","971.000","hPa","0.826","-0.01532","0.000401","-0.00012","0","11.08","Humid","26.60","0","20.10","229660.84","SABD0002000011","AAV2.0.0.13","2.1.0.383","PSt7-10","171027-000","6/27/2018 9:55:33 AM","0000-00","0","no battery","V"
"08/23/2019","13:21:34","1","default","104940808","OXY1","45.560","min","171.014","μmol/L","Humid","21.241","deg","63989","µV","31.287","°C","1021.000","hPa","36.0","pmil","0","55.680","deg","20.000","°C","100.000","%a.s.","22.210","deg","20.000","°C","971.000","hPa","0.826","-0.01532","0.000401","-0.00012","0","11.08","Humid","26.60","0","20.10","229653.62","SABD0002000011","AAV2.0.0.13","2.1.0.383","PSt7-10","171027-000","6/27/2018 9:55:33 AM","0000-00","0","no battery","V"
"08/23/2019","13:21:35","1","default","104940808","OXY1","45.577","min","171.021","μmol/L","Humid","21.241","deg","63994","µV","31.287","°C","1022.000","hPa","36.0","pmil","0","55.680","deg","20.000","°C","100.000","%a.s.","22.210","deg","20.000","°C","971.000","hPa","0.826","-0.01532","0.000401","-0.00012","0","11.08","Humid","26.60","0","20.10","229662.74","SABD0002000011","AAV2.0.0.13","2.1.0.383","PSt7-10","171027-000","6/27/2018 9:55:33 AM","0000-00","0","no battery","V"
"08/23/2019","13:21:36","1","default","104940808","OXY1","45.594","min","170.927","μmol/L","Humid","21.245","deg","63986","µV","31.294","°C","1022.000","hPa","36.0","pmil","0","55.680","deg","20.000","°C","100.000","%a.s.","22.210","deg","20.000","°C","971.000","hPa","0.826","-0.01532","0.000401","-0.00012","0","11.08","Humid","26.60","0","20.10","229662.21","SABD0002000011","AAV2.0.0.13","2.1.0.383","PSt7-10","171027-000","6/27/2018 9:55:33 AM","0000-00","0","no battery","V"
"08/23/2019","13:21:37","1","default","104940808","OXY1","45.610","min","171.041","μmol/L","Humid","21.237","deg","63994","µV","31.294","°C","1021.000","hPa","36.0","pmil","0","55.680","deg","20.000","°C","100.000","%a.s.","22.210","deg","20.000","°C","971.000","hPa","0.826","-0.01532","0.000401","-0.00012","0","11.08","Humid","26.60","0","20.10","229654.88","SABD0002000011","AAV2.0.0.13","2.1.0.383","PSt7-10","171027-000","6/27/2018 9:55:33 AM","0000-00","0","no battery","V"
"08/23/2019","13:21:38","1","default","104940808","OXY1","45.627","min","170.957","μmol/L","Humid","21.243","deg","63994","µV","31.294","°C","1022.000","hPa","36.0","pmil","0","55.680","deg","20.000","°C","100.000","%a.s.","22.210","deg","20.000","°C","971.000","hPa","0.826","-0.01532","0.000401","-0.00012","0","11.08","Humid","26.60","0","20.10","229649.69","SABD0002000011","AAV2.0.0.13","2.1.0.383","PSt7-10","171027-000","6/27/2018 9:55:33 AM","0000-00","0","no battery","V"
"08/23/2019","13:21:39","1","default","104940808","OXY1","45.644","min","170.931","μmol/L","Humid","21.242","deg","63989","µV","31.300","°C","1021.000","hPa","36.0","pmil","0","55.680","deg","20.000","°C","100.000","%a.s.","22.210","deg","20.000","°C","971.000","hPa","0.826","-0.01532","0.000401","-0.00012","0","11.08","Humid","26.60","0","20.10","229645.95","SABD0002000011","AAV2.0.0.13","2.1.0.383","PSt7-10","171027-000","6/27/2018 9:55:33 AM","0000-00","0","no battery","V"
"08/23/2019","13:21:40","1","default","104940808","OXY1","45.661","min","170.969","μmol/L","Humid","21.240","deg","63993","µV","31.300","°C","1022.000","hPa","36.0","pmil","0","55.680","deg","20.000","°C","100.000","%a.s.","22.210","deg","20.000","°C","971.000","hPa","0.826","-0.01532","0.000401","-0.00012","0","11.08","Humid","26.60","0","20.10","229653.62","SABD0002000011","AAV2.0.0.13","2.1.0.383","PSt7-10","171027-000","6/27/2018 9:55:33 AM","0000-00","0","no battery","V"
"08/23/2019","13:21:41","1","default","104940808","OXY1","45.677","min","171.010","μmol/L","Humid","21.239","deg","63988","µV","31.294","°C","1021.000","hPa","36.0","pmil","0","55.680","deg","20.000","°C","100.000","%a.s.","22.210","deg","20.000","°C","971.000","hPa","0.826","-0.01532","0.000401","-0.00012","0","11.08","Humid","26.60","0","20.10","229648.57","SABD0002000011","AAV2.0.0.13","2.1.0.383","PSt7-10","171027-000","6/27/2018 9:55:33 AM","0000-00","0","no battery","V"
"08/23/2019","13:21:42","1","default","104940808","OXY1","45.693","min","170.957","μmol/L","Humid","21.243","deg","63986","µV","31.294","°C","1022.000","hPa","36.0","pmil","0","55.680","deg","20.000","°C","100.000","%a.s.","22.210","deg","20.000","°C","971.000","hPa","0.826","-0.01532","0.000401","-0.00012","0","11.08","Humid","26.60","0","20.10","229643.75","SABD0002000011","AAV2.0.0.13","2.1.0.383","PSt7-10","171027-000","6/27/2018 9:55:33 AM","0000-00","0","no battery","V"
"08/23/2019","13:21:43","1","default","104940808","OXY1","45.710","min","170.965","μmol/L","Humid","21.242","deg","63986","µV","31.294","°C","1021.000","hPa","36.0","pmil","0","55.680","deg","20.000","°C","100.000","%a.s.","22.210","deg","20.000","°C","971.000","hPa","0.826","-0.01532","0.000401","-0.00012","0","11.08","Humid","26.60","0","20.10","229651.84","SABD0002000011","AAV2.0.0.13","2.1.0.383","PSt7-10","171027-000","6/27/2018 9:55:33 AM","0000-00","0","no battery","V"
"08/23/2019","13:21:44","1","default","104940808","OXY1","45.727","min","170.927","μmol/L","Humid","21.245","deg","63984","µV","31.294","°C","1022.000","hPa","36.0","pmil","0","55.680","deg","20.000","°C","100.000","%a.s.","22.210","deg","20.000","°C","971.000","hPa","0.826","-0.01532","0.000401","-0.00012","0","11.08","Humid","26.60","0","20.10","229659.12","SABD0002000011","AAV2.0.0.13","2.1.0.383","PSt7-10","171027-000","6/27/2018 9:55:33 AM","0000-00","0","no battery","V"
"08/23/2019","13:21:45","1","default","104940808","OXY1","45.743","min","170.958","μmol/L","Humid","21.238","deg","63987","µV","31.306","°C","1021.000","hPa","36.0","pmil","0","55.680","deg","20.000","°C","100.000","%a.s.","22.210","deg","20.000","°C","971.000","hPa","0.826","-0.01532","0.000401","-0.00012","0","11.08","Humid","26.60","0","20.10","229653.23","SABD0002000011","AAV2.0.0.13","2.1.0.383","PSt7-10","171027-000","6/27/2018 9:55:33 AM","0000-00","0","no battery","V"
"08/23/2019","13:21:46","1","default","104940808","OXY1","45.760","min","170.931","μmol/L","Humid","21.242","deg","63981","µV","31.300","°C","1021.000","hPa","36.0","pmil","0","55.680","deg","20.000","°C","100.000","%a.s.","22.210","deg","20.000","°C","971.000","hPa","0.826","-0.01532","0.000401","-0.00012","0","11.08","Humid","26.60","0","20.10","229653.84","SABD0002000011","AAV2.0.0.13","2.1.0.383","PSt7-10","171027-000","6/27/2018 9:55:33 AM","0000-00","0","no battery","V"
"08/23/2019","13:21:47","1","default","104940808","OXY1","45.777","min","171.007","μmol/L","Humid","21.237","deg","63981","µV","31.300","°C","1021.000","hPa","36.0","pmil","0","55.680","deg","20.000","°C","100.000","%a.s.","22.210","deg","20.000","°C","971.000","hPa","0.826","-0.01532","0.000401","-0.00012","0","11.08","Humid","26.60","0","20.10","229655.09","SABD0002000011","AAV2.0.0.13","2.1.0.383","PSt7-10","171027-000","6/27/2018 9:55:33 AM","0000-00","0","no battery","V"
"08/23/2019","13:21:48","1","default","104940808","OXY1","45.794","min","170.992","μmol/L","Humid","21.238","deg","63975","µV","31.300","°C","1021.000","hPa","36.0","pmil","0","55.680","deg","20.000","°C","100.000","%a.s.","22.210","deg","20.000","°C","971.000","hPa","0.826","-0.01532","0.000401","-0.00012","0","11.08","Humid","26.60","0","20.10","229657.17","SABD0002000011","AAV2.0.0.13","2.1.0.383","PSt7-10","171027-000","6/27/2018 9:55:33 AM","0000-00","0","no battery","V"
"08/23/2019","13:21:49","1","default","104940808","OXY1","45.811","min","171.067","μmol/L","Humid","21.233","deg","63974","µV","31.300","°C","1021.000","hPa","36.0","pmil","0","55.680","deg","20.000","°C","100.000","%a.s.","22.210","deg","20.000","°C","971.000","hPa","0.826","-0.01532","0.000401","-0.00012","0","11.08","Humid","26.60","0","20.10","229650.50","SABD0002000011","AAV2.0.0.13","2.1.0.383","PSt7-10","171027-000","6/27/2018 9:55:33 AM","0000-00","0","no battery","V"
"08/23/2019","13:21:50","1","default","104940808","OXY1","45.827","min","170.939","μmol/L","Humid","21.242","deg","63970","µV","31.300","°C","1022.000","hPa","36.0","pmil","0","55.680","deg","20.000","°C","100.000","%a.s.","22.210","deg","20.000","°C","971.000","hPa","0.826","-0.01532","0.000401","-0.00012","0","11.08","Humid","26.60","0","20.10","229648.49","SABD0002000011","AAV2.0.0.13","2.1.0.383","PSt7-10","171027-000","6/27/2018 9:55:33 AM","0000-00","0","no battery","V"
"08/23/2019","13:21:51","1","default","104940808","OXY1","45.844","min","170.984","μmol/L","Humid","21.239","deg","63981","µV","31.300","°C","1022.000","hPa","36.0","pmil","0","55.680","deg","20.000","°C","100.000","%a.s.","22.210","deg","20.000","°C","971.000","hPa","0.826","-0.01532","0.000401","-0.00012","0","11.08","Humid","26.60","0","20.10","229651.35","SABD0002000011","AAV2.0.0.13","2.1.0.383","PSt7-10","171027-000","6/27/2018 9:55:33 AM","0000-00","0","no battery","V"
"08/23/2019","13:21:52","1","default","104940808","OXY1","45.860","min","170.951","μmol/L","Humid","21.239","deg","63976","µV","31.306","°C","1022.000","hPa","36.0","pmil","0","55.680","deg","20.000","°C","100.000","%a.s.","22.210","deg","20.000","°C","971.000","hPa","0.826","-0.01532","0.000401","-0.00012","0","11.08","Humid","26.60","0","20.10","229651.14","SABD0002000011","AAV2.0.0.13","2.1.0.383","PSt7-10","171027-000","6/27/2018 9:55:33 AM","0000-00","0","no battery","V"
"08/23/2019","13:21:53","1","default","104940808","OXY1","45.877","min","170.999","μmol/L","Humid","21.238","deg","63976","µV","31.300","°C","1022.000","hPa","36.0","pmil","0","55.680","deg","20.000","°C","100.000","%a.s.","22.210","deg","20.000","°C","971.000","hPa","0.826","-0.01532","0.000401","-0.00012","0","11.08","Humid","26.60","0","20.10","229648.23","SABD0002000011","AAV2.0.0.13","2.1.0.383","PSt7-10","171027-000","6/27/2018 9:55:33 AM","0000-00","0","no battery","V"
"08/23/2019","13:21:54","1","default","104940808","OXY1","45.893","min","171.101","μmol/L","Humid","21.233","deg","63976","µV","31.294","°C","1021.000","hPa","36.0","pmil","0","55.680","deg","20.000","°C","100.000","%a.s.","22.210","deg","20.000","°C","971.000","hPa","0.826","-0.01532","0.000401","-0.00012","0","11.08","Humid","26.60","0","20.10","229649.07","SABD0002000011","AAV2.0.0.13","2.1.0.383","PSt7-10","171027-000","6/27/2018 9:55:33 AM","0000-00","0","no battery","V"
"08/23/2019","13:21:55","1","default","104940808","OXY1","45.910","min","170.958","μmol/L","Humid","21.238","deg","63978","µV","31.306","°C","1021.000","hPa","36.0","pmil","0","55.680","deg","20.000","°C","100.000","%a.s.","22.210","deg","20.000","°C","971.000","hPa","0.826","-0.01532","0.000401","-0.00012","0","11.08","Humid","26.60","0","20.10","229656.04","SABD0002000011","AAV2.0.0.13","2.1.0.383","PSt7-10","171027-000","6/27/2018 9:55:33 AM","0000-00","0","no battery","V"
"08/23/2019","13:21:56","1","default","104940808","OXY1","45.927","min","170.984","μmol/L","Humid","21.239","deg","63966","µV","31.300","°C","1022.000","hPa","36.0","pmil","0","55.680","deg","20.000","°C","100.000","%a.s.","22.210","deg","20.000","°C","971.000","hPa","0.826","-0.01532","0.000401","-0.00012","0","11.08","Humid","26.60","0","20.10","229659.51","SABD0002000011","AAV2.0.0.13","2.1.0.383","PSt7-10","171027-000","6/27/2018 9:55:33 AM","0000-00","0","no battery","V"
"08/23/2019","13:21:57","1","default","104940808","OXY1","45.944","min","170.999","μmol/L","Humid","21.238","deg","63977","µV","31.300","°C","1022.000","hPa","36.0","pmil","0","55.680","deg","20.000","°C","100.000","%a.s.","22.210","deg","20.000","°C","971.000","hPa","0.826","-0.01532","0.000401","-0.00012","0","11.08","Humid","26.60","0","20.10","229644.27","SABD0002000011","AAV2.0.0.13","2.1.0.383","PSt7-10","171027-000","6/27/2018 9:55:33 AM","0000-00","0","no battery","V"
"08/23/2019","13:21:58","1","default","104940808","OXY1","45.961","min","171.022","μmol/L","Humid","21.236","deg","63973","µV","31.300","°C","1021.000","hPa","36.0","pmil","0","55.680","deg","20.000","°C","100.000","%a.s.","22.210","deg","20.000","°C","971.000","hPa","0.826","-0.01532","0.000401","-0.00012","0","11.08","Humid","26.60","0","20.10","229653.41","SABD0002000011","AAV2.0.0.13","2.1.0.383","PSt7-10","171027-000","6/27/2018 9:55:33 AM","0000-00","0","no battery","V"
"08/23/2019","13:21:59","1","default","104940808","OXY1","45.977","min","170.958","μmol/L","Humid","21.238","deg","63975","µV","31.306","°C","1021.000","hPa","36.0","pmil","0","55.680","deg","20.000","°C","100.000","%a.s.","22.210","deg","20.000","°C","971.000","hPa","0.826","-0.01532","0.000401","-0.00012","0","11.08","Humid","26.60","0","20.10","229644.99","SABD0002000011","AAV2.0.0.13","2.1.0.383","PSt7-10","171027-000","6/27/2018 9:55:33 AM","0000-00","0","no battery","V"
"08/23/2019","13:22:00","1","default","104940808","OXY1","45.994","min","170.999","μmol/L","Humid","21.238","deg","63975","µV","31.300","°C","1022.000","hPa","36.0","pmil","0","55.680","deg","20.000","°C","100.000","%a.s.","22.210","deg","20.000","°C","971.000","hPa","0.826","-0.01532","0.000401","-0.00012","0","11.08","Humid","26.60","0","20.10","229646.74","SABD0002000011","AAV2.0.0.13","2.1.0.383","PSt7-10","171027-000","6/27/2018 9:55:33 AM","0000-00","0","no battery","V"
"08/23/2019","13:22:01","1","default","104940808","OXY1","46.010","min","170.969","μmol/L","Humid","21.240","deg","63974","µV","31.300","°C","1022.000","hPa","36.0","pmil","0","55.680","deg","20.000","°C","100.000","%a.s.","22.210","deg","20.000","°C","971.000","hPa","0.826","-0.01532","0.000401","-0.00012","0","11.08","Humid","26.60","0","20.10","229641.42","SABD0002000011","AAV2.0.0.13","2.1.0.383","PSt7-10","171027-000","6/27/2018 9:55:33 AM","0000-00","0","no battery","V"
"08/23/2019","13:22:02","1","default","104940808","OXY1","46.027","min","171.048","μmol/L","Humid","21.237","deg","63975","µV","31.294","°C","1022.000","hPa","36.0","pmil","0","55.680","deg","20.000","°C","100.000","%a.s.","22.210","deg","20.000","°C","971.000","hPa","0.826","-0.01532","0.000401","-0.00012","0","11.08","Humid","26.60","0","20.10","229636.69","SABD0002000011","AAV2.0.0.13","2.1.0.383","PSt7-10","171027-000","6/27/2018 9:55:33 AM","0000-00","0","no battery","V"
"08/23/2019","13:22:03","1","default","104940808","OXY1","46.043","min","170.946","μmol/L","Humid","21.241","deg","63972","µV","31.300","°C","1021.000","hPa","36.0","pmil","0","55.680","deg","20.000","°C","100.000","%a.s.","22.210","deg","20.000","°C","971.000","hPa","0.826","-0.01532","0.000401","-0.00012","0","11.08","Humid","26.60","0","20.10","229633.46","SABD0002000011","AAV2.0.0.13","2.1.0.383","PSt7-10","171027-000","6/27/2018 9:55:33 AM","0000-00","0","no battery","V"
"08/23/2019","13:22:04","1","default","104940808","OXY1","46.060","min","170.939","μmol/L","Humid","21.242","deg","63978","µV","31.300","°C","1022.000","hPa","36.0","pmil","0","55.680","deg","20.000","°C","100.000","%a.s.","22.210","deg","20.000","°C","971.000","hPa","0.826","-0.01532","0.000401","-0.00012","0","11.08","Humid","26.60","0","20.10","229650.51","SABD0002000011","AAV2.0.0.13","2.1.0.383","PSt7-10","171027-000","6/27/2018 9:55:33 AM","0000-00","0","no battery","V"
"08/23/2019","13:22:05","1","default","104940808","OXY1","46.077","min","170.909","μmol/L","Humid","21.244","deg","63978","µV","31.300","°C","1022.000","hPa","36.0","pmil","0","55.680","deg","20.000","°C","100.000","%a.s.","22.210","deg","20.000","°C","971.000","hPa","0.826","-0.01532","0.000401","-0.00012","0","11.08","Humid","26.60","0","20.10","229645.90","SABD0002000011","AAV2.0.0.13","2.1.0.383","PSt7-10","171027-000","6/27/2018 9:55:33 AM","0000-00","0","no battery","V"
"08/23/2019","13:22:06","1","default","104940808","OXY1","46.094","min","170.957","μmol/L","Humid","21.243","deg","63974","µV","31.294","°C","1022.000","hPa","36.0","pmil","0","55.680","deg","20.000","°C","100.000","%a.s.","22.210","deg","20.000","°C","971.000","hPa","0.826","-0.01532","0.000401","-0.00012","0","11.08","Humid","26.60","0","20.10","229651.07","SABD0002000011","AAV2.0.0.13","2.1.0.383","PSt7-10","171027-000","6/27/2018 9:55:33 AM","0000-00","0","no battery","V"
"08/23/2019","13:22:07","1","default","104940808","OXY1","46.110","min","170.872","μmol/L","Humid","21.242","deg","63981","µV","31.312","°C","1022.000","hPa","36.0","pmil","0","55.680","deg","20.000","°C","100.000","%a.s.","22.210","deg","20.000","°C","971.000","hPa","0.826","-0.01532","0.000401","-0.00012","0","11.08","Humid","26.60","0","20.10","229636.76","SABD0002000011","AAV2.0.0.13","2.1.0.383","PSt7-10","171027-000","6/27/2018 9:55:33 AM","0000-00","0","no battery","V"
"08/23/2019","13:22:08","1","default","104940808","OXY1","46.127","min","171.045","μmol/L","Humid","21.235","deg","63982","µV","31.300","°C","1022.000","hPa","36.0","pmil","0","55.680","deg","20.000","°C","100.000","%a.s.","22.210","deg","20.000","°C","971.000","hPa","0.826","-0.01532","0.000401","-0.00012","0","11.08","Humid","26.60","0","20.10","229654.65","SABD0002000011","AAV2.0.0.13","2.1.0.383","PSt7-10","171027-000","6/27/2018 9:55:33 AM","0000-00","0","no battery","V"
"08/23/2019","13:22:09","1","default","104940808","OXY1","46.144","min","170.973","μmol/L","Humid","21.237","deg","63979","µV","31.306","°C","1021.000","hPa","36.0","pmil","0","55.680","deg","20.000","°C","100.000","%a.s.","22.210","deg","20.000","°C","971.000","hPa","0.826","-0.01532","0.000401","-0.00012","0","11.08","Humid","26.60","0","20.10","229653.73","SABD0002000011","AAV2.0.0.13","2.1.0.383","PSt7-10","171027-000","6/27/2018 9:55:33 AM","0000-00","0","no battery","V"
"08/23/2019","13:22:10","1","default","104940808","OXY1","46.161","min","170.909","μmol/L","Humid","21.244","deg","63979","µV","31.300","°C","1022.000","hPa","36.0","pmil","0","55.680","deg","20.000","°C","100.000","%a.s.","22.210","deg","20.000","°C","971.000","hPa","0.826","-0.01532","0.000401","-0.00012","0","11.08","Humid","26.60","0","20.10","229643.37","SABD0002000011","AAV2.0.0.13","2.1.0.383","PSt7-10","171027-000","6/27/2018 9:55:33 AM","0000-00","0","no battery","V"
"08/23/2019","13:22:11","1","default","104940808","OXY1","46.177","min","170.882","μmol/L","Humid","21.243","deg","63976","µV","31.306","°C","1021.000","hPa","36.0","pmil","0","55.680","deg","20.000","°C","100.000","%a.s.","22.210","deg","20.000","°C","971.000","hPa","0.826","-0.01532","0.000401","-0.00012","0","11.08","Humid","26.60","0","20.10","229634.60","SABD0002000011","AAV2.0.0.13","2.1.0.383","PSt7-10","171027-000","6/27/2018 9:55:33 AM","0000-00","0","no battery","V"
"08/23/2019","13:22:12","1","default","104940808","OXY1","46.193","min","170.912","μmol/L","Humid","21.241","deg","63978","µV","31.306","°C","1021.000","hPa","36.0","pmil","0","55.680","deg","20.000","°C","100.000","%a.s.","22.210","deg","20.000","°C","971.000","hPa","0.826","-0.01532","0.000401","-0.00012","0","11.08","Humid","26.60","0","20.10","229633.37","SABD0002000011","AAV2.0.0.13","2.1.0.383","PSt7-10","171027-000","6/27/2018 9:55:33 AM","0000-00","0","no battery","V"
"08/23/2019","13:22:13","1","default","104940808","OXY1","46.210","min","170.939","μmol/L","Humid","21.242","deg","63977","µV","31.300","°C","1022.000","hPa","36.0","pmil","0","55.680","deg","20.000","°C","100.000","%a.s.","22.210","deg","20.000","°C","971.000","hPa","0.826","-0.01532","0.000401","-0.00012","0","11.08","Humid","26.60","0","20.10","229644.02","SABD0002000011","AAV2.0.0.13","2.1.0.383","PSt7-10","171027-000","6/27/2018 9:55:33 AM","0000-00","0","no battery","V"
"08/23/2019","13:22:14","1","default","104940808","OXY1","46.227","min","170.942","μmol/L","Humid","21.244","deg","63981","µV","31.294","°C","1022.000","hPa","36.0","pmil","0","55.680","deg","20.000","°C","100.000","%a.s.","22.210","deg","20.000","°C","971.000","hPa","0.826","-0.01532","0.000401","-0.00012","0","11.08","Humid","26.60","0","20.10","229640.24","SABD0002000011","AAV2.0.0.13","2.1.0.383","PSt7-10","171027-000","6/27/2018 9:55:33 AM","0000-00","0","no battery","V"
"08/23/2019","13:22:15","1","default","104940808","OXY1","46.243","min","170.893","μmol/L","Humid","21.245","deg","63989","µV","31.300","°C","1022.000","hPa","36.0","pmil","0","55.680","deg","20.000","°C","100.000","%a.s.","22.210","deg","20.000","°C","971.000","hPa","0.826","-0.01532","0.000401","-0.00012","0","11.08","Humid","26.60","0","20.10","229641.06","SABD0002000011","AAV2.0.0.13","2.1.0.383","PSt7-10","171027-000","6/27/2018 9:55:33 AM","0000-00","0","no battery","V"
"08/23/2019","13:22:16","1","default","104940808","OXY1","46.260","min","170.867","μmol/L","Humid","21.249","deg","63978","µV","31.294","°C","1022.000","hPa","36.0","pmil","0","55.680","deg","20.000","°C","100.000","%a.s.","22.210","deg","20.000","°C","971.000","hPa","0.826","-0.01532","0.000401","-0.00012","0","11.08","Humid","26.60","0","20.10","229649.95","SABD0002000011","AAV2.0.0.13","2.1.0.383","PSt7-10","171027-000","6/27/2018 9:55:33 AM","0000-00","0","no battery","V"
"08/23/2019","13:22:17","1","default","104940808","OXY1","46.277","min","171.015","μmol/L","Humid","21.237","deg","63976","µV","31.300","°C","1022.000","hPa","36.0","pmil","0","55.680","deg","20.000","°C","100.000","%a.s.","22.210","deg","20.000","°C","971.000","hPa","0.826","-0.01532","0.000401","-0.00012","0","11.08","Humid","26.60","0","20.10","229647.97","SABD0002000011","AAV2.0.0.13","2.1.0.383","PSt7-10","171027-000","6/27/2018 9:55:33 AM","0000-00","0","no battery","V"
"08/23/2019","13:22:18","1","default","104940808","OXY1","46.293","min","171.030","μmol/L","Humid","21.236","deg","63977","µV","31.300","°C","1022.000","hPa","36.0","pmil","0","55.680","deg","20.000","°C","100.000","%a.s.","22.210","deg","20.000","°C","971.000","hPa","0.826","-0.01532","0.000401","-0.00012","0","11.08","Humid","26.60","0","20.10","229646.14","SABD0002000011","AAV2.0.0.13","2.1.0.383","PSt7-10","171027-000","6/27/2018 9:55:33 AM","0000-00","0","no battery","V"
"08/23/2019","13:22:19","1","default","104940808","OXY1","46.310","min","171.015","μmol/L","Humid","21.237","deg","63976","µV","31.300","°C","1022.000","hPa","36.0","pmil","0","55.680","deg","20.000","°C","100.000","%a.s.","22.210","deg","20.000","°C","971.000","hPa","0.826","-0.01532","0.000401","-0.00012","0","11.08","Humid","26.60","0","20.10","229641.63","SABD0002000011","AAV2.0.0.13","2.1.0.383","PSt7-10","171027-000","6/27/2018 9:55:33 AM","0000-00","0","no battery","V"
"08/23/2019","13:22:20","1","default","104940808","OXY1","46.327","min","171.007","μmol/L","Humid","21.237","deg","63968","µV","31.300","°C","1021.000","hPa","36.0","pmil","0","55.680","deg","20.000","°C","100.000","%a.s.","22.210","deg","20.000","°C","971.000","hPa","0.826","-0.01532","0.000401","-0.00012","0","11.08","Humid","26.60","0","20.10","229644.01","SABD0002000011","AAV2.0.0.13","2.1.0.383","PSt7-10","171027-000","6/27/2018 9:55:33 AM","0000-00","0","no battery","V"
"08/23/2019","13:22:21","1","default","104940808","OXY1","46.344","min","171.030","μmol/L","Humid","21.236","deg","63975","µV","31.300","°C","1022.000","hPa","36.0","pmil","0","55.680","deg","20.000","°C","100.000","%a.s.","22.210","deg","20.000","°C","971.000","hPa","0.826","-0.01532","0.000401","-0.00012","0","11.08","Humid","26.60","0","20.10","229639.77","SABD0002000011","AAV2.0.0.13","2.1.0.383","PSt7-10","171027-000","6/27/2018 9:55:33 AM","0000-00","0","no battery","V"
"08/23/2019","13:22:22","1","default","104940808","OXY1","46.361","min","170.939","μmol/L","Humid","21.242","deg","63975","µV","31.300","°C","1022.000","hPa","36.0","pmil","0","55.680","deg","20.000","°C","100.000","%a.s.","22.210","deg","20.000","°C","971.000","hPa","0.826","-0.01532","0.000401","-0.00012","0","11.08","Humid","26.60","0","20.10","229655.21","SABD0002000011","AAV2.0.0.13","2.1.0.383","PSt7-10","171027-000","6/27/2018 9:55:33 AM","0000-00","0","no battery","V"
"08/23/2019","13:22:23","1","default","104940808","OXY1","46.377","min","171.015","μmol/L","Humid","21.237","deg","63970","µV","31.300","°C","1022.000","hPa","36.0","pmil","0","55.680","deg","20.000","°C","100.000","%a.s.","22.210","deg","20.000","°C","971.000","hPa","0.826","-0.01532","0.000401","-0.00012","0","11.08","Humid","26.60","0","20.10","229637.29","SABD0002000011","AAV2.0.0.13","2.1.0.383","PSt7-10","171027-000","6/27/2018 9:55:33 AM","0000-00","0","no battery","V"
"08/23/2019","13:22:24","1","default","104940808","OXY1","46.394","min","170.878","μmol/L","Humid","21.246","deg","63968","µV","31.300","°C","1022.000","hPa","36.0","pmil","0","55.680","deg","20.000","°C","100.000","%a.s.","22.210","deg","20.000","°C","971.000","hPa","0.826","-0.01532","0.000401","-0.00012","0","11.08","Humid","26.60","0","20.10","229637.41","SABD0002000011","AAV2.0.0.13","2.1.0.383","PSt7-10","171027-000","6/27/2018 9:55:33 AM","0000-00","0","no battery","V"
"08/23/2019","13:22:25","1","default","104940808","OXY1","46.411","min","171.075","μmol/L","Humid","21.233","deg","63967","µV","31.300","°C","1022.000","hPa","36.0","pmil","0","55.680","deg","20.000","°C","100.000","%a.s.","22.210","deg","20.000","°C","971.000","hPa","0.826","-0.01532","0.000401","-0.00012","0","11.08","Humid","26.60","0","20.10","229643.57","SABD0002000011","AAV2.0.0.13","2.1.0.383","PSt7-10","171027-000","6/27/2018 9:55:33 AM","0000-00","0","no battery","V"
"08/23/2019","13:22:26","1","default","104940808","OXY1","46.427","min","170.984","μmol/L","Humid","21.239","deg","63966","µV","31.300","°C","1022.000","hPa","36.0","pmil","0","55.680","deg","20.000","°C","100.000","%a.s.","22.210","deg","20.000","°C","971.000","hPa","0.826","-0.01532","0.000401","-0.00012","0","11.08","Humid","26.60","0","20.10","229634.08","SABD0002000011","AAV2.0.0.13","2.1.0.383","PSt7-10","171027-000","6/27/2018 9:55:33 AM","0000-00","0","no battery","V"
"08/23/2019","13:22:27","1","default","104940808","OXY1","46.443","min","170.969","μmol/L","Humid","21.240","deg","63971","µV","31.300","°C","1022.000","hPa","36.0","pmil","0","55.680","deg","20.000","°C","100.000","%a.s.","22.210","deg","20.000","°C","971.000","hPa","0.826","-0.01532","0.000401","-0.00012","0","11.08","Humid","26.60","0","20.10","229634.11","SABD0002000011","AAV2.0.0.13","2.1.0.383","PSt7-10","171027-000","6/27/2018 9:55:33 AM","0000-00","0","no battery","V"
"08/23/2019","13:22:28","1","default","104940808","OXY1","46.460","min","170.909","μmol/L","Humid","21.244","deg","63969","µV","31.300","°C","1022.000","hPa","36.0","pmil","0","55.680","deg","20.000","°C","100.000","%a.s.","22.210","deg","20.000","°C","971.000","hPa","0.826","-0.01532","0.000401","-0.00012","0","11.08","Humid","26.60","0","20.10","229645.39","SABD0002000011","AAV2.0.0.13","2.1.0.383","PSt7-10","171027-000","6/27/2018 9:55:33 AM","0000-00","0","no battery","V"
"08/23/2019","13:22:29","1","default","104940808","OXY1","46.477","min","170.920","μmol/L","Humid","21.241","deg","63971","µV","31.306","°C","1022.000","hPa","36.0","pmil","0","55.680","deg","20.000","°C","100.000","%a.s.","22.210","deg","20.000","°C","971.000","hPa","0.826","-0.01532","0.000401","-0.00012","0","11.08","Humid","26.60","0","20.10","229625.90","SABD0002000011","AAV2.0.0.13","2.1.0.383","PSt7-10","171027-000","6/27/2018 9:55:33 AM","0000-00","0","no battery","V"
"08/23/2019","13:22:30","1","default","104940808","OXY1","46.494","min","171.060","μmol/L","Humid","21.234","deg","63968","µV","31.300","°C","1022.000","hPa","36.0","pmil","0","55.680","deg","20.000","°C","100.000","%a.s.","22.210","deg","20.000","°C","971.000","hPa","0.826","-0.01532","0.000401","-0.00012","0","11.08","Humid","26.60","0","20.10","229640.53","SABD0002000011","AAV2.0.0.13","2.1.0.383","PSt7-10","171027-000","6/27/2018 9:55:33 AM","0000-00","0","no battery","V"
"08/23/2019","13:22:31","1","default","104940808","OXY1","46.510","min","170.999","μmol/L","Humid","21.238","deg","63966","µV","31.300","°C","1022.000","hPa","36.0","pmil","0","55.680","deg","20.000","°C","100.000","%a.s.","22.210","deg","20.000","°C","971.000","hPa","0.826","-0.01532","0.000401","-0.00012","0","11.08","Humid","26.60","0","20.10","229638.22","SABD0002000011","AAV2.0.0.13","2.1.0.383","PSt7-10","171027-000","6/27/2018 9:55:33 AM","0000-00","0","no battery","V"
"08/23/2019","13:22:32","1","default","104940808","OXY1","46.527","min","170.882","μmol/L","Humid","21.243","deg","63966","µV","31.306","°C","1021.000","hPa","36.0","pmil","0","55.680","deg","20.000","°C","100.000","%a.s.","22.210","deg","20.000","°C","971.000","hPa","0.826","-0.01532","0.000401","-0.00012","0","11.08","Humid","26.60","0","20.10","229647.99","SABD0002000011","AAV2.0.0.13","2.1.0.383","PSt7-10","171027-000","6/27/2018 9:55:33 AM","0000-00","0","no battery","V"
"08/23/2019","13:22:33","1","default","104940808","OXY1","46.544","min","170.875","μmol/L","Humid","21.244","deg","63968","µV","31.306","°C","1022.000","hPa","36.0","pmil","0","55.680","deg","20.000","°C","100.000","%a.s.","22.210","deg","20.000","°C","971.000","hPa","0.826","-0.01532","0.000401","-0.00012","0","11.08","Humid","26.60","0","20.10","229641.59","SABD0002000011","AAV2.0.0.13","2.1.0.383","PSt7-10","171027-000","6/27/2018 9:55:33 AM","0000-00","0","no battery","V"
"08/23/2019","13:22:34","1","default","104940808","OXY1","46.561","min","170.951","μmol/L","Humid","21.239","deg","63976","µV","31.306","°C","1022.000","hPa","36.0","pmil","0","55.680","deg","20.000","°C","100.000","%a.s.","22.210","deg","20.000","°C","971.000","hPa","0.826","-0.01532","0.000401","-0.00012","0","11.08","Humid","26.60","0","20.10","229648.26","SABD0002000011","AAV2.0.0.13","2.1.0.383","PSt7-10","171027-000","6/27/2018 9:55:33 AM","0000-00","0","no battery","V"
"08/23/2019","13:22:35","1","default","104940808","OXY1","46.577","min","171.015","μmol/L","Humid","21.237","deg","63970","µV","31.300","°C","1022.000","hPa","36.0","pmil","0","55.680","deg","20.000","°C","100.000","%a.s.","22.210","deg","20.000","°C","971.000","hPa","0.826","-0.01532","0.000401","-0.00012","0","11.08","Humid","26.60","0","20.10","229632.70","SABD0002000011","AAV2.0.0.13","2.1.0.383","PSt7-10","171027-000","6/27/2018 9:55:33 AM","0000-00","0","no battery","V"
"08/23/2019","13:22:36","1","default","104940808","OXY1","46.594","min","171.011","μmol/L","Humid","21.235","deg","63972","µV","31.306","°C","1022.000","hPa","36.0","pmil","0","55.680","deg","20.000","°C","100.000","%a.s.","22.210","deg","20.000","°C","971.000","hPa","0.826","-0.01532","0.000401","-0.00012","0","11.08","Humid","26.60","0","20.10","229634.91","SABD0002000011","AAV2.0.0.13","2.1.0.383","PSt7-10","171027-000","6/27/2018 9:55:33 AM","0000-00","0","no battery","V"
"08/23/2019","13:22:37","1","default","104940808","OXY1","46.611","min","170.969","μmol/L","Humid","21.240","deg","63976","µV","31.300","°C","1022.000","hPa","36.0","pmil","0","55.680","deg","20.000","°C","100.000","%a.s.","22.210","deg","20.000","°C","971.000","hPa","0.826","-0.01532","0.000401","-0.00012","0","11.08","Humid","26.60","0","20.10","229641.19","SABD0002000011","AAV2.0.0.13","2.1.0.383","PSt7-10","171027-000","6/27/2018 9:55:33 AM","0000-00","0","no battery","V"
"08/23/2019","13:22:38","1","default","104940808","OXY1","46.627","min","170.905","μmol/L","Humid","21.242","deg","63969","µV","31.306","°C","1022.000","hPa","36.0","pmil","0","55.680","deg","20.000","°C","100.000","%a.s.","22.210","deg","20.000","°C","971.000","hPa","0.826","-0.01532","0.000401","-0.00012","0","11.08","Humid","26.60","0","20.10","229629.27","SABD0002000011","AAV2.0.0.13","2.1.0.383","PSt7-10","171027-000","6/27/2018 9:55:33 AM","0000-00","0","no battery","V"
"08/23/2019","13:22:39","1","default","104940808","OXY1","46.644","min","170.912","μmol/L","Humid","21.241","deg","63969","µV","31.306","°C","1021.000","hPa","36.0","pmil","0","55.680","deg","20.000","°C","100.000","%a.s.","22.210","deg","20.000","°C","971.000","hPa","0.826","-0.01532","0.000401","-0.00012","0","11.08","Humid","26.60","0","20.10","229631.96","SABD0002000011","AAV2.0.0.13","2.1.0.383","PSt7-10","171027-000","6/27/2018 9:55:33 AM","0000-00","0","no battery","V"
"08/23/2019","13:22:40","1","default","104940808","OXY1","46.660","min","170.939","μmol/L","Humid","21.242","deg","63974","µV","31.300","°C","1022.000","hPa","36.0","pmil","0","55.680","deg","20.000","°C","100.000","%a.s.","22.210","deg","20.000","°C","971.000","hPa","0.826","-0.01532","0.000401","-0.00012","0","11.08","Humid","26.60","0","20.10","229634.47","SABD0002000011","AAV2.0.0.13","2.1.0.383","PSt7-10","171027-000","6/27/2018 9:55:33 AM","0000-00","0","no battery","V"
"08/23/2019","13:22:41","1","default","104940808","OXY1","46.677","min","170.852","μmol/L","Humid","21.245","deg","63977","µV","31.306","°C","1021.000","hPa","36.0","pmil","0","55.680","deg","20.000","°C","100.000","%a.s.","22.210","deg","20.000","°C","971.000","hPa","0.826","-0.01532","0.000401","-0.00012","0","11.08","Humid","26.60","0","20.10","229630.85","SABD0002000011","AAV2.0.0.13","2.1.0.383","PSt7-10","171027-000","6/27/2018 9:55:33 AM","0000-00","0","no battery","V"
"08/23/2019","13:22:42","1","default","104940808","OXY1","46.694","min","170.878","μmol/L","Humid","21.246","deg","63978","µV","31.300","°C","1022.000","hPa","36.0","pmil","0","55.680","deg","20.000","°C","100.000","%a.s.","22.210","deg","20.000","°C","971.000","hPa","0.826","-0.01532","0.000401","-0.00012","0","11.08","Humid","26.60","0","20.10","229631.95","SABD0002000011","AAV2.0.0.13","2.1.0.383","PSt7-10","171027-000","6/27/2018 9:55:33 AM","0000-00","0","no battery","V"
"08/23/2019","13:22:43","1","default","104940808","OXY1","46.710","min","170.992","μmol/L","Humid","21.238","deg","63974","µV","31.300","°C","1021.000","hPa","36.0","pmil","0","55.680","deg","20.000","°C","100.000","%a.s.","22.210","deg","20.000","°C","971.000","hPa","0.826","-0.01532","0.000401","-0.00012","0","11.08","Humid","26.60","0","20.10","229628.42","SABD0002000011","AAV2.0.0.13","2.1.0.383","PSt7-10","171027-000","6/27/2018 9:55:33 AM","0000-00","0","no battery","V"
"08/23/2019","13:22:44","1","default","104940808","OXY1","46.727","min","170.946","μmol/L","Humid","21.241","deg","63972","µV","31.300","°C","1021.000","hPa","36.0","pmil","0","55.680","deg","20.000","°C","100.000","%a.s.","22.210","deg","20.000","°C","971.000","hPa","0.826","-0.01532","0.000401","-0.00012","0","11.08","Humid","26.60","0","20.10","229622.70","SABD0002000011","AAV2.0.0.13","2.1.0.383","PSt7-10","171027-000","6/27/2018 9:55:33 AM","0000-00","0","no battery","V"
"08/23/2019","13:22:45","1","default","104940808","OXY1","46.744","min","170.939","μmol/L","Humid","21.242","deg","63980","µV","31.300","°C","1022.000","hPa","36.0","pmil","0","55.680","deg","20.000","°C","100.000","%a.s.","22.210","deg","20.000","°C","971.000","hPa","0.826","-0.01532","0.000401","-0.00012","0","11.08","Humid","26.60","0","20.10","229636.09","SABD0002000011","AAV2.0.0.13","2.1.0.383","PSt7-10","171027-000","6/27/2018 9:55:33 AM","0000-00","0","no battery","V"
"08/23/2019","13:22:46","1","default","104940808","OXY1","46.761","min","170.909","μmol/L","Humid","21.244","deg","63977","µV","31.300","°C","1022.000","hPa","36.0","pmil","0","55.680","deg","20.000","°C","100.000","%a.s.","22.210","deg","20.000","°C","971.000","hPa","0.826","-0.01532","0.000401","-0.00012","0","11.08","Humid","26.60","0","20.10","229635.27","SABD0002000011","AAV2.0.0.13","2.1.0.383","PSt7-10","171027-000","6/27/2018 9:55:33 AM","0000-00","0","no battery","V"
"08/23/2019","13:22:47","1","default","104940808","OXY1","46.777","min","170.860","μmol/L","Humid","21.245","deg","63973","µV","31.306","°C","1022.000","hPa","36.0","pmil","0","55.680","deg","20.000","°C","100.000","%a.s.","22.210","deg","20.000","°C","971.000","hPa","0.826","-0.01532","0.000401","-0.00012","0","11.08","Humid","26.60","0","20.10","229623.93","SABD0002000011","AAV2.0.0.13","2.1.0.383","PSt7-10","171027-000","6/27/2018 9:55:33 AM","0000-00","0","no battery","V"
"08/23/2019","13:22:48","1","default","104940808","OXY1","46.794","min","170.878","μmol/L","Humid","21.246","deg","63975","µV","31.300","°C","1022.000","hPa","36.0","pmil","0","55.680","deg","20.000","°C","100.000","%a.s.","22.210","deg","20.000","°C","971.000","hPa","0.826","-0.01532","0.000401","-0.00012","0","11.08","Humid","26.60","0","20.10","229633.94","SABD0002000011","AAV2.0.0.13","2.1.0.383","PSt7-10","171027-000","6/27/2018 9:55:33 AM","0000-00","0","no battery","V"
"08/23/2019","13:22:49","1","default","104940808","OXY1","46.810","min","170.845","μmol/L","Humid","21.246","deg","63970","µV","31.306","°C","1022.000","hPa","36.0","pmil","0","55.680","deg","20.000","°C","100.000","%a.s.","22.210","deg","20.000","°C","971.000","hPa","0.826","-0.01532","0.000401","-0.00012","0","11.08","Humid","26.60","0","20.10","229617.24","SABD0002000011","AAV2.0.0.13","2.1.0.383","PSt7-10","171027-000","6/27/2018 9:55:33 AM","0000-00","0","no battery","V"
"08/23/2019","13:22:50","1","default","104940808","OXY1","46.827","min","170.875","μmol/L","Humid","21.244","deg","63977","µV","31.306","°C","1022.000","hPa","36.0","pmil","0","55.680","deg","20.000","°C","100.000","%a.s.","22.210","deg","20.000","°C","971.000","hPa","0.826","-0.01532","0.000401","-0.00012","0","11.08","Humid","26.60","0","20.10","229622.43","SABD0002000011","AAV2.0.0.13","2.1.0.383","PSt7-10","171027-000","6/27/2018 9:55:33 AM","0000-00","0","no battery","V"
"08/23/2019","13:22:51","1","default","104940808","OXY1","46.843","min","170.935","μmol/L","Humid","21.240","deg","63968","µV","31.306","°C","1022.000","hPa","36.0","pmil","0","55.680","deg","20.000","°C","100.000","%a.s.","22.210","deg","20.000","°C","971.000","hPa","0.826","-0.01532","0.000401","-0.00012","0","11.08","Humid","26.60","0","20.10","229628.47","SABD0002000011","AAV2.0.0.13","2.1.0.383","PSt7-10","171027-000","6/27/2018 9:55:33 AM","0000-00","0","no battery","V"
"08/23/2019","13:22:52","1","default","104940808","OXY1","46.860","min","170.969","μmol/L","Humid","21.240","deg","63968","µV","31.300","°C","1022.000","hPa","36.0","pmil","0","55.680","deg","20.000","°C","100.000","%a.s.","22.210","deg","20.000","°C","971.000","hPa","0.826","-0.01532","0.000401","-0.00012","0","11.08","Humid","26.60","0","20.10","229616.61","SABD0002000011","AAV2.0.0.13","2.1.0.383","PSt7-10","171027-000","6/27/2018 9:55:33 AM","0000-00","0","no battery","V"
"08/23/2019","13:22:53","1","default","104940808","OXY1","46.877","min","170.878","μmol/L","Humid","21.246","deg","63969","µV","31.300","°C","1022.000","hPa","36.0","pmil","0","55.680","deg","20.000","°C","100.000","%a.s.","22.210","deg","20.000","°C","971.000","hPa","0.826","-0.01532","0.000401","-0.00012","0","11.08","Humid","26.60","0","20.10","229618.66","SABD0002000011","AAV2.0.0.13","2.1.0.383","PSt7-10","171027-000","6/27/2018 9:55:33 AM","0000-00","0","no battery","V"
"08/23/2019","13:22:54","1","default","104940808","OXY1","46.894","min","170.954","μmol/L","Humid","21.241","deg","63970","µV","31.300","°C","1022.000","hPa","36.0","pmil","0","55.680","deg","20.000","°C","100.000","%a.s.","22.210","deg","20.000","°C","971.000","hPa","0.826","-0.01532","0.000401","-0.00012","0","11.08","Humid","26.60","0","20.10","229628.80","SABD0002000011","AAV2.0.0.13","2.1.0.383","PSt7-10","171027-000","6/27/2018 9:55:33 AM","0000-00","0","no battery","V"
"08/23/2019","13:22:55","1","default","104940808","OXY1","46.911","min","170.939","μmol/L","Humid","21.242","deg","63975","µV","31.300","°C","1022.000","hPa","36.0","pmil","0","55.680","deg","20.000","°C","100.000","%a.s.","22.210","deg","20.000","°C","971.000","hPa","0.826","-0.01532","0.000401","-0.00012","0","11.08","Humid","26.60","0","20.10","229618.23","SABD0002000011","AAV2.0.0.13","2.1.0.383","PSt7-10","171027-000","6/27/2018 9:55:33 AM","0000-00","0","no battery","V"
"08/23/2019","13:22:56","1","default","104940808","OXY1","46.927","min","170.867","μmol/L","Humid","21.244","deg","63977","µV","31.306","°C","1021.000","hPa","36.0","pmil","0","55.680","deg","20.000","°C","100.000","%a.s.","22.210","deg","20.000","°C","971.000","hPa","0.826","-0.01532","0.000401","-0.00012","0","11.08","Humid","26.60","0","20.10","229622.09","SABD0002000011","AAV2.0.0.13","2.1.0.383","PSt7-10","171027-000","6/27/2018 9:55:33 AM","0000-00","0","no battery","V"
"08/23/2019","13:22:57","1","default","104940808","OXY1","46.944","min","170.852","μmol/L","Humid","21.245","deg","63978","µV","31.306","°C","1021.000","hPa","36.0","pmil","0","55.680","deg","20.000","°C","100.000","%a.s.","22.210","deg","20.000","°C","971.000","hPa","0.826","-0.01532","0.000401","-0.00012","0","11.08","Humid","26.60","0","20.10","229623.14","SABD0002000011","AAV2.0.0.13","2.1.0.383","PSt7-10","171027-000","6/27/2018 9:55:33 AM","0000-00","0","no battery","V"
"08/23/2019","13:22:58","1","default","104940808","OXY1","46.961","min","170.814","μmol/L","Humid","21.248","deg","63981","µV","31.306","°C","1022.000","hPa","36.0","pmil","0","55.680","deg","20.000","°C","100.000","%a.s.","22.210","deg","20.000","°C","971.000","hPa","0.826","-0.01532","0.000401","-0.00012","0","11.08","Humid","26.60","0","20.10","229627.09","SABD0002000011","AAV2.0.0.13","2.1.0.383","PSt7-10","171027-000","6/27/2018 9:55:33 AM","0000-00","0","no battery","V"
"08/23/2019","13:22:59","1","default","104940808","OXY1","46.977","min","170.833","μmol/L","Humid","21.249","deg","63977","µV","31.300","°C","1022.000","hPa","36.0","pmil","0","55.680","deg","20.000","°C","100.000","%a.s.","22.210","deg","20.000","°C","971.000","hPa","0.826","-0.01532","0.000401","-0.00012","0","11.08","Humid","26.60","0","20.10","229614.10","SABD0002000011","AAV2.0.0.13","2.1.0.383","PSt7-10","171027-000","6/27/2018 9:55:33 AM","0000-00","0","no battery","V"
"08/23/2019","13:23:00","1","default","104940808","OXY1","46.993","min","170.855","μmol/L","Humid","21.247","deg","63972","µV","31.300","°C","1021.000","hPa","36.0","pmil","0","55.680","deg","20.000","°C","100.000","%a.s.","22.210","deg","20.000","°C","971.000","hPa","0.826","-0.01532","0.000401","-0.00012","0","11.08","Humid","26.60","0","20.10","229624.25","SABD0002000011","AAV2.0.0.13","2.1.0.383","PSt7-10","171027-000","6/27/2018 9:55:33 AM","0000-00","0","no battery","V"
"08/23/2019","13:23:01","1","default","104940808","OXY1","47.010","min","170.837","μmol/L","Humid","21.246","deg","63977","µV","31.306","°C","1021.000","hPa","36.0","pmil","0","55.680","deg","20.000","°C","100.000","%a.s.","22.210","deg","20.000","°C","971.000","hPa","0.826","-0.01532","0.000401","-0.00012","0","11.08","Humid","26.60","0","20.10","229620.69","SABD0002000011","AAV2.0.0.13","2.1.0.383","PSt7-10","171027-000","6/27/2018 9:55:33 AM","0000-00","0","no battery","V"
"08/23/2019","13:23:02","1","default","104940808","OXY1","47.027","min","170.875","μmol/L","Humid","21.244","deg","63977","µV","31.306","°C","1022.000","hPa","36.0","pmil","0","55.680","deg","20.000","°C","100.000","%a.s.","22.210","deg","20.000","°C","971.000","hPa","0.826","-0.01532","0.000401","-0.00012","0","11.08","Humid","26.60","0","20.10","229621.85","SABD0002000011","AAV2.0.0.13","2.1.0.383","PSt7-10","171027-000","6/27/2018 9:55:33 AM","0000-00","0","no battery","V"
"08/23/2019","13:23:03","1","default","104940808","OXY1","47.043","min","170.833","μmol/L","Humid","21.249","deg","63977","µV","31.300","°C","1022.000","hPa","36.0","pmil","0","55.680","deg","20.000","°C","100.000","%a.s.","22.210","deg","20.000","°C","971.000","hPa","0.826","-0.01532","0.000401","-0.00012","0","11.08","Humid","26.60","0","20.10","229624.36","SABD0002000011","AAV2.0.0.13","2.1.0.383","PSt7-10","171027-000","6/27/2018 9:55:33 AM","0000-00","0","no battery","V"
"08/23/2019","13:23:04","1","default","104940808","OXY1","47.060","min","170.829","μmol/L","Humid","21.247","deg","63976","µV","31.306","°C","1022.000","hPa","36.0","pmil","0","55.680","deg","20.000","°C","100.000","%a.s.","22.210","deg","20.000","°C","971.000","hPa","0.826","-0.01532","0.000401","-0.00012","0","11.08","Humid","26.60","0","20.10","229634.74","SABD0002000011","AAV2.0.0.13","2.1.0.383","PSt7-10","171027-000","6/27/2018 9:55:33 AM","0000-00","0","no battery","V"
"08/23/2019","13:23:05","1","default","104940808","OXY1","47.077","min","170.860","μmol/L","Humid","21.245","deg","63977","µV","31.306","°C","1022.000","hPa","36.0","pmil","0","55.680","deg","20.000","°C","100.000","%a.s.","22.210","deg","20.000","°C","971.000","hPa","0.826","-0.01532","0.000401","-0.00012","0","11.08","Humid","26.60","0","20.10","229631.79","SABD0002000011","AAV2.0.0.13","2.1.0.383","PSt7-10","171027-000","6/27/2018 9:55:33 AM","0000-00","0","no battery","V"
"08/23/2019","13:23:06","1","default","104940808","OXY1","47.094","min","170.924","μmol/L","Humid","21.243","deg","63975","µV","31.300","°C","1022.000","hPa","36.0","pmil","0","55.680","deg","20.000","°C","100.000","%a.s.","22.210","deg","20.000","°C","971.000","hPa","0.826","-0.01532","0.000401","-0.00012","0","11.08","Humid","26.60","0","20.10","229625.82","SABD0002000011","AAV2.0.0.13","2.1.0.383","PSt7-10","171027-000","6/27/2018 9:55:33 AM","0000-00","0","no battery","V"
"08/23/2019","13:23:07","1","default","104940808","OXY1","47.110","min","170.796","μmol/L","Humid","21.247","deg","63975","µV","31.312","°C","1022.000","hPa","36.0","pmil","0","55.680","deg","20.000","°C","100.000","%a.s.","22.210","deg","20.000","°C","971.000","hPa","0.826","-0.01532","0.000401","-0.00012","0","11.08","Humid","26.60","0","20.10","229619.30","SABD0002000011","AAV2.0.0.13","2.1.0.383","PSt7-10","171027-000","6/27/2018 9:55:33 AM","0000-00","0","no battery","V"
"08/23/2019","13:23:08","1","default","104940808","OXY1","47.127","min","170.886","μmol/L","Humid","21.245","deg","63972","µV","31.300","°C","1021.000","hPa","36.0","pmil","0","55.680","deg","20.000","°C","100.000","%a.s.","22.210","deg","20.000","°C","971.000","hPa","0.826","-0.01532","0.000401","-0.00012","0","11.08","Humid","26.60","0","20.10","229608.46","SABD0002000011","AAV2.0.0.13","2.1.0.383","PSt7-10","171027-000","6/27/2018 9:55:33 AM","0000-00","0","no battery","V"
"08/23/2019","13:23:09","1","default","104940808","OXY1","47.144","min","170.863","μmol/L","Humid","21.247","deg","63978","µV","31.300","°C","1022.000","hPa","36.0","pmil","0","55.680","deg","20.000","°C","100.000","%a.s.","22.210","deg","20.000","°C","971.000","hPa","0.826","-0.01532","0.000401","-0.00012","0","11.08","Humid","26.60","0","20.10","229632.33","SABD0002000011","AAV2.0.0.13","2.1.0.383","PSt7-10","171027-000","6/27/2018 9:55:33 AM","0000-00","0","no battery","V"
"08/23/2019","13:23:10","1","default","104940808","OXY1","47.161","min","170.848","μmol/L","Humid","21.248","deg","63972","µV","31.300","°C","1022.000","hPa","36.0","pmil","0","55.680","deg","20.000","°C","100.000","%a.s.","22.210","deg","20.000","°C","971.000","hPa","0.826","-0.01532","0.000401","-0.00012","0","11.08","Humid","26.60","0","20.10","229623.55","SABD0002000011","AAV2.0.0.13","2.1.0.383","PSt7-10","171027-000","6/27/2018 9:55:33 AM","0000-00","0","no battery","V"
"08/23/2019","13:23:11","1","default","104940808","OXY1","47.177","min","170.860","μmol/L","Humid","21.245","deg","63967","µV","31.306","°C","1022.000","hPa","36.0","pmil","0","55.680","deg","20.000","°C","100.000","%a.s.","22.210","deg","20.000","°C","971.000","hPa","0.826","-0.01532","0.000401","-0.00012","0","11.08","Humid","26.60","0","20.10","229619.06","SABD0002000011","AAV2.0.0.13","2.1.0.383","PSt7-10","171027-000","6/27/2018 9:55:33 AM","0000-00","0","no battery","V"
"08/23/2019","13:23:12","1","default","104940808","OXY1","47.193","min","170.803","μmol/L","Humid","21.251","deg","63972","µV","31.300","°C","1022.000","hPa","36.0","pmil","0","55.680","deg","20.000","°C","100.000","%a.s.","22.210","deg","20.000","°C","971.000","hPa","0.826","-0.01532","0.000401","-0.00012","0","11.08","Humid","26.60","0","20.10","229622.31","SABD0002000011","AAV2.0.0.13","2.1.0.383","PSt7-10","171027-000","6/27/2018 9:55:33 AM","0000-00","0","no battery","V"
"08/23/2019","13:23:13","1","default","104940808","OXY1","47.210","min","170.833","μmol/L","Humid","21.249","deg","63974","µV","31.300","°C","1022.000","hPa","36.0","pmil","0","55.680","deg","20.000","°C","100.000","%a.s.","22.210","deg","20.000","°C","971.000","hPa","0.826","-0.01532","0.000401","-0.00012","0","11.08","Humid","26.60","0","20.10","229619.76","SABD0002000011","AAV2.0.0.13","2.1.0.383","PSt7-10","171027-000","6/27/2018 9:55:33 AM","0000-00","0","no battery","V"
"08/23/2019","13:23:14","1","default","104940808","OXY1","47.227","min","170.803","μmol/L","Humid","21.246","deg","63973","µV","31.312","°C","1021.000","hPa","36.0","pmil","0","55.680","deg","20.000","°C","100.000","%a.s.","22.210","deg","20.000","°C","971.000","hPa","0.826","-0.01532","0.000401","-0.00012","0","11.08","Humid","26.60","0","20.10","229622.29","SABD0002000011","AAV2.0.0.13","2.1.0.383","PSt7-10","171027-000","6/27/2018 9:55:33 AM","0000-00","0","no battery","V"
"08/23/2019","13:23:15","1","default","104940808","OXY1","47.244","min","170.837","μmol/L","Humid","21.246","deg","63977","µV","31.306","°C","1021.000","hPa","36.0","pmil","0","55.680","deg","20.000","°C","100.000","%a.s.","22.210","deg","20.000","°C","971.000","hPa","0.826","-0.01532","0.000401","-0.00012","0","11.08","Humid","26.60","0","20.10","229618.41","SABD0002000011","AAV2.0.0.13","2.1.0.383","PSt7-10","171027-000","6/27/2018 9:55:33 AM","0000-00","0","no battery","V"
"08/23/2019","13:23:16","1","default","104940808","OXY1","47.260","min","170.781","μmol/L","Humid","21.248","deg","63970","µV","31.312","°C","1022.000","hPa","36.0","pmil","0","55.680","deg","20.000","°C","100.000","%a.s.","22.210","deg","20.000","°C","971.000","hPa","0.826","-0.01532","0.000401","-0.00012","0","11.08","Humid","26.60","0","20.10","229620.36","SABD0002000011","AAV2.0.0.13","2.1.0.383","PSt7-10","171027-000","6/27/2018 9:55:33 AM","0000-00","0","no battery","V"
"08/23/2019","13:23:17","1","default","104940808","OXY1","47.277","min","170.863","μmol/L","Humid","21.247","deg","63966","µV","31.300","°C","1022.000","hPa","36.0","pmil","0","55.680","deg","20.000","°C","100.000","%a.s.","22.210","deg","20.000","°C","971.000","hPa","0.826","-0.01532","0.000401","-0.00012","0","11.08","Humid","26.60","0","20.10","229618.54","SABD0002000011","AAV2.0.0.13","2.1.0.383","PSt7-10","171027-000","6/27/2018 9:55:33 AM","0000-00","0","no battery","V"
"08/23/2019","13:23:18","1","default","104940808","OXY1","47.294","min","170.890","μmol/L","Humid","21.243","deg","63969","µV","31.306","°C","1022.000","hPa","36.0","pmil","0","55.680","deg","20.000","°C","100.000","%a.s.","22.210","deg","20.000","°C","971.000","hPa","0.826","-0.01532","0.000401","-0.00012","0","11.08","Humid","26.60","0","20.10","229623.79","SABD0002000011","AAV2.0.0.13","2.1.0.383","PSt7-10","171027-000","6/27/2018 9:55:33 AM","0000-00","0","no battery","V"
"08/23/2019","13:23:19","1","default","104940808","OXY1","47.311","min","170.946","μmol/L","Humid","21.241","deg","63971","µV","31.300","°C","1021.000","hPa","36.0","pmil","0","55.680","deg","20.000","°C","100.000","%a.s.","22.210","deg","20.000","°C","971.000","hPa","0.826","-0.01532","0.000401","-0.00012","0","11.08","Humid","26.60","0","20.10","229619.22","SABD0002000011","AAV2.0.0.13","2.1.0.383","PSt7-10","171027-000","6/27/2018 9:55:33 AM","0000-00","0","no battery","V"
"08/23/2019","13:23:20","1","default","104940808","OXY1","47.327","min","170.920","μmol/L","Humid","21.241","deg","63968","µV","31.306","°C","1022.000","hPa","36.0","pmil","0","55.680","deg","20.000","°C","100.000","%a.s.","22.210","deg","20.000","°C","971.000","hPa","0.826","-0.01532","0.000401","-0.00012","0","11.08","Humid","26.60","0","20.10","229621.46","SABD0002000011","AAV2.0.0.13","2.1.0.383","PSt7-10","171027-000","6/27/2018 9:55:33 AM","0000-00","0","no battery","V"
"08/23/2019","13:23:21","1","default","104940808","OXY1","47.343","min","170.818","μmol/L","Humid","21.250","deg","63973","µV","31.300","°C","1022.000","hPa","36.0","pmil","0","55.680","deg","20.000","°C","100.000","%a.s.","22.210","deg","20.000","°C","971.000","hPa","0.826","-0.01532","0.000401","-0.00012","0","11.08","Humid","26.60","0","20.10","229628.14","SABD0002000011","AAV2.0.0.13","2.1.0.383","PSt7-10","171027-000","6/27/2018 9:55:33 AM","0000-00","0","no battery","V"
"08/23/2019","13:23:22","1","default","104940808","OXY1","47.360","min","170.882","μmol/L","Humid","21.243","deg","63974","µV","31.306","°C","1021.000","hPa","36.0","pmil","0","55.680","deg","20.000","°C","100.000","%a.s.","22.210","deg","20.000","°C","971.000","hPa","0.826","-0.01532","0.000401","-0.00012","0","11.08","Humid","26.60","0","20.10","229605.57","SABD0002000011","AAV2.0.0.13","2.1.0.383","PSt7-10","171027-000","6/27/2018 9:55:33 AM","0000-00","0","no battery","V"
"08/23/2019","13:23:23","1","default","104940808","OXY1","47.377","min","170.905","μmol/L","Humid","21.242","deg","63970","µV","31.306","°C","1022.000","hPa","36.0","pmil","0","55.680","deg","20.000","°C","100.000","%a.s.","22.210","deg","20.000","°C","971.000","hPa","0.826","-0.01532","0.000401","-0.00012","0","11.08","Humid","26.60","0","20.10","229608.13","SABD0002000011","AAV2.0.0.13","2.1.0.383","PSt7-10","171027-000","6/27/2018 9:55:33 AM","0000-00","0","no battery","V"
"08/23/2019","13:23:24","1","default","104940808","OXY1","47.393","min","170.811","μmol/L","Humid","21.246","deg","63972","µV","31.312","°C","1022.000","hPa","36.0","pmil","0","55.680","deg","20.000","°C","100.000","%a.s.","22.210","deg","20.000","°C","971.000","hPa","0.826","-0.01532","0.000401","-0.00012","0","11.08","Humid","26.60","0","20.10","229610.16","SABD0002000011","AAV2.0.0.13","2.1.0.383","PSt7-10","171027-000","6/27/2018 9:55:33 AM","0000-00","0","no battery","V"
"08/23/2019","13:23:25","1","default","104940808","OXY1","47.410","min","170.829","μmol/L","Humid","21.247","deg","63968","µV","31.306","°C","1022.000","hPa","36.0","pmil","0","55.680","deg","20.000","°C","100.000","%a.s.","22.210","deg","20.000","°C","971.000","hPa","0.826","-0.01532","0.000401","-0.00012","0","11.08","Humid","26.60","0","20.10","229609.73","SABD0002000011","AAV2.0.0.13","2.1.0.383","PSt7-10","171027-000","6/27/2018 9:55:33 AM","0000-00","0","no battery","V"
"08/23/2019","13:23:26","1","default","104940808","OXY1","47.427","min","170.799","μmol/L","Humid","21.249","deg","63977","µV","31.306","°C","1022.000","hPa","36.0","pmil","0","55.680","deg","20.000","°C","100.000","%a.s.","22.210","deg","20.000","°C","971.000","hPa","0.826","-0.01532","0.000401","-0.00012","0","11.08","Humid","26.60","0","20.10","229613.82","SABD0002000011","AAV2.0.0.13","2.1.0.383","PSt7-10","171027-000","6/27/2018 9:55:33 AM","0000-00","0","no battery","V"
"08/23/2019","13:23:27","1","default","104940808","OXY1","47.444","min","170.814","μmol/L","Humid","21.248","deg","63974","µV","31.306","°C","1022.000","hPa","36.0","pmil","0","55.680","deg","20.000","°C","100.000","%a.s.","22.210","deg","20.000","°C","971.000","hPa","0.826","-0.01532","0.000401","-0.00012","0","11.08","Humid","26.60","0","20.10","229616.80","SABD0002000011","AAV2.0.0.13","2.1.0.383","PSt7-10","171027-000","6/27/2018 9:55:33 AM","0000-00","0","no battery","V"
"08/23/2019","13:23:28","1","default","104940808","OXY1","47.461","min","170.811","μmol/L","Humid","21.246","deg","63973","µV","31.312","°C","1022.000","hPa","36.0","pmil","0","55.680","deg","20.000","°C","100.000","%a.s.","22.210","deg","20.000","°C","971.000","hPa","0.826","-0.01532","0.000401","-0.00012","0","11.08","Humid","26.60","0","20.10","229616.89","SABD0002000011","AAV2.0.0.13","2.1.0.383","PSt7-10","171027-000","6/27/2018 9:55:33 AM","0000-00","0","no battery","V"
"08/23/2019","13:23:29","1","default","104940808","OXY1","47.477","min","170.803","μmol/L","Humid","21.251","deg","63973","µV","31.300","°C","1022.000","hPa","36.0","pmil","0","55.680","deg","20.000","°C","100.000","%a.s.","22.210","deg","20.000","°C","971.000","hPa","0.826","-0.01532","0.000401","-0.00012","0","11.08","Humid","26.60","0","20.10","229616.44","SABD0002000011","AAV2.0.0.13","2.1.0.383","PSt7-10","171027-000","6/27/2018 9:55:33 AM","0000-00","0","no battery","V"
"08/23/2019","13:23:30","1","default","104940808","OXY1","47.494","min","170.811","μmol/L","Humid","21.246","deg","63966","µV","31.312","°C","1022.000","hPa","36.0","pmil","0","55.680","deg","20.000","°C","100.000","%a.s.","22.210","deg","20.000","°C","971.000","hPa","0.826","-0.01532","0.000401","-0.00012","0","11.08","Humid","26.60","0","20.10","229622.81","SABD0002000011","AAV2.0.0.13","2.1.0.383","PSt7-10","171027-000","6/27/2018 9:55:33 AM","0000-00","0","no battery","V"
"08/23/2019","13:23:31","1","default","104940808","OXY1","47.510","min","170.769","μmol/L","Humid","21.251","deg","63970","µV","31.306","°C","1022.000","hPa","36.0","pmil","0","55.680","deg","20.000","°C","100.000","%a.s.","22.210","deg","20.000","°C","971.000","hPa","0.826","-0.01532","0.000401","-0.00012","0","11.08","Humid","26.60","0","20.10","229614.65","SABD0002000011","AAV2.0.0.13","2.1.0.383","PSt7-10","171027-000","6/27/2018 9:55:33 AM","0000-00","0","no battery","V"
"08/23/2019","13:23:32","1","default","104940808","OXY1","47.527","min","170.829","μmol/L","Humid","21.247","deg","63967","µV","31.306","°C","1022.000","hPa","36.0","pmil","0","55.680","deg","20.000","°C","100.000","%a.s.","22.210","deg","20.000","°C","971.000","hPa","0.826","-0.01532","0.000401","-0.00012","0","11.08","Humid","26.60","0","20.10","229614.90","SABD0002000011","AAV2.0.0.13","2.1.0.383","PSt7-10","171027-000","6/27/2018 9:55:33 AM","0000-00","0","no battery","V"
"08/23/2019","13:23:33","1","default","104940808","OXY1","47.543","min","170.845","μmol/L","Humid","21.246","deg","63970","µV","31.306","°C","1022.000","hPa","36.0","pmil","0","55.680","deg","20.000","°C","100.000","%a.s.","22.210","deg","20.000","°C","971.000","hPa","0.826","-0.01532","0.000401","-0.00012","0","11.08","Humid","26.60","0","20.10","229608.92","SABD0002000011","AAV2.0.0.13","2.1.0.383","PSt7-10","171027-000","6/27/2018 9:55:33 AM","0000-00","0","no battery","V"
"08/23/2019","13:23:34","1","default","104940808","OXY1","47.560","min","170.856","μmol/L","Humid","21.243","deg","63970","µV","31.312","°C","1022.000","hPa","36.0","pmil","0","55.680","deg","20.000","°C","100.000","%a.s.","22.210","deg","20.000","°C","971.000","hPa","0.826","-0.01532","0.000401","-0.00012","0","11.08","Humid","26.60","0","20.10","229620.32","SABD0002000011","AAV2.0.0.13","2.1.0.383","PSt7-10","171027-000","6/27/2018 9:55:33 AM","0000-00","0","no battery","V"
"08/23/2019","13:23:35","1","default","104940808","OXY1","47.577","min","170.829","μmol/L","Humid","21.247","deg","63970","µV","31.306","°C","1022.000","hPa","36.0","pmil","0","55.680","deg","20.000","°C","100.000","%a.s.","22.210","deg","20.000","°C","971.000","hPa","0.826","-0.01532","0.000401","-0.00012","0","11.08","Humid","26.60","0","20.10","229616.85","SABD0002000011","AAV2.0.0.13","2.1.0.383","PSt7-10","171027-000","6/27/2018 9:55:33 AM","0000-00","0","no battery","V"
"08/23/2019","13:23:36","1","default","104940808","OXY1","47.594","min","170.875","μmol/L","Humid","21.244","deg","63974","µV","31.306","°C","1022.000","hPa","36.0","pmil","0","55.680","deg","20.000","°C","100.000","%a.s.","22.210","deg","20.000","°C","971.000","hPa","0.826","-0.01532","0.000401","-0.00012","0","11.08","Humid","26.60","0","20.10","229604.50","SABD0002000011","AAV2.0.0.13","2.1.0.383","PSt7-10","171027-000","6/27/2018 9:55:33 AM","0000-00","0","no battery","V"
"08/23/2019","13:23:37","1","default","104940808","OXY1","47.611","min","170.890","μmol/L","Humid","21.243","deg","63971","µV","31.306","°C","1022.000","hPa","36.0","pmil","0","55.680","deg","20.000","°C","100.000","%a.s.","22.210","deg","20.000","°C","971.000","hPa","0.826","-0.01532","0.000401","-0.00012","0","11.08","Humid","26.60","0","20.10","229625.58","SABD0002000011","AAV2.0.0.13","2.1.0.383","PSt7-10","171027-000","6/27/2018 9:55:33 AM","0000-00","0","no battery","V"
"08/23/2019","13:23:38","1","default","104940808","OXY1","47.627","min","170.833","μmol/L","Humid","21.249","deg","63963","µV","31.300","°C","1022.000","hPa","36.0","pmil","0","55.680","deg","20.000","°C","100.000","%a.s.","22.210","deg","20.000","°C","971.000","hPa","0.826","-0.01532","0.000401","-0.00012","0","11.08","Humid","26.60","0","20.10","229607.75","SABD0002000011","AAV2.0.0.13","2.1.0.383","PSt7-10","171027-000","6/27/2018 9:55:33 AM","0000-00","0","no battery","V"
"08/23/2019","13:23:39","1","default","104940808","OXY1","47.643","min","170.924","μmol/L","Humid","21.243","deg","63968","µV","31.300","°C","1022.000","hPa","36.0","pmil","0","55.680","deg","20.000","°C","100.000","%a.s.","22.210","deg","20.000","°C","971.000","hPa","0.826","-0.01532","0.000401","-0.00012","0","11.08","Humid","26.60","0","20.10","229607.52","SABD0002000011","AAV2.0.0.13","2.1.0.383","PSt7-10","171027-000","6/27/2018 9:55:33 AM","0000-00","0","no battery","V"
"08/23/2019","13:23:40","1","default","104940808","OXY1","47.660","min","170.845","μmol/L","Humid","21.246","deg","63966","µV","31.306","°C","1022.000","hPa","36.0","pmil","0","55.680","deg","20.000","°C","100.000","%a.s.","22.210","deg","20.000","°C","971.000","hPa","0.826","-0.01532","0.000401","-0.00012","0","11.08","Humid","26.60","0","20.10","229609.16","SABD0002000011","AAV2.0.0.13","2.1.0.383","PSt7-10","171027-000","6/27/2018 9:55:33 AM","0000-00","0","no battery","V"
"08/23/2019","13:23:41","1","default","104940808","OXY1","47.677","min","170.769","μmol/L","Humid","21.251","deg","63960","µV","31.306","°C","1022.000","hPa","36.0","pmil","0","55.680","deg","20.000","°C","100.000","%a.s.","22.210","deg","20.000","°C","971.000","hPa","0.826","-0.01532","0.000401","-0.00012","0","11.08","Humid","26.60","0","20.10","229620.49","SABD0002000011","AAV2.0.0.13","2.1.0.383","PSt7-10","171027-000","6/27/2018 9:55:33 AM","0000-00","0","no battery","V"
"08/23/2019","13:23:42","1","default","104940808","OXY1","47.693","min","170.893","μmol/L","Humid","21.245","deg","63962","µV","31.300","°C","1022.000","hPa","36.0","pmil","0","55.680","deg","20.000","°C","100.000","%a.s.","22.210","deg","20.000","°C","971.000","hPa","0.826","-0.01532","0.000401","-0.00012","0","11.08","Humid","26.60","0","20.10","229607.21","SABD0002000011","AAV2.0.0.13","2.1.0.383","PSt7-10","171027-000","6/27/2018 9:55:33 AM","0000-00","0","no battery","V"
"08/23/2019","13:23:43","1","default","104940808","OXY1","47.710","min","170.845","μmol/L","Humid","21.246","deg","63962","µV","31.306","°C","1022.000","hPa","36.0","pmil","0","55.680","deg","20.000","°C","100.000","%a.s.","22.210","deg","20.000","°C","971.000","hPa","0.826","-0.01532","0.000401","-0.00012","0","11.08","Humid","26.60","0","20.10","229619.50","SABD0002000011","AAV2.0.0.13","2.1.0.383","PSt7-10","171027-000","6/27/2018 9:55:33 AM","0000-00","0","no battery","V"
"08/23/2019","13:23:44","1","default","104940808","OXY1","47.727","min","170.860","μmol/L","Humid","21.245","deg","63961","µV","31.306","°C","1022.000","hPa","36.0","pmil","0","55.680","deg","20.000","°C","100.000","%a.s.","22.210","deg","20.000","°C","971.000","hPa","0.826","-0.01532","0.000401","-0.00012","0","11.08","Humid","26.60","0","20.10","229616.52","SABD0002000011","AAV2.0.0.13","2.1.0.383","PSt7-10","171027-000","6/27/2018 9:55:33 AM","0000-00","0","no battery","V"
"08/23/2019","13:23:45","1","default","104940808","OXY1","47.744","min","170.823","μmol/L","Humid","21.243","deg","63962","µV","31.318","°C","1022.000","hPa","36.0","pmil","0","55.680","deg","20.000","°C","100.000","%a.s.","22.210","deg","20.000","°C","971.000","hPa","0.826","-0.01532","0.000401","-0.00012","0","11.08","Humid","26.60","0","20.10","229604.14","SABD0002000011","AAV2.0.0.13","2.1.0.383","PSt7-10","171027-000","6/27/2018 9:55:33 AM","0000-00","0","no battery","V"
"08/23/2019","13:23:46","1","default","104940808","OXY1","47.761","min","170.860","μmol/L","Humid","21.245","deg","63956","µV","31.306","°C","1022.000","hPa","36.0","pmil","0","55.680","deg","20.000","°C","100.000","%a.s.","22.210","deg","20.000","°C","971.000","hPa","0.826","-0.01532","0.000401","-0.00012","0","11.08","Humid","26.60","0","20.10","229602.98","SABD0002000011","AAV2.0.0.13","2.1.0.383","PSt7-10","171027-000","6/27/2018 9:55:33 AM","0000-00","0","no battery","V"
"08/23/2019","13:23:47","1","default","104940808","OXY1","47.777","min","170.887","μmol/L","Humid","21.241","deg","63954","µV","31.312","°C","1022.000","hPa","36.0","pmil","0","55.680","deg","20.000","°C","100.000","%a.s.","22.210","deg","20.000","°C","971.000","hPa","0.826","-0.01532","0.000401","-0.00012","0","11.08","Humid","26.60","0","20.10","229602.93","SABD0002000011","AAV2.0.0.13","2.1.0.383","PSt7-10","171027-000","6/27/2018 9:55:33 AM","0000-00","0","no battery","V"
"08/23/2019","13:23:48","1","default","104940808","OXY1","47.793","min","170.875","μmol/L","Humid","21.244","deg","63958","µV","31.306","°C","1022.000","hPa","36.0","pmil","0","55.680","deg","20.000","°C","100.000","%a.s.","22.210","deg","20.000","°C","971.000","hPa","0.826","-0.01532","0.000401","-0.00012","0","11.08","Humid","26.60","0","20.10","229605.33","SABD0002000011","AAV2.0.0.13","2.1.0.383","PSt7-10","171027-000","6/27/2018 9:55:33 AM","0000-00","0","no battery","V"
"08/23/2019","13:23:49","1","default","104940808","OXY1","47.810","min","170.890","μmol/L","Humid","21.243","deg","63962","µV","31.306","°C","1022.000","hPa","36.0","pmil","0","55.680","deg","20.000","°C","100.000","%a.s.","22.210","deg","20.000","°C","971.000","hPa","0.826","-0.01532","0.000401","-0.00012","0","11.08","Humid","26.60","0","20.10","229609.91","SABD0002000011","AAV2.0.0.13","2.1.0.383","PSt7-10","171027-000","6/27/2018 9:55:33 AM","0000-00","0","no battery","V"
"08/23/2019","13:23:50","1","default","104940808","OXY1","47.827","min","170.860","μmol/L","Humid","21.245","deg","63957","µV","31.306","°C","1022.000","hPa","36.0","pmil","0","55.680","deg","20.000","°C","100.000","%a.s.","22.210","deg","20.000","°C","971.000","hPa","0.826","-0.01532","0.000401","-0.00012","0","11.08","Humid","26.60","0","20.10","229606.82","SABD0002000011","AAV2.0.0.13","2.1.0.383","PSt7-10","171027-000","6/27/2018 9:55:33 AM","0000-00","0","no battery","V"
"08/23/2019","13:23:51","1","default","104940808","OXY1","47.843","min","170.829","μmol/L","Humid","21.247","deg","63955","µV","31.306","°C","1022.000","hPa","36.0","pmil","0","55.680","deg","20.000","°C","100.000","%a.s.","22.210","deg","20.000","°C","971.000","hPa","0.826","-0.01532","0.000401","-0.00012","0","11.08","Humid","26.60","0","20.10","229590.77","SABD0002000011","AAV2.0.0.13","2.1.0.383","PSt7-10","171027-000","6/27/2018 9:55:33 AM","0000-00","0","no battery","V"
"08/23/2019","13:23:52","1","default","104940808","OXY1","47.860","min","170.860","μmol/L","Humid","21.245","deg","63960","µV","31.306","°C","1022.000","hPa","36.0","pmil","0","55.680","deg","20.000","°C","100.000","%a.s.","22.210","deg","20.000","°C","971.000","hPa","0.826","-0.01532","0.000401","-0.00012","0","11.08","Humid","26.60","0","20.10","229611.48","SABD0002000011","AAV2.0.0.13","2.1.0.383","PSt7-10","171027-000","6/27/2018 9:55:33 AM","0000-00","0","no battery","V"
"08/23/2019","13:23:53","1","default","104940808","OXY1","47.877","min","170.875","μmol/L","Humid","21.244","deg","63962","µV","31.306","°C","1022.000","hPa","36.0","pmil","0","55.680","deg","20.000","°C","100.000","%a.s.","22.210","deg","20.000","°C","971.000","hPa","0.826","-0.01532","0.000401","-0.00012","0","11.08","Humid","26.60","0","20.10","229609.86","SABD0002000011","AAV2.0.0.13","2.1.0.383","PSt7-10","171027-000","6/27/2018 9:55:33 AM","0000-00","0","no battery","V"
"08/23/2019","13:23:54","1","default","104940808","OXY1","47.894","min","170.829","μmol/L","Humid","21.247","deg","63967","µV","31.306","°C","1022.000","hPa","36.0","pmil","0","55.680","deg","20.000","°C","100.000","%a.s.","22.210","deg","20.000","°C","971.000","hPa","0.826","-0.01532","0.000401","-0.00012","0","11.08","Humid","26.60","0","20.10","229603.28","SABD0002000011","AAV2.0.0.13","2.1.0.383","PSt7-10","171027-000","6/27/2018 9:55:33 AM","0000-00","0","no battery","V"
"08/23/2019","13:23:55","1","default","104940808","OXY1","47.910","min","170.784","μmol/L","Humid","21.250","deg","63958","µV","31.306","°C","1022.000","hPa","36.0","pmil","0","55.680","deg","20.000","°C","100.000","%a.s.","22.210","deg","20.000","°C","971.000","hPa","0.826","-0.01532","0.000401","-0.00012","0","11.08","Humid","26.60","0","20.10","229595.42","SABD0002000011","AAV2.0.0.13","2.1.0.383","PSt7-10","171027-000","6/27/2018 9:55:33 AM","0000-00","0","no battery","V"
"08/23/2019","13:23:56","1","default","104940808","OXY1","47.927","min","170.845","μmol/L","Humid","21.246","deg","63962","µV","31.306","°C","1022.000","hPa","36.0","pmil","0","55.680","deg","20.000","°C","100.000","%a.s.","22.210","deg","20.000","°C","971.000","hPa","0.826","-0.01532","0.000401","-0.00012","0","11.08","Humid","26.60","0","20.10","229600.51","SABD0002000011","AAV2.0.0.13","2.1.0.383","PSt7-10","171027-000","6/27/2018 9:55:33 AM","0000-00","0","no battery","V"
"08/23/2019","13:23:57","1","default","104940808","OXY1","47.944","min","170.822","μmol/L","Humid","21.247","deg","63962","µV","31.306","°C","1021.000","hPa","36.0","pmil","0","55.680","deg","20.000","°C","100.000","%a.s.","22.210","deg","20.000","°C","971.000","hPa","0.826","-0.01532","0.000401","-0.00012","0","11.08","Humid","26.60","0","20.10","229603.14","SABD0002000011","AAV2.0.0.13","2.1.0.383","PSt7-10","171027-000","6/27/2018 9:55:33 AM","0000-00","0","no battery","V"
"08/23/2019","13:23:58","1","default","104940808","OXY1","47.961","min","170.867","μmol/L","Humid","21.244","deg","63960","µV","31.306","°C","1021.000","hPa","36.0","pmil","0","55.680","deg","20.000","°C","100.000","%a.s.","22.210","deg","20.000","°C","971.000","hPa","0.826","-0.01532","0.000401","-0.00012","0","11.08","Humid","26.60","0","20.10","229609.49","SABD0002000011","AAV2.0.0.13","2.1.0.383","PSt7-10","171027-000","6/27/2018 9:55:33 AM","0000-00","0","no battery","V"
"08/23/2019","13:23:59","1","default","104940808","OXY1","47.977","min","170.826","μmol/L","Humid","21.245","deg","63960","µV","31.312","°C","1022.000","hPa","36.0","pmil","0","55.680","deg","20.000","°C","100.000","%a.s.","22.210","deg","20.000","°C","971.000","hPa","0.826","-0.01532","0.000401","-0.00012","0","11.08","Humid","26.60","0","20.10","229611.93","SABD0002000011","AAV2.0.0.13","2.1.0.383","PSt7-10","171027-000","6/27/2018 9:55:33 AM","0000-00","0","no battery","V"
"08/23/2019","13:24:00","1","default","104940808","OXY1","47.993","min","170.814","μmol/L","Humid","21.248","deg","63957","µV","31.306","°C","1022.000","hPa","36.0","pmil","0","55.680","deg","20.000","°C","100.000","%a.s.","22.210","deg","20.000","°C","971.000","hPa","0.826","-0.01532","0.000401","-0.00012","0","11.08","Humid","26.60","0","20.10","229600.49","SABD0002000011","AAV2.0.0.13","2.1.0.383","PSt7-10","171027-000","6/27/2018 9:55:33 AM","0000-00","0","no battery","V"
"08/23/2019","13:24:01","1","default","104940808","OXY1","48.010","min","170.781","μmol/L","Humid","21.248","deg","63964","µV","31.312","°C","1022.000","hPa","36.0","pmil","0","55.680","deg","20.000","°C","100.000","%a.s.","22.210","deg","20.000","°C","971.000","hPa","0.826","-0.01532","0.000401","-0.00012","0","11.08","Humid","26.60","0","20.10","229607.10","SABD0002000011","AAV2.0.0.13","2.1.0.383","PSt7-10","171027-000","6/27/2018 9:55:33 AM","0000-00","0","no battery","V"
"08/23/2019","13:24:02","1","default","104940808","OXY1","48.027","min","170.905","μmol/L","Humid","21.242","deg","63957","µV","31.306","°C","1022.000","hPa","36.0","pmil","0","55.680","deg","20.000","°C","100.000","%a.s.","22.210","deg","20.000","°C","971.000","hPa","0.826","-0.01532","0.000401","-0.00012","0","11.08","Humid","26.60","0","20.10","229596.20","SABD0002000011","AAV2.0.0.13","2.1.0.383","PSt7-10","171027-000","6/27/2018 9:55:33 AM","0000-00","0","no battery","V"
"08/23/2019","13:24:03","1","default","104940808","OXY1","48.044","min","170.796","μmol/L","Humid","21.247","deg","63960","µV","31.312","°C","1022.000","hPa","36.0","pmil","0","55.680","deg","20.000","°C","100.000","%a.s.","22.210","deg","20.000","°C","971.000","hPa","0.826","-0.01532","0.000401","-0.00012","0","11.08","Humid","26.60","0","20.10","229593.00","SABD0002000011","AAV2.0.0.13","2.1.0.383","PSt7-10","171027-000","6/27/2018 9:55:33 AM","0000-00","0","no battery","V"
"08/23/2019","13:24:04","1","default","104940808","OXY1","48.061","min","170.781","μmol/L","Humid","21.248","deg","63955","µV","31.312","°C","1022.000","hPa","36.0","pmil","0","55.680","deg","20.000","°C","100.000","%a.s.","22.210","deg","20.000","°C","971.000","hPa","0.826","-0.01532","0.000401","-0.00012","0","11.08","Humid","26.60","0","20.10","229600.54","SABD0002000011","AAV2.0.0.13","2.1.0.383","PSt7-10","171027-000","6/27/2018 9:55:33 AM","0000-00","0","no battery","V"
"08/23/2019","13:24:05","1","default","104940808","OXY1","48.077","min","170.788","μmol/L","Humid","21.247","deg","63958","µV","31.312","°C","1021.000","hPa","36.0","pmil","0","55.680","deg","20.000","°C","100.000","%a.s.","22.210","deg","20.000","°C","971.000","hPa","0.826","-0.01532","0.000401","-0.00012","0","11.08","Humid","26.60","0","20.10","229605.27","SABD0002000011","AAV2.0.0.13","2.1.0.383","PSt7-10","171027-000","6/27/2018 9:55:33 AM","0000-00","0","no battery","V"
"08/23/2019","13:24:06","1","default","104940808","OXY1","48.094","min","170.766","μmol/L","Humid","21.249","deg","63967","µV","31.312","°C","1022.000","hPa","36.0","pmil","0","55.680","deg","20.000","°C","100.000","%a.s.","22.210","deg","20.000","°C","971.000","hPa","0.826","-0.01532","0.000401","-0.00012","0","11.08","Humid","26.60","0","20.10","229617.05","SABD0002000011","AAV2.0.0.13","2.1.0.383","PSt7-10","171027-000","6/27/2018 9:55:33 AM","0000-00","0","no battery","V"
"08/23/2019","13:24:07","1","default","104940808","OXY1","48.111","min","170.762","μmol/L","Humid","21.247","deg","63965","µV","31.318","°C","1022.000","hPa","36.0","pmil","0","55.680","deg","20.000","°C","100.000","%a.s.","22.210","deg","20.000","°C","971.000","hPa","0.826","-0.01532","0.000401","-0.00012","0","11.08","Humid","26.60","0","20.10","229605.63","SABD0002000011","AAV2.0.0.13","2.1.0.383","PSt7-10","171027-000","6/27/2018 9:55:33 AM","0000-00","0","no battery","V"
"08/23/2019","13:24:08","1","default","104940808","OXY1","48.127","min","170.806","μmol/L","Humid","21.248","deg","63969","µV","31.306","°C","1021.000","hPa","36.0","pmil","0","55.680","deg","20.000","°C","100.000","%a.s.","22.210","deg","20.000","°C","971.000","hPa","0.826","-0.01532","0.000401","-0.00012","0","11.08","Humid","26.60","0","20.10","229603.49","SABD0002000011","AAV2.0.0.13","2.1.0.383","PSt7-10","171027-000","6/27/2018 9:55:33 AM","0000-00","0","no battery","V"
"08/23/2019","13:24:09","1","default","104940808","OXY1","48.143","min","170.826","μmol/L","Humid","21.245","deg","63955","µV","31.312","°C","1022.000","hPa","36.0","pmil","0","55.680","deg","20.000","°C","100.000","%a.s.","22.210","deg","20.000","°C","971.000","hPa","0.826","-0.01532","0.000401","-0.00012","0","11.08","Humid","26.60","0","20.10","229590.11","SABD0002000011","AAV2.0.0.13","2.1.0.383","PSt7-10","171027-000","6/27/2018 9:55:33 AM","0000-00","0","no battery","V"
"08/23/2019","13:24:10","1","default","104940808","OXY1","48.160","min","170.826","μmol/L","Humid","21.245","deg","63961","µV","31.312","°C","1022.000","hPa","36.0","pmil","0","55.680","deg","20.000","°C","100.000","%a.s.","22.210","deg","20.000","°C","971.000","hPa","0.826","-0.01532","0.000401","-0.00012","0","11.08","Humid","26.60","0","20.10","229587.09","SABD0002000011","AAV2.0.0.13","2.1.0.383","PSt7-10","171027-000","6/27/2018 9:55:33 AM","0000-00","0","no battery","V"
"08/23/2019","13:24:11","1","default","104940808","OXY1","48.177","min","170.811","μmol/L","Humid","21.246","deg","63966","µV","31.312","°C","1022.000","hPa","36.0","pmil","0","55.680","deg","20.000","°C","100.000","%a.s.","22.210","deg","20.000","°C","971.000","hPa","0.826","-0.01532","0.000401","-0.00012","0","11.08","Humid","26.60","0","20.10","229607.84","SABD0002000011","AAV2.0.0.13","2.1.0.383","PSt7-10","171027-000","6/27/2018 9:55:33 AM","0000-00","0","no battery","V"
"08/23/2019","13:24:12","1","default","104940808","OXY1","48.193","min","170.705","μmol/L","Humid","21.253","deg","63963","µV","31.312","°C","1022.000","hPa","36.0","pmil","0","55.680","deg","20.000","°C","100.000","%a.s.","22.210","deg","20.000","°C","971.000","hPa","0.826","-0.01532","0.000401","-0.00012","0","11.08","Humid","26.60","0","20.10","229599.00","SABD0002000011","AAV2.0.0.13","2.1.0.383","PSt7-10","171027-000","6/27/2018 9:55:33 AM","0000-00","0","no battery","V"
"08/23/2019","13:24:13","1","default","104940808","OXY1","48.210","min","170.826","μmol/L","Humid","21.245","deg","63961","µV","31.312","°C","1022.000","hPa","36.0","pmil","0","55.680","deg","20.000","°C","100.000","%a.s.","22.210","deg","20.000","°C","971.000","hPa","0.826","-0.01532","0.000401","-0.00012","0","11.08","Humid","26.60","0","20.10","229607.61","SABD0002000011","AAV2.0.0.13","2.1.0.383","PSt7-10","171027-000","6/27/2018 9:55:33 AM","0000-00","0","no battery","V"
"08/23/2019","13:24:14","1","default","104940808","OXY1","48.227","min","170.879","μmol/L","Humid","21.241","deg","63964","µV","31.312","°C","1021.000","hPa","36.0","pmil","0","55.680","deg","20.000","°C","100.000","%a.s.","22.210","deg","20.000","°C","971.000","hPa","0.826","-0.01532","0.000401","-0.00012","0","11.08","Humid","26.60","0","20.10","229605.35","SABD0002000011","AAV2.0.0.13","2.1.0.383","PSt7-10","171027-000","6/27/2018 9:55:33 AM","0000-00","0","no battery","V"
"08/23/2019","13:24:15","1","default","104940808","OXY1","48.244","min","170.705","μmol/L","Humid","21.253","deg","63963","µV","31.312","°C","1022.000","hPa","36.0","pmil","0","55.680","deg","20.000","°C","100.000","%a.s.","22.210","deg","20.000","°C","971.000","hPa","0.826","-0.01532","0.000401","-0.00012","0","11.08","Humid","26.60","0","20.10","229598.62","SABD0002000011","AAV2.0.0.13","2.1.0.383","PSt7-10","171027-000","6/27/2018 9:55:33 AM","0000-00","0","no battery","V"
"08/23/2019","13:24:16","1","default","104940808","OXY1","48.260","min","170.814","μmol/L","Humid","21.248","deg","63965","µV","31.306","°C","1022.000","hPa","36.0","pmil","0","55.680","deg","20.000","°C","100.000","%a.s.","22.210","deg","20.000","°C","971.000","hPa","0.826","-0.01532","0.000401","-0.00012","0","11.08","Humid","26.60","0","20.10","229603.69","SABD0002000011","AAV2.0.0.13","2.1.0.383","PSt7-10","171027-000","6/27/2018 9:55:33 AM","0000-00","0","no battery","V"
"08/23/2019","13:24:17","1","default","104940808","OXY1","48.277","min","170.690","μmol/L","Humid","21.254","deg","63968","µV","31.312","°C","1022.000","hPa","36.0","pmil","0","55.680","deg","20.000","°C","100.000","%a.s.","22.210","deg","20.000","°C","971.000","hPa","0.826","-0.01532","0.000401","-0.00012","0","11.08","Humid","26.60","0","20.10","229609.19","SABD0002000011","AAV2.0.0.13","2.1.0.383","PSt7-10","171027-000","6/27/2018 9:55:33 AM","0000-00","0","no battery","V"
"08/23/2019","13:24:18","1","default","104940808","OXY1","48.294","min","170.735","μmol/L","Humid","21.251","deg","63966","µV","31.312","°C","1022.000","hPa","36.0","pmil","0","55.680","deg","20.000","°C","100.000","%a.s.","22.210","deg","20.000","°C","971.000","hPa","0.826","-0.01532","0.000401","-0.00012","0","11.08","Humid","26.60","0","20.10","229606.11","SABD0002000011","AAV2.0.0.13","2.1.0.383","PSt7-10","171027-000","6/27/2018 9:55:33 AM","0000-00","0","no battery","V"
"08/23/2019","13:24:19","1","default","104940808","OXY1","48.310","min","170.781","μmol/L","Humid","21.248","deg","63967","µV","31.312","°C","1022.000","hPa","36.0","pmil","0","55.680","deg","20.000","°C","100.000","%a.s.","22.210","deg","20.000","°C","971.000","hPa","0.826","-0.01532","0.000401","-0.00012","0","11.08","Humid","26.60","0","20.10","229587.39","SABD0002000011","AAV2.0.0.13","2.1.0.383","PSt7-10","171027-000","6/27/2018 9:55:33 AM","0000-00","0","no battery","V"
"08/23/2019","13:24:20","1","default","104940808","OXY1","48.327","min","170.735","μmol/L","Humid","21.251","deg","63967","µV","31.312","°C","1022.000","hPa","36.0","pmil","0","55.680","deg","20.000","°C","100.000","%a.s.","22.210","deg","20.000","°C","971.000","hPa","0.826","-0.01532","0.000401","-0.00012","0","11.08","Humid","26.60","0","20.10","229604.28","SABD0002000011","AAV2.0.0.13","2.1.0.383","PSt7-10","171027-000","6/27/2018 9:55:33 AM","0000-00","0","no battery","V"
"08/23/2019","13:24:21","1","default","104940808","OXY1","48.344","min","170.784","μmol/L","Humid","21.250","deg","63964","µV","31.306","°C","1022.000","hPa","36.0","pmil","0","55.680","deg","20.000","°C","100.000","%a.s.","22.210","deg","20.000","°C","971.000","hPa","0.826","-0.01532","0.000401","-0.00012","0","11.08","Humid","26.60","0","20.10","229591.43","SABD0002000011","AAV2.0.0.13","2.1.0.383","PSt7-10","171027-000","6/27/2018 9:55:33 AM","0000-00","0","no battery","V"
"08/23/2019","13:24:22","1","default","104940808","OXY1","48.361","min","170.829","μmol/L","Humid","21.247","deg","63973","µV","31.306","°C","1022.000","hPa","36.0","pmil","0","55.680","deg","20.000","°C","100.000","%a.s.","22.210","deg","20.000","°C","971.000","hPa","0.826","-0.01532","0.000401","-0.00012","0","11.08","Humid","26.60","0","20.10","229593.41","SABD0002000011","AAV2.0.0.13","2.1.0.383","PSt7-10","171027-000","6/27/2018 9:55:33 AM","0000-00","0","no battery","V"
"08/23/2019","13:24:23","1","default","104940808","OXY1","48.377","min","170.675","μmol/L","Humid","21.255","deg","63969","µV","31.312","°C","1022.000","hPa","36.0","pmil","0","55.680","deg","20.000","°C","100.000","%a.s.","22.210","deg","20.000","°C","971.000","hPa","0.826","-0.01532","0.000401","-0.00012","0","11.08","Humid","26.60","0","20.10","229593.08","SABD0002000011","AAV2.0.0.13","2.1.0.383","PSt7-10","171027-000","6/27/2018 9:55:33 AM","0000-00","0","no battery","V"
"08/23/2019","13:24:24","1","default","104940808","OXY1","48.394","min","170.743","μmol/L","Humid","21.250","deg","63966","µV","31.312","°C","1021.000","hPa","36.0","pmil","0","55.680","deg","20.000","°C","100.000","%a.s.","22.210","deg","20.000","°C","971.000","hPa","0.826","-0.01532","0.000401","-0.00012","0","11.08","Humid","26.60","0","20.10","229600.49","SABD0002000011","AAV2.0.0.13","2.1.0.383","PSt7-10","171027-000","6/27/2018 9:55:33 AM","0000-00","0","no battery","V"
"08/23/2019","13:24:25","1","default","104940808","OXY1","48.410","min","170.750","μmol/L","Humid","21.250","deg","63967","µV","31.312","°C","1022.000","hPa","36.0","pmil","0","55.680","deg","20.000","°C","100.000","%a.s.","22.210","deg","20.000","°C","971.000","hPa","0.826","-0.01532","0.000401","-0.00012","0","11.08","Humid","26.60","0","20.10","229590.80","SABD0002000011","AAV2.0.0.13","2.1.0.383","PSt7-10","171027-000","6/27/2018 9:55:33 AM","0000-00","0","no battery","V"
"08/23/2019","13:24:26","1","default","104940808","OXY1","48.427","min","170.708","μmol/L","Humid","21.255","deg","63968","µV","31.306","°C","1022.000","hPa","36.0","pmil","0","55.680","deg","20.000","°C","100.000","%a.s.","22.210","deg","20.000","°C","971.000","hPa","0.826","-0.01532","0.000401","-0.00012","0","11.08","Humid","26.60","0","20.10","229595.13","SABD0002000011","AAV2.0.0.13","2.1.0.383","PSt7-10","171027-000","6/27/2018 9:55:33 AM","0000-00","0","no battery","V"
"08/23/2019","13:24:27","1","default","104940808","OXY1","48.443","min","170.704","μmol/L","Humid","21.257","deg","63969","µV","31.300","°C","1021.000","hPa","36.0","pmil","0","55.680","deg","20.000","°C","100.000","%a.s.","22.210","deg","20.000","°C","971.000","hPa","0.826","-0.01532","0.000401","-0.00012","0","11.08","Humid","26.60","0","20.10","229579.37","SABD0002000011","AAV2.0.0.13","2.1.0.383","PSt7-10","171027-000","6/27/2018 9:55:33 AM","0000-00","0","no battery","V"
"08/23/2019","13:24:28","1","default","104940808","OXY1","48.460","min","170.739","μmol/L","Humid","21.253","deg","63975","µV","31.306","°C","1022.000","hPa","36.0","pmil","0","55.680","deg","20.000","°C","100.000","%a.s.","22.210","deg","20.000","°C","971.000","hPa","0.826","-0.01532","0.000401","-0.00012","0","11.08","Humid","26.60","0","20.10","229593.12","SABD0002000011","AAV2.0.0.13","2.1.0.383","PSt7-10","171027-000","6/27/2018 9:55:33 AM","0000-00","0","no battery","V"

"Date","Time","delta_t","Device_Serial","Channel","User","Annotation"
